0 37.304999999999914
1 8.000000000000062
2 37.11499999999993
3 40.77000000000007
4 22.035000000000096
5 47.44999999999948
6 10.199999999999791
7 26.180000000000053
8 20.694999999999975
9 26.44500000000002
10 27.174999999999592
11 26.72499999999998
12 17.605
13 17.269999999999534
14 37.200000000000024
15 26.78499999999967
16 23.27000000000006
17 26.829999999999686
18 26.269999999999726
19 37.884999999999536
20 22.289999999999704
21 22.639999999999926
22 26.470000000000102
23 39.104999999999905
24 7.454999999999972
25 22.40000000000004
26 54.44999999999839
27 29.39500000000024
28 16.225000000000072
29 24.960000000000207
30 44.55499999999968
31 36.28499999999936
32 17.80000000000003
33 32.40500000000017
34 6.729999999999804
35 46.88999999999991
36 46.629999999999214
37 12.4799999999997
38 32.05499999999999
39 17.16499999999991
40 36.289999999999324
41 7.93500000000006
42 -1.9399999999999153
43 31.454999999999117
44 15.535000000000045
45 37.15999999999991
46 7.874999999999705
47 1.240000000000178
48 0.6750000000001685
49 11.369999999999791
50 27.33499999999987
51 22.349999999999973
52 27.305000000000142
53 26.78000000000001
54 17.945000000000135
55 41.0249999999988
56 34.37999999999936
57 22.539999999999942
58 17.720000000000116
59 12.295000000000016
60 12.974999999999742
61 32.279999999999504
62 -1.804999999999916
63 2.6650000000001564
64 7.244999999999914
65 17.705000000000137
66 13.014999999999608
67 22.789999999999996
68 30.394999999999815
69 15.825000000000049
70 12.73499999999973
71 6.964999999999783
72 16.774999999999995
73 27.28500000000014
74 27.350000000000033
75 17.405000000000275
76 17.15500000000013
77 16.48000000000032
78 13.479999999999745
79 12.534999999999659
80 13.309999999999773
81 17.889999999999638
82 52.334999999999454
83 8.04999999999956
84 22.12000000000013
85 6.934999999999966
86 26.594999999999974
87 7.845000000000044
88 16.48000000000002
89 12.66999999999993
90 17.209999999999937
91 16.519999999999893
92 18.19500000000039
93 11.209999999999514
94 35.92999999999999
95 61.29499999999878
96 7.3849999999999305
97 32.02499999999994
98 21.38500000000032
99 17.185000000000123
100 3.095000000000086
101 10.119999999999337
102 29.749999999999904
103 32.76999999999984
104 37.10499999999962
105 24.850000000000193
106 6.660000000000178
107 16.255000000000074
108 62.30499999999883
109 22.014999999999986
110 40.69999999999965
111 23.07500000000013
112 13.319999999999885
113 27.20000000000026
114 50.559999999998944
115 2.5200000000000307
116 21.750000000000355
117 22.674999999999862
118 17.264999999999834
119 31.229999999999997
120 8.104999999999995
121 7.734999999999987
122 13.02999999999942
123 13.399999999999533
124 22.560000000000265
125 13.05499999999975
126 8.06499999999993
127 1.9150000000001068
128 26.91000000000008
129 41.98999999999974
130 17.875000000000135
131 20.400000000000077
132 27.210000000000157
133 1.9200000000001092
134 26.1850000000002
135 3.4000000000001407
136 46.839999999999385
137 16.654999999999923
138 21.189999999999646
139 22.255000000000415
140 17.489999999999814
141 3.0449999999999378
142 7.0599999999999845
143 6.995000000000018
144 18.27500000000029
145 16.719999999999715
146 31.759999999999796
147 8.120000000000092
148 12.15499999999997
149 22.744999999999948
150 31.03999999999992
151 13.504999999999482
152 13.244999999999422
153 18.030000000000058
154 2.1000000000001684
155 11.68999999999966
156 5.97500000000017
157 17.12499999999994
158 -1.4049999999999188
159 16.975000000000204
160 3.5749999999999407
161 22.189999999999536
162 7.579999999999876
163 12.574999999999502
164 37.479999999999535
165 22.505000000000216
166 32.029999999999234
167 0.7450000000001842
168 3.199999999999977
169 -1.5799999999999184
170 10.95499999999964
171 12.2099999999996
172 37.80999999999881
173 16.865000000000077
174 7.1849999999994605
175 17.315000000000374
176 16.974999999999593
177 30.959999999999567
178 11.95999999999962
179 16.250000000000075
180 22.15499999999983
181 21.255000000000166
182 16.034999999999616
183 42.06999999999951
184 42.32499999999958
185 7.354999999999555
186 21.29000000000023
187 13.379999999999958
188 13.484999999999918
189 42.0949999999989
190 3.4150000000001377
191 12.579999999999622
192 6.8549999999999205
193 13.399999999999693
194 22.399999999999846
195 47.4899999999992
196 6.74000000000017
197 -3.2049999999998864
198 12.114999999999643
199 38.079999999998506
200 40.754999999999626
201 36.489999999999576
202 2.3650000000001405
203 22.770000000000127
204 17.24500000000005
205 27.32999999999989
206 -1.7549999999999133
207 16.415000000000088
208 18.04500000000005
209 27.765000000000224
210 7.574999999999486
211 26.450000000000095
212 8.424999999999374
213 36.2049999999998
214 13.374999999999911
215 26.560000000000482
216 13.144999999999726
217 17.145000000000262
218 13.304999999999767
219 21.77000000000015
220 13.139999999999894
221 7.959999999999458
222 12.954999999999444
223 36.97499999999899
224 23.635000000000037
225 8.58999999999998
226 32.76999999999992
227 -2.5049999999998995
228 21.645000000000337
229 -2.2949999999999044
230 6.084999999999772
231 -2.604999999999895
232 27.015000000000096
233 3.594999999999886
234 16.535000000000135
235 23.09000000000028
236 22.634999999999906
237 3.575000000000067
238 41.549999999999464
239 7.809999999999442
240 5.940000000000041
241 22.27499999999995
242 3.3549999999999116
243 7.540000000000097
244 26.93500000000041
245 7.275000000000011
246 3.205000000000087
247 8.199999999999639
248 21.329999999999778
249 33.47499999999931
250 22.079999999999487
251 1.7750000000000756
252 8.46500000000004
253 22.965000000000277
254 8.245000000000084
255 7.049999999999824
256 6.790000000000116
257 12.304999999999962
258 27.37500000000004
259 16.274999999999956
260 -1.5449999999999144
261 10.549999999999484
262 6.429999999999616
263 7.339999999999814
264 -2.2449999999999046
265 16.80500000000016
266 11.764999999999436
267 8.204999999999991
268 -2.1799999999999073
269 26.464999999999975
270 3.6600000000001316
271 18.51500000000049
272 30.885000000000375
273 8.219999999999475
274 2.5700000000001495
275 3.5949999999999154
276 13.365000000000055
277 42.47499999999879
278 16.845000000000084
279 2.9250000000001455
280 8.410000000000057
281 -2.294999999999902
282 17.264999999999752
283 18.009999999999696
284 27.1999999999998
285 -1.8649999999999118
286 -2.189999999999906
287 12.094999999999764
288 16.41499999999985
289 3.295000000000143
290 13.29999999999999
291 -1.2349999999999193
292 2.8600000000001016
293 23.384999999999952
294 -1.2349999999999208
295 12.369999999999534
296 22.83500000000029
297 12.419999999999833
298 3.030000000000129
299 2.365000000000161
300 -1.4899999999999167
301 -1.5099999999999172
302 2.625000000000032
303 6.839999999999702
304 36.68000000000002
305 -2.659999999999897
306 -1.5849999999999131
307 7.489999999999985
308 13.355000000000002
309 18.305000000000298
310 13.409999999999359
311 3.625000000000127
312 25.255000000000162
313 13.419999999999932
314 18.780000000000378
315 2.8800000000001473
316 -1.8999999999999087
317 1.9499999999999944
318 28.400000000000308
319 31.484999999999854
320 3.5950000000001365
321 3.035000000000104
322 7.8749999999994
323 31.550000000000264
324 22.310000000000237
325 3.3800000000000585
326 8.015000000000027
327 18.594999999999906
328 8.619999999999331
329 28.084999999999923
330 -1.2849999999999169
331 -1.7299999999999118
332 17.300000000000058
333 22.93000000000018
334 -1.6499999999999175
335 43.04499999999975
336 22.470000000000077
337 2.545000000000112
338 2.039999999999977
339 2.6400000000001356
340 2.850000000000139
341 7.904999999999546
342 3.509999999999936
343 1.865000000000164
344 28.290000000000287
345 8.59499999999937
346 17.775000000000187
347 21.53499999999999
348 12.819999999999855
349 3.489999999999948
350 13.129999999999534
351 3.6149999999999114
352 13.244999999999676
353 7.354999999999705
354 22.620000000000505
355 8.504999999999477
356 10.889999999999493
357 -1.9999999999999072
358 13.100000000000044
359 -1.5499999999999146
360 -1.394999999999918
361 27.69999999999969
362 3.4349999999998886
363 12.289999999999457
364 -1.27999999999992
365 -1.0799999999999215
366 -1.3799999999999168
367 3.8499999999999437
368 -1.3099999999999177
369 -1.3849999999999159
370 -1.8399999999999095
371 -1.7349999999999128
372 28.20500000000003
373 27.64499999999988
374 37.07999999999918
375 -1.7399999999999132
376 -1.3499999999999166
377 3.4449999999999212
378 7.094999999999969
379 22.75000000000016
380 28.874999999999783
381 37.36000000000007
382 8.655000000000003
383 12.93499999999969
384 -2.2349999999999057
385 3.104999999999979
386 7.869999999999474
387 18.294999999999927
388 -1.9049999999999117
389 -2.109999999999906
390 13.56999999999934
391 -1.4449999999999166
392 18.48500000000051
393 13.08499999999983
394 13.229999999999862
395 13.23499999999961
396 -2.0349999999999087
397 13.694999999999474
398 36.99999999999914
399 8.464999999999897
400 7.964999999999339
401 3.4050000000001406
402 31.65499999999992
403 3.4350000000000973
404 33.21499999999945
405 22.19500000000003
406 -1.8999999999999122
407 3.3500000000000005
408 7.719999999999659
409 3.8700000000001236
410 3.505000000000056
411 27.644999999999946
412 17.490000000000236
413 18.36500000000022
414 8.384999999999506
415 8.524999999999736
416 22.990000000000418
417 12.864999999999915
418 3.474999999999973
419 13.604999999999935
420 3.5250000000000803
421 27.0100000000002
422 3.0649999999998894
423 -1.7149999999999133
424 17.1499999999997
425 8.29499999999983
426 15.66999999999984
427 1.7200000000001525
428 37.55499999999964
429 7.144999999999867
430 -1.20999999999992
431 -1.8899999999999075
432 13.76499999999983
433 3.7250000000000822
434 -1.1299999999999186
435 12.359999999999422
436 8.634999999999847
437 1.584999999999999
438 2.964999999999945
439 8.354999999999414
440 12.914999999999656
441 -2.6549999999998946
442 8.410000000000133
443 22.68500000000035
444 7.579999999999753
445 12.469999999999715
446 18.44499999999968
447 -0.8799999999999217
448 22.599999999999664
449 13.78999999999949
450 12.88999999999981
451 22.020000000000046
452 23.35499999999965
453 1.44500000000018
454 27.62500000000013
455 3.539999999999927
456 8.694999999999503
457 -1.2399999999999176
458 3.375000000000141
459 -1.4849999999999133
460 4.070000000000095
461 -1.7649999999999106
462 8.34499999999944
463 23.120000000000125
464 3.4150000000001404
465 23.194999999999947
466 4.244999999999834
467 12.444999999999734
468 37.72499999999895
469 -1.544999999999913
470 23.390000000000388
471 3.4299999999998834
472 -2.6149999999998985
473 12.694999999999935
474 18.47500000000049
475 12.599999999999556
476 -0.8999999999999215
477 13.67500000000002
478 -1.3049999999999156
479 8.789999999999303
480 3.9299999999999544
481 -1.9999999999999067
482 -1.2799999999999179
483 33.069999999999574
484 -1.6099999999999128
485 -1.6949999999999121
486 3.6750000000001295
487 7.514999999999548
488 2.474999999999957
489 3.644999999999916
490 8.369999999999706
491 -1.5699999999999101
492 -1.4899999999999163
493 8.364999999999624
494 -1.7849999999999073
495 -1.9049999999999085
496 8.524999999999691
497 8.154999999999404
498 -2.9949999999998913
499 13.124999999999611
500 22.900000000000006
501 22.820000000000043
502 -0.9249999999999209
503 10.704999999999176
504 3.5100000000001383
505 3.395000000000005
506 8.224999999999861
507 3.505000000000077
508 -1.1099999999999184
509 -1.619999999999912
510 7.664999999999838
511 9.119999999999338
512 13.429999999999884
513 -1.9549999999999055
514 2.1500000000000776
515 7.959999999999503
516 -1.8449999999999123
517 8.0199999999993
518 16.45499999999976
519 7.829999999999882
520 18.439999999999845
521 7.55999999999998
522 3.570000000000137
523 13.344999999999633
524 3.6999999999998705
525 -1.019999999999922
526 6.5600000000000245
527 21.69500000000033
528 -1.0399999999999212
529 7.784999999999377
530 -1.7749999999999084
531 -2.3399999999999013
532 2.480000000000123
533 3.5800000000000827
534 8.59999999999934
535 3.72499999999995
536 -1.7199999999999092
537 3.225000000000092
538 -1.2649999999999157
539 7.909999999999278
540 28.16500000000046
541 3.8999999999998938
542 0.905000000000165
543 13.56499999999987
544 -1.5699999999999124
545 3.354999999999963
546 17.76500000000031
547 -2.1949999999999017
548 3.6699999999999013
549 7.164999999999788
550 2.9900000000001468
551 18.280000000000253
552 7.244999999999266
553 8.089999999999309
554 8.959999999999292
555 17.63500000000019
556 -1.1899999999999196
557 23.61499999999983
558 7.064999999999389
559 3.1100000000001016
560 -1.799999999999908
561 3.2900000000001004
562 3.075000000000081
563 -1.1399999999999206
564 18.420000000000268
565 13.614999999999883
566 3.1550000000001264
567 6.225000000000166
568 -2.0499999999999043
569 13.250000000000014
570 13.854999999999858
571 -1.1299999999999195
572 12.969999999999324
573 3.4499999999998776
574 4.144999999999895
575 8.439999999999769
576 3.495000000000015
577 17.70000000000006
578 23.78000000000045
579 15.72499999999932
580 -1.674999999999909
581 3.5249999999998956
582 28.24000000000036
583 4.159999999999886
584 -1.0399999999999205
585 8.165000000000095
586 23.160000000000363
587 3.6199999999999877
588 8.764999999999345
589 33.69000000000014
590 7.994999999999662
591 33.32999999999854
592 -1.0749999999999196
593 3.5950000000001276
594 -1.1199999999999208
595 -1.0749999999999178
596 -1.2849999999999155
597 12.389999999999638
598 18.76000000000029
599 17.714999999999904
600 4.174999999999963
601 3.1650000000001377
602 3.359999999999869
603 28.515000000000136
604 -1.4999999999999147
605 -1.1149999999999183
606 -1.0099999999999196
607 8.83999999999943
608 2.104999999999979
609 8.729999999999508
610 3.7850000000000374
611 9.039999999999342
612 18.399999999999803
613 13.849999999999776
614 -1.3949999999999174
615 3.6949999999998617
616 17.33999999999977
617 3.7199999999999553
618 12.754999999999546
619 -1.2199999999999165
620 3.2649999999999046
621 -2.5049999999998964
622 8.31499999999937
623 21.23500000000069
624 3.445000000000097
625 3.6449999999998806
626 -1.434999999999913
627 -0.7649999999999212
628 -1.5599999999999126
629 3.859999999999899
630 8.699999999999601
631 -2.2349999999999026
632 -1.2049999999999161
633 12.794999999999394
634 13.464999999999671
635 11.824999999999736
636 17.180000000000078
637 -1.1999999999999171
638 -0.959999999999922
639 7.509999999999478
640 -0.8249999999999208
641 12.939999999999975
642 7.789999999999259
643 -1.5649999999999142
644 2.0250000000001593
645 -0.9549999999999216
646 13.019999999999952
647 16.834999999999788
648 6.395000000000169
649 -1.4349999999999143
650 -0.76499999999992
651 -1.9199999999999084
652 -0.9949999999999208
653 3.670000000000135
654 8.569999999999313
655 -0.7849999999999197
656 3.614999999999867
657 -1.6349999999999085
658 8.679999999999362
659 8.61999999999949
660 13.399999999999636
661 7.709999999999831
662 8.759999999999325
663 12.999999999999861
664 -0.6099999999999186
665 2.7500000000001403
666 18.58500000000042
667 -0.92499999999992
668 7.8649999999993545
669 8.57999999999929
670 -1.2249999999999177
671 -1.249999999999917
672 3.270000000000138
673 8.739999999999489
674 -1.8149999999999098
675 9.04499999999925
676 -1.834999999999913
677 13.389999999999754
678 8.529999999999362
679 -1.589999999999909
680 4.160000000000038
681 3.8949999999998983
682 9.194999999999322
683 22.98499999999959
684 -1.1999999999999187
685 -0.8949999999999213
686 3.4300000000000948
687 8.389999999999946
688 2.864999999999931
689 3.020000000000036
690 37.549999999999635
691 13.204999999999872
692 3.8449999999998443
693 3.914999999999866
694 3.260000000000125
695 4.269999999999844
696 12.975000000000003
697 3.060000000000148
698 -1.2799999999999165
699 12.594999999999661
700 -1.1549999999999183
701 3.694999999999858
702 3.640000000000107
703 25.460000000000374
704 17.904999999999983
705 -1.7449999999999075
706 8.574999999999475
707 3.24999999999988
708 -3.1199999999998833
709 3.5350000000001263
710 -0.7299999999999209
711 3.914999999999985
712 7.554999999999781
713 3.7700000000000715
714 3.539999999999867
715 9.204999999999316
716 8.89499999999927
717 -1.324999999999916
718 27.640000000000427
719 -1.7349999999999102
720 12.879999999999518
721 8.449999999999374
722 -1.029999999999919
723 8.280000000000069
724 2.5150000000001347
725 12.439999999999799
726 -3.2899999999998775
727 23.00000000000035
728 3.819999999999875
729 -1.1749999999999172
730 17.73499999999944
731 -1.354999999999915
732 8.774999999999293
733 8.50999999999943
734 -1.6799999999999078
735 3.984999999999868
736 -0.7399999999999196
737 -1.0199999999999192
738 8.64499999999923
739 8.024999999999446
740 -1.3099999999999143
741 8.594999999999484
742 12.514999999999421
743 -1.3099999999999172
744 -1.1899999999999167
745 -2.0049999999999093
746 -1.169999999999917
747 13.104999999999942
748 13.519999999999907
749 4.169999999999848
750 4.070000000000126
751 -1.414999999999916
752 33.15499999999906
753 2.8999999999999693
754 14.064999999999843
755 3.2250000000001444
756 12.359999999999301
757 -0.9649999999999199
758 8.759999999999257
759 3.929999999999864
760 2.97000000000015
761 8.339999999999323
762 11.959999999999429
763 7.10499999999951
764 13.724999999999968
765 7.774999999999697
766 8.454999999999238
767 -1.5099999999999167
768 8.549999999999574
769 -0.9949999999999196
770 3.605000000000114
771 -1.7299999999999152
772 3.4000000000001336
773 -0.7699999999999183
774 3.8400000000000922
775 41.049999999998086
776 9.144999999999333
777 -0.9349999999999197
778 7.0049999999993435
779 23.395000000000447
780 14.009999999999257
781 -1.1549999999999196
782 8.614999999999826
783 -1.8299999999999064
784 8.20999999999943
785 -1.764999999999908
786 8.439999999999714
787 3.795000000000025
788 18.705000000000354
789 -1.5499999999999128
790 12.954999999999641
791 13.85499999999984
792 3.805000000000109
793 8.784999999999261
794 17.40500000000059
795 2.7149999999999572
796 3.6249999999998668
797 3.695000000000036
798 3.949999999999843
799 3.840000000000127
800 -1.094999999999917
801 2.1499999999999577
802 8.434999999999938
803 -1.0799999999999181
804 3.584999999999928
805 3.045000000000143
806 3.9749999999998398
807 4.469999999999822
808 8.699999999999338
809 8.669999999999273
810 -1.8949999999999048
811 -1.2749999999999129
812 -2.2999999999999
813 -1.6149999999999094
814 8.759999999999323
815 -1.0849999999999176
816 8.954999999999503
817 3.455000000000007
818 27.82500000000032
819 -1.394999999999912
820 18.005000000000546
821 13.385000000000058
822 -0.839999999999919
823 3.8899999999999375
824 -1.144999999999918
825 4.2199999999998825
826 8.70499999999977
827 -0.9449999999999202
828 -1.8749999999999059
829 -1.0449999999999189
830 4.215000000000069
831 3.8400000000001073
832 3.744999999999882
833 17.680000000000092
834 -0.9549999999999194
835 -0.9799999999999196
836 -1.0899999999999213
837 8.969999999999697
838 9.109999999999271
839 8.494999999999383
840 3.3800000000000496
841 -1.3699999999999155
842 8.91499999999926
843 -0.9399999999999191
844 -1.1799999999999191
845 -0.7749999999999179
846 8.499999999999758
847 23.669999999999668
848 3.809999999999911
849 18.065000000000126
850 7.499999999999717
851 8.724999999999282
852 2.665000000000128
853 3.479999999999875
854 8.339999999999899
855 12.404999999999681
856 3.9950000000000223
857 -1.6799999999999087
858 -1.3599999999999128
859 17.850000000000282
860 -0.8849999999999197
861 -1.4399999999999116
862 3.7850000000000463
863 8.834999999999408
864 -1.1399999999999177
865 9.32499999999934
866 19.300000000000676
867 -0.7099999999999198
868 -0.8999999999999198
869 -1.4049999999999154
870 4.1199999999998225
871 8.999999999999858
872 3.669999999999903
873 -0.6749999999999193
874 -1.1599999999999164
875 -0.9599999999999194
876 -2.004999999999907
877 -0.789999999999919
878 7.7949999999992325
879 3.064999999999957
880 13.559999999999885
881 -1.8699999999999084
882 12.754999999999903
883 -1.1749999999999154
884 -0.9499999999999199
885 8.459999999999415
886 8.879999999999214
887 3.760000000000133
888 3.6449999999999143
889 -1.4499999999999116
890 7.549999999999783
891 -1.1349999999999159
892 -0.4449999999999196
893 3.5550000000000854
894 3.510000000000015
895 -0.8049999999999214
896 18.00500000000075
897 27.78500000000062
898 -1.3599999999999166
899 3.605000000000018
900 3.8399999999998924
901 2.8350000000001048
902 -1.7749999999999098
903 3.635000000000021
904 -1.5899999999999097
905 -1.0449999999999187
906 8.13999999999973
907 3.379999999999918
908 3.9149999999998935
909 8.46500000000001
910 3.3699999999999823
911 -0.8049999999999201
912 -1.0999999999999173
913 9.464999999999327
914 7.939999999999959
915 -1.0199999999999192
916 3.4599999999998916
917 7.819999999999983
918 -1.0849999999999187
919 8.899999999999242
920 -1.1899999999999156
921 -2.2449999999998984
922 2.919999999999928
923 3.6600000000001325
924 16.955000000000044
925 -2.1399999999999006
926 -0.589999999999919
927 9.024999999999643
928 -1.3999999999999153
929 -0.7949999999999198
930 13.109999999999959
931 -0.9099999999999233
932 13.955000000000076
933 3.0599999999998646
934 3.8199999999998733
935 3.4799999999999214
936 -1.054999999999919
937 -1.2099999999999158
938 12.574999999999608
939 -0.9749999999999189
940 -1.7049999999999068
941 8.634999999999222
942 3.5050000000001313
943 -1.254999999999918
944 -1.3199999999999157
945 21.83500000000039
946 8.2599999999995
947 8.285000000000025
948 13.3299999999995
949 18.995000000000783
950 -1.0249999999999193
951 -1.4399999999999133
952 8.929999999999357
953 3.8049999999998896
954 4.244999999999838
955 -0.9799999999999192
956 4.569999999999799
957 3.969999999999831
958 17.40999999999962
959 3.864999999999876
960 8.60499999999963
961 18.825000000000774
962 -0.9899999999999203
963 -1.3649999999999158
964 4.140000000000125
965 3.495000000000134
966 -0.9149999999999184
967 2.9000000000001362
968 12.944999999999451
969 -0.9299999999999189
970 4.349999999999885
971 32.7900000000001
972 13.714999999999703
973 12.959999999999624
974 23.850000000000676
975 -1.7049999999999066
976 -1.3199999999999166
977 -0.8299999999999201
978 -1.324999999999914
979 3.855000000000034
980 13.334999999999875
981 4.104999999999851
982 -1.0049999999999186
983 13.654999999999568
984 4.085000000000126
985 9.274999999999286
986 3.4650000000001393
987 13.554999999999707
988 -1.1049999999999176
989 -0.9499999999999182
990 4.095000000000096
991 8.944999999999323
992 2.5350000000001245
993 3.7999999999999092
994 -1.1149999999999185
995 3.744999999999976
996 3.610000000000097
997 3.9249999999998177
998 -1.224999999999917
999 4.374999999999856
1000 -0.7999999999999181
1001 2.3000000000001286
1002 -0.774999999999919
1003 3.6950000000000145
1004 -2.039999999999904
1005 7.909999999999795
1006 8.294999999999723
1007 4.324999999999962
1008 -1.2199999999999156
1009 -1.1949999999999177
1010 3.054999999999886
1011 -1.2249999999999168
1012 13.67500000000003
1013 3.9249999999999083
1014 -1.5049999999999162
1015 -0.8399999999999224
1016 3.320000000000139
1017 3.9949999999998553
1018 -0.699999999999918
1019 14.014999999999846
1020 3.580000000000137
1021 3.994999999999809
1022 4.154999999999827
1023 -0.5799999999999179
1024 4.409999999999811
1025 3.535000000000129
1026 -0.8849999999999195
1027 4.594999999999821
1028 8.199999999999264
1029 -1.0949999999999178
1030 8.309999999999976
1031 19.020000000000188
1032 -0.5249999999999183
1033 -1.6499999999999146
1034 7.989999999999489
1035 4.295000000000104
1036 -2.2399999999999007
1037 13.724999999999575
1038 3.954999999999906
1039 -1.0399999999999192
1040 3.8550000000000324
1041 -1.3249999999999158
1042 -0.6499999999999189
1043 13.754999999999574
1044 4.000000000000124
1045 12.529999999999859
1046 13.774999999999956
1047 3.6050000000001328
1048 -0.8899999999999186
1049 23.190000000000083
1050 8.819999999999377
1051 4.3550000000000715
1052 -1.6299999999999142
1053 3.7249999999998487
1054 -1.9549999999999024
1055 14.265000000000375
1056 4.069999999999811
1057 9.319999999999338
1058 17.764999999999745
1059 -0.5249999999999174
1060 -1.0349999999999193
1061 3.5400000000001377
1062 -1.3899999999999153
1063 4.234999999999822
1064 -1.7199999999999076
1065 -0.8549999999999184
1066 -1.324999999999915
1067 4.244999999999816
1068 4.474999999999795
1069 13.765000000000079
1070 3.2249999999998895
1071 -2.084999999999905
1072 -0.8849999999999184
1073 -0.6299999999999186
1074 -0.994999999999919
1075 -0.589999999999919
1076 -0.5849999999999195
1077 13.794999999999579
1078 3.89500000000013
1079 3.1000000000000414
1080 17.735000000000166
1081 -1.4599999999999098
1082 8.964999999999293
1083 -2.119999999999899
1084 8.469999999999564
1085 13.244999999999699
1086 -0.6549999999999173
1087 4.005000000000128
1088 -1.254999999999918
1089 -1.5549999999999096
1090 -1.3949999999999116
1091 -0.9849999999999198
1092 -1.2199999999999158
1093 3.225000000000125
1094 8.884999999999184
1095 2.5000000000001155
1096 3.574999999999961
1097 8.789999999999605
1098 -1.054999999999919
1099 13.755000000000058
1100 -1.0299999999999203
1101 -1.0099999999999203
1102 -0.7299999999999174
1103 -0.8849999999999195
1104 3.6900000000001345
1105 9.049999999999237
1106 3.4899999999998608
1107 18.040000000000664
1108 -0.5199999999999183
1109 -0.999999999999919
1110 -1.0649999999999178
1111 7.730000000000096
1112 23.574999999999708
1113 -0.7149999999999191
1114 4.335000000000054
1115 8.219999999999732
1116 4.285000000000032
1117 13.419999999999323
1118 4.1700000000001065
1119 3.530000000000138
1120 -0.8749999999999193
1121 -0.98999999999992
1122 -0.4099999999999178
1123 -0.9949999999999181
1124 14.085000000000372
1125 -1.5599999999999081
1126 10.604999999999277
1127 18.564999999999927
1128 8.7799999999999
1129 13.519999999999374
1130 8.534999999999453
1131 4.21999999999981
1132 13.50999999999982
1133 -2.029999999999903
1134 -0.22499999999991743
1135 7.75999999999926
1136 3.0499999999998826
1137 8.104999999999187
1138 4.029999999999938
1139 13.114999999999945
1140 4.0449999999999555
1141 4.0449999999998205
1142 3.6599999999999016
1143 -0.8899999999999237
1144 7.854999999999871
1145 -0.49999999999991723
1146 3.799999999999822
1147 -1.034999999999919
1148 -0.7799999999999183
1149 17.590000000000064
1150 3.7700000000001097
1151 8.494999999999402
1152 -1.6499999999999078
1153 8.2599999999993
1154 -1.0949999999999185
1155 3.5350000000001325
1156 13.769999999999312
1157 3.8999999999999906
1158 -1.0999999999999197
1159 4.234999999999854
1160 3.8100000000001293
1161 -1.6549999999999125
1162 8.204999999999686
1163 3.9899999999999407
1164 -0.9199999999999189
1165 -0.4749999999999172
1166 17.729999999999738
1167 8.799999999999265
1168 -1.1199999999999175
1169 -0.8599999999999179
1170 14.330000000000211
1171 -0.8349999999999184
1172 -1.349999999999912
1173 3.694999999999977
1174 -1.3749999999999176
1175 -1.7849999999999056
1176 -1.1249999999999152
1177 -0.8199999999999208
1178 -1.0099999999999194
1179 -2.2299999999998974
1180 4.214999999999806
1181 13.685000000000281
1182 -1.1749999999999168
1183 4.309999999999914
1184 -1.59499999999991
1185 -1.594999999999908
1186 8.264999999999475
1187 3.8899999999998736
1188 2.330000000000153
1189 9.089999999999302
1190 8.549999999999791
1191 8.549999999999553
1192 9.009999999999913
1193 3.5100000000000877
1194 13.919999999999526
1195 4.604999999999828
1196 -0.7449999999999181
1197 -0.9999999999999192
1198 -1.4499999999999162
1199 -0.7599999999999196
1200 -1.5749999999999094
1201 3.7299999999998574
1202 3.989999999999905
1203 17.30500000000009
1204 -0.35999999999991755
1205 -1.1999999999999178
1206 8.35999999999981
1207 -0.8799999999999176
1208 -0.534999999999917
1209 3.660000000000135
1210 3.7000000000000917
1211 -1.8649999999999092
1212 17.970000000000724
1213 -0.9999999999999181
1214 -0.9899999999999194
1215 19.31000000000073
1216 13.654999999999447
1217 -1.2799999999999132
1218 -0.8199999999999195
1219 8.479999999999423
1220 -1.414999999999911
1221 -0.504999999999919
1222 9.08999999999985
1223 13.92999999999958
1224 -0.8399999999999199
1225 3.2750000000001096
1226 7.470000000000084
1227 -0.9599999999999187
1228 8.679999999999847
1229 -0.9349999999999189
1230 -1.2549999999999126
1231 18.024999999999583
1232 -1.1949999999999175
1233 -0.8349999999999184
1234 2.544999999999904
1235 -0.9149999999999193
1236 3.6199999999998846
1237 4.6399999999998025
1238 4.274999999999849
1239 -0.904999999999918
1240 -0.8599999999999193
1241 -0.5299999999999176
1242 -2.0299999999999003
1243 8.58499999999934
1244 -0.824999999999917
1245 -2.6899999999998956
1246 -1.4749999999999113
1247 9.324999999999656
1248 3.484999999999971
1249 -1.3149999999999153
1250 4.144999999999893
1251 -1.264999999999914
1252 4.344999999999855
1253 18.620000000000044
1254 -0.9499999999999198
1255 -0.93499999999992
1256 4.569999999999818
1257 3.9649999999998604
1258 17.925000000000356
1259 -1.5649999999999082
1260 -0.8299999999999181
1261 4.189999999999801
1262 -0.594999999999919
1263 4.11999999999987
1264 8.619999999999907
1265 8.604999999999908
1266 7.809999999999259
1267 9.04499999999985
1268 4.2549999999998
1269 -1.0949999999999154
1270 -0.7249999999999198
1271 -0.9099999999999178
1272 4.644999999999804
1273 -0.9649999999999194
1274 3.7550000000001313
1275 -2.4449999999999026
1276 -1.5399999999999099
1277 -0.7249999999999174
1278 -0.7999999999999199
1279 13.744999999999829
1280 3.7050000000000862
1281 18.745000000000168
1282 1.7350000000001191
1283 8.104999999999336
1284 -0.4849999999999181
1285 -0.4749999999999179
1286 4.439999999999986
1287 26.825000000000124
1288 -0.3849999999999176
1289 -1.4599999999999107
1290 3.93499999999994
1291 13.024999999999737
1292 -0.5199999999999187
1293 -1.4549999999999097
1294 3.514999999999807
1295 -0.849999999999919
1296 -0.9299999999999191
1297 -1.5099999999999127
1298 3.4750000000000973
1299 -0.6749999999999176
1300 4.594999999999793
1301 -0.709999999999918
1302 -0.6999999999999167
1303 -1.5199999999999119
1304 4.089999999999935
1305 8.49499999999956
1306 -1.219999999999919
1307 8.749999999999428
1308 -0.5699999999999197
1309 8.944999999999245
1310 9.094999999999311
1311 4.1899999999998085
1312 -0.5549999999999177
1313 13.185000000000064
1314 -1.0249999999999193
1315 8.824999999999243
1316 3.775000000000129
1317 3.535000000000135
1318 3.739999999999916
1319 -0.7199999999999183
1320 -1.0799999999999166
1321 3.9199999999998516
1322 -0.3399999999999173
1323 9.229999999999738
1324 -2.2099999999999005
1325 4.254999999999821
1326 4.17499999999988
1327 -1.2249999999999166
1328 3.5349999999999326
1329 -0.7149999999999187
1330 -0.6849999999999178
1331 8.914999999999244
1332 3.860000000000131
1333 -0.7899999999999174
1334 13.334999999999823
1335 8.974999999999289
1336 9.11999999999932
1337 -0.9699999999999191
1338 4.05499999999982
1339 -0.9749999999999189
1340 2.8099999999999143
1341 4.264999999999852
1342 -1.3549999999999138
1343 -1.8249999999999111
1344 -0.6549999999999184
1345 2.520000000000157
1346 4.254999999999809
1347 -1.3599999999999157
1348 29.019999999999662
1349 3.8150000000001274
1350 9.20499999999923
1351 -1.5449999999999124
1352 -0.649999999999918
1353 -1.5049999999999142
1354 -0.7049999999999187
1355 18.384999999999973
1356 -1.0049999999999197
1357 -0.3549999999999173
1358 3.785
1359 -0.8199999999999172
1360 3.8649999999999114
1361 -0.8899999999999219
1362 13.219999999999242
1363 -0.6449999999999186
1364 -0.96499999999992
1365 -0.5399999999999168
1366 -0.7049999999999205
1367 3.150000000000146
1368 -1.5449999999999116
1369 -0.35999999999991694
1370 -0.28999999999991743
1371 3.850000000000131
1372 4.115000000000099
1373 -0.8049999999999172
1374 -1.2999999999999154
1375 3.4950000000001387
1376 -0.7999999999999181
1377 -0.9549999999999187
1378 -0.7599999999999185
1379 4.11000000000005
1380 -0.8599999999999179
1381 -0.3999999999999176
1382 -0.9449999999999182
1383 14.074999999999916
1384 4.319999999999857
1385 4.204999999999869
1386 -0.8349999999999177
1387 -1.0349999999999204
1388 3.889999999999871
1389 -0.6049999999999177
1390 4.20499999999984
1391 -1.384999999999911
1392 4.059999999999799
1393 -1.2649999999999202
1394 -1.0099999999999192
1395 18.390000000000025
1396 -0.8949999999999173
1397 -0.5949999999999175
1398 4.244999999999843
1399 -0.3099999999999175
1400 7.819999999999884
1401 3.869999999999844
1402 -0.9049999999999186
1403 -0.9549999999999198
1404 -0.32499999999991797
1405 8.959999999999223
1406 3.8049999999999535
1407 -0.8549999999999195
1408 3.9399999999998885
1409 8.544999999999385
1410 3.175000000000133
1411 4.2450000000001085
1412 18.80500000000084
1413 4.514999999999899
1414 -1.419999999999911
1415 3.5800000000001324
1416 -1.184999999999917
1417 -1.1249999999999163
1418 8.90999999999956
1419 9.104999999999205
1420 4.064999999999849
1421 -1.109999999999917
1422 3.5699999999999017
1423 -1.1549999999999156
1424 8.674999999999264
1425 4.584999999999795
1426 14.235000000000033
1427 -0.7499999999999176
1428 4.254999999999841
1429 -0.6549999999999173
1430 2.8450000000000957
1431 -0.7699999999999179
1432 -0.7049999999999202
1433 -1.6549999999999074
1434 -0.7249999999999183
1435 3.7300000000001337
1436 9.174999999999837
1437 8.359999999999243
1438 -1.744999999999906
1439 -1.4099999999999098
1440 13.874999999999838
1441 -0.549999999999919
1442 3.910000000000081
1443 3.9599999999998348
1444 8.874999999999217
1445 4.004999999999944
1446 -0.4349999999999172
1447 3.7849999999998456
1448 18.930000000000916
1449 -0.7649999999999199
1450 13.299999999999795
1451 8.819999999999265
1452 3.8249999999999584
1453 3.5050000000001367
1454 -0.9499999999999209
1455 8.889999999999429
1456 8.969999999999251
1457 9.61499999999925
1458 3.6199999999999877
1459 3.349999999999878
1460 4.604999999999899
1461 4.3149999999998165
1462 23.42500000000045
1463 3.8600000000001256
1464 -1.0899999999999184
1465 -1.169999999999915
1466 -1.0699999999999181
1467 -0.5049999999999183
1468 -0.7149999999999185
1469 -0.7649999999999187
1470 4.149999999999886
1471 -2.079999999999903
1472 13.164999999999973
1473 -1.4499999999999098
1474 7.314999999999728
1475 -0.7899999999999179
1476 -0.9099999999999187
1477 -0.9599999999999194
1478 -1.149999999999917
1479 -0.7449999999999176
1480 7.725000000000066
1481 -1.014999999999919
1482 3.705000000000134
1483 4.084999999999834
1484 -0.6849999999999176
1485 -0.9099999999999189
1486 -0.1549999999999174
1487 -0.17999999999991706
1488 -0.9899999999999209
1489 -1.179999999999919
1490 -1.5849999999999127
1491 3.954999999999984
1492 -0.9299999999999202
1493 3.9249999999999297
1494 4.070000000000012
1495 -1.0649999999999182
1496 -0.6099999999999206
1497 -0.6949999999999195
1498 4.094999999999853
1499 9.059999999999954
1500 4.495000000000115
1501 -0.599999999999917
1502 4.574999999999939
1503 -0.9149999999999191
1504 -1.184999999999917
1505 -0.30499999999991706
1506 -1.4749999999999097
1507 -0.21999999999991676
1508 -0.9899999999999187
1509 3.9049999999998555
1510 -0.8049999999999177
1511 3.930000000000067
1512 4.194999999999814
1513 -1.0199999999999205
1514 9.489999999999245
1515 13.70499999999971
1516 4.130000000000125
1517 -0.8699999999999191
1518 -1.4099999999999144
1519 3.250000000000144
1520 -0.7599999999999207
1521 8.984999999999323
1522 -0.7199999999999167
1523 4.744999999999788
1524 4.724999999999778
1525 4.164999999999846
1526 -1.114999999999919
1527 3.170000000000063
1528 4.109999999999855
1529 4.009999999999857
1530 8.96999999999921
1531 13.169999999999526
1532 -0.8849999999999173
1533 -0.8499999999999177
1534 3.810000000000132
1535 14.275000000000405
1536 -0.7799999999999188
1537 3.8300000000000027
1538 3.685000000000098
1539 -1.1299999999999182
1540 -1.1949999999999137
1541 4.1600000000000135
1542 -1.7849999999999029
1543 -0.6199999999999175
1544 9.119999999999223
1545 -0.9399999999999185
1546 -1.0349999999999189
1547 9.224999999999254
1548 -0.9749999999999196
1549 4.110000000000124
1550 -0.8049999999999188
1551 -0.6499999999999179
1552 -1.244999999999917
1553 4.179999999999841
1554 -1.04999999999992
1555 -1.759999999999908
1556 -0.7399999999999185
1557 3.3750000000001297
1558 4.36500000000003
1559 4.284999999999794
1560 3.6350000000001357
1561 4.479999999999815
1562 -0.8099999999999179
1563 7.905000000000014
1564 3.71499999999987
1565 3.6199999999998527
1566 3.6749999999998844
1567 3.8549999999999063
1568 3.120000000000097
1569 3.929999999999942
1570 -0.9299999999999173
1571 4.6599999999998
1572 18.110000000000294
1573 3.8850000000001303
1574 -0.8749999999999184
1575 -0.954999999999919
1576 -1.7149999999999057
1577 -0.9499999999999182
1578 8.62000000000005
1579 -0.33499999999991775
1580 -0.22999999999991635
1581 -0.294999999999917
1582 18.709999999999454
1583 4.4049999999999505
1584 14.08999999999988
1585 -0.8349999999999181
1586 14.324999999999847
1587 -1.7349999999999093
1588 4.164999999999802
1589 -0.7499999999999187
1590 -0.42999999999991784
1591 3.955000000000039
1592 -0.36499999999991656
1593 -0.3099999999999179
1594 -1.3599999999999124
1595 -1.2099999999999165
1596 3.660000000000121
1597 -0.9799999999999197
1598 -0.9449999999999227
1599 -1.2149999999999164
1600 -0.7049999999999167
1601 -0.6849999999999173
1602 -0.9199999999999199
1603 3.68499999999994
1604 13.879999999999505
1605 8.974999999999485
1606 -0.4999999999999177
1607 -1.084999999999917
1608 3.464999999999913
1609 -1.2199999999999158
1610 -0.2299999999999177
1611 -0.25499999999991635
1612 -0.4449999999999192
1613 4.094999999999827
1614 -0.7849999999999168
1615 -1.0299999999999188
1616 -0.47999999999991877
1617 -0.8349999999999193
1618 -1.3649999999999118
1619 4.1500000000000385
1620 12.649999999999435
1621 4.499999999999916
1622 -0.2449999999999166
1623 -0.309999999999917
1624 -0.4049999999999169
1625 -0.34499999999991665
1626 4.499999999999825
1627 -1.03499999999992
1628 3.755000000000126
1629 13.10499999999984
1630 8.80999999999977
1631 9.114999999999187
1632 3.320000000000121
1633 -0.7049999999999171
1634 3.939999999999846
1635 4.184999999999805
1636 -0.6049999999999177
1637 -0.7599999999999174
1638 4.599999999999808
1639 4.259999999999806
1640 -0.33999999999991687
1641 3.0649999999999578
1642 4.314999999999806
1643 -0.3249999999999173
1644 -0.9199999999999204
1645 -0.26999999999991703
1646 4.405000000000116
1647 -0.6299999999999184
1648 3.6800000000001347
1649 -1.5749999999999085
1650 3.9199999999998782
1651 -1.1549999999999179
1652 -1.4849999999999086
1653 9.099999999999365
1654 -1.4249999999999174
1655 4.529999999999954
1656 2.7800000000001326
1657 3.999999999999919
1658 -0.5649999999999163
1659 8.515000000000029
1660 9.049999999999184
1661 -1.5949999999999123
1662 4.024999999999817
1663 -0.8649999999999193
1664 -0.359999999999918
1665 8.984999999999847
1666 27.98999999999959
1667 -0.9049999999999178
1668 4.274999999999798
1669 3.3250000000000934
1670 -1.0749999999999167
1671 -0.6349999999999177
1672 4.614999999999849
1673 -0.4999999999999171
1674 18.900000000000894
1675 -1.6299999999999115
1676 -1.119999999999915
1677 -0.9899999999999181
1678 -0.504999999999919
1679 3.9949999999999335
1680 4.4449999999998955
1681 4.569999999999788
1682 -0.739999999999917
1683 4.404999999999811
1684 -0.5549999999999177
1685 8.76499999999928
1686 -1.5349999999999122
1687 -0.2799999999999175
1688 3.710000000000134
1689 -0.6949999999999182
1690 -0.8049999999999204
1691 4.314999999999802
1692 3.8999999999999586
1693 -1.0099999999999183
1694 -0.3549999999999169
1695 8.934999999999288
1696 -0.7049999999999178
1697 3.90500000000013
1698 -0.30499999999991795
1699 -0.3699999999999171
1700 -0.19499999999991718
1701 -0.9849999999999187
1702 4.324999999999827
1703 -1.2249999999999153
1704 28.790000000000074
1705 -0.5149999999999179
1706 4.10499999999994
1707 -0.7399999999999181
1708 -1.0199999999999199
1709 -0.6799999999999171
1710 9.044999999999146
1711 4.204999999999801
1712 4.169999999999805
1713 3.5850000000001305
1714 9.214999999999234
1715 -0.7799999999999168
1716 4.324999999999804
1717 -0.21999999999991657
1718 4.78499999999978
1719 -0.6149999999999175
1720 -1.5049999999999097
1721 18.115000000000588
1722 -1.2249999999999155
1723 4.260000000000122
1724 -0.6599999999999202
1725 4.1449999999998255
1726 -0.26999999999991814
1727 -1.354999999999912
1728 -0.2799999999999168
1729 4.610000000000115
1730 -0.7199999999999172
1731 3.760000000000117
1732 8.5249999999996
1733 -1.0899999999999181
1734 14.544999999999694
1735 -1.4099999999999104
1736 -0.8399999999999175
1737 -0.22999999999991677
1738 3.9900000000001272
1739 -0.7149999999999178
1740 3.2349999999998538
1741 -0.4149999999999178
1742 -0.62499999999992
1743 -0.629999999999918
1744 4.095000000000008
1745 -1.3149999999999182
1746 13.074999999999516
1747 -0.24999999999991745
1748 -0.7749999999999174
1749 -0.32499999999991663
1750 -0.8899999999999197
1751 -0.6749999999999196
1752 8.244999999999227
1753 -0.3549999999999182
1754 17.860000000000056
1755 -1.2549999999999149
1756 3.8350000000001065
1757 -0.8349999999999176
1758 -0.4049999999999167
1759 -1.0899999999999153
1760 4.139999999999888
1761 -1.359999999999912
1762 8.934999999999711
1763 -0.38999999999991647
1764 -1.2899999999999123
1765 -1.4099999999999109
1766 -1.2399999999999158
1767 -0.854999999999917
1768 4.069999999999925
1769 -1.0099999999999179
1770 -0.854999999999919
1771 4.285000000000119
1772 -0.8249999999999181
1773 -0.4549999999999203
1774 9.184999999999183
1775 19.070000000000515
1776 -0.7599999999999172
1777 -0.6349999999999195
1778 8.865000000000045
1779 14.060000000000125
1780 -1.3249999999999167
1781 -0.8299999999999186
1782 8.38499999999951
1783 -0.96999999999992
1784 -0.9399999999999178
1785 -0.7349999999999178
1786 3.594999999999951
1787 -0.8699999999999173
1788 4.274999999999826
1789 -0.44999999999991785
1790 4.269999999999864
1791 3.2299999999999356
1792 -0.7549999999999176
1793 -0.639999999999918
1794 3.9000000000000794
1795 -1.1949999999999155
1796 8.719999999999159
1797 4.629999999999996
1798 -0.5699999999999166
1799 -0.4549999999999174
1800 -0.7249999999999176
1801 -1.219999999999915
1802 7.794999999999627
1803 8.534999999999977
1804 -0.9649999999999189
1805 4.259999999999853
1806 8.749999999999291
1807 3.679999999999974
1808 -1.3499999999999146
1809 -1.0699999999999192
1810 -0.7349999999999174
1811 3.410000000000095
1812 -0.30499999999991795
1813 -0.6349999999999193
1814 -0.7949999999999192
1815 -0.5649999999999177
1816 3.885000000000108
1817 14.455000000000059
1818 3.6100000000000825
1819 13.619999999999216
1820 4.66499999999982
1821 -0.41999999999991805
1822 -0.7899999999999201
1823 -0.5999999999999195
1824 -0.6649999999999171
1825 3.770000000000093
1826 4.030000000000108
1827 -0.8349999999999177
1828 -0.24499999999991612
1829 9.249999999999334
1830 13.769999999999818
1831 2.450000000000137
1832 4.1249999999999005
1833 -0.84499999999992
1834 12.07499999999955
1835 -1.9799999999999043
1836 -0.23999999999991678
1837 4.459999999999847
1838 3.79500000000012
1839 -0.90499999999992
1840 4.129999999999922
1841 4.070000000000126
1842 4.299999999999801
1843 14.034999999999968
1844 3.850000000000131
1845 -1.0549999999999167
1846 3.940000000000129
1847 3.249999999999857
1848 -0.234999999999917
1849 -1.1199999999999164
1850 -0.4349999999999176
1851 4.085000000000126
1852 -1.019999999999918
1853 3.9549999999999255
1854 -0.8949999999999193
1855 -0.3149999999999173
1856 -0.16999999999991608
1857 4.089999999999893
1858 3.5200000000001035
1859 3.884999999999815
1860 -0.13999999999991583
1861 -0.27499999999991703
1862 4.044999999999863
1863 -0.24999999999991782
1864 -0.7449999999999176
1865 -0.7249999999999178
1866 -0.8049999999999176
1867 8.924999999999256
1868 -1.1649999999999165
1869 9.004999999999377
1870 -1.0849999999999167
1871 4.404999999999804
1872 3.5650000000000865
1873 -0.9199999999999191
1874 4.559999999999802
1875 -0.30999999999991795
1876 -0.8499999999999183
1877 -1.3199999999999155
1878 -1.144999999999915
1879 4.074999999999882
1880 9.194999999999252
1881 -0.7549999999999178
1882 8.10499999999919
1883 -1.1949999999999152
1884 -0.9249999999999193
1885 14.615000000000073
1886 3.3699999999999557
1887 -0.6699999999999204
1888 9.579999999999368
1889 -0.7149999999999171
1890 -0.19499999999991655
1891 -1.5349999999999084
1892 -1.624999999999915
1893 -0.6399999999999193
1894 4.235000000000123
1895 -1.5249999999999106
1896 3.6500000000001274
1897 8.94999999999998
1898 -0.534999999999917
1899 -0.8999999999999191
1900 4.379999999999899
1901 4.014999999999844
1902 9.644999999999333
1903 -0.2449999999999166
1904 -0.7149999999999169
1905 14.210000000000381
1906 -0.2999999999999173
1907 3.200000000000145
1908 4.754999999999779
1909 -0.8099999999999183
1910 13.370000000000013
1911 -1.0149999999999209
1912 4.5200000000001115
1913 -0.4349999999999174
1914 -0.9249999999999207
1915 3.2000000000000934
1916 -0.6299999999999168
1917 8.534999999999838
1918 4.034999999999869
1919 -0.9099999999999179
1920 -0.23499999999991703
1921 4.120000000000125
1922 -0.7949999999999172
1923 4.19000000000007
1924 -0.8899999999999201
1925 -0.3599999999999171
1926 4.090000000000121
1927 4.435000000000119
1928 -0.42999999999991784
1929 -0.8849999999999173
1930 3.6750000000001313
1931 3.7599999999998657
1932 23.574999999999417
1933 -0.204999999999917
1934 4.290000000000084
1935 3.24999999999996
1936 13.90499999999932
1937 -0.8349999999999181
1938 -1.579999999999909
1939 3.825000000000105
1940 -0.32999999999991664
1941 -0.7549999999999168
1942 -0.8499999999999184
1943 8.85999999999929
1944 3.6600000000001067
1945 9.109999999999221
1946 -0.5749999999999172
1947 -1.7249999999999068
1948 -1.1749999999999194
1949 8.654999999999294
1950 3.5399999999998846
1951 -1.0249999999999193
1952 -0.2849999999999166
1953 -0.09499999999991601
1954 18.729999999999308
1955 -0.7799999999999188
1956 -0.32999999999991775
1957 -1.0049999999999188
1958 -0.634999999999917
1959 -0.6149999999999166
1960 -0.5049999999999178
1961 -0.6749999999999167
1962 4.404999999999887
1963 9.354999999999242
1964 -0.6849999999999185
1965 -1.0399999999999217
1966 4.5249999999999435
1967 -0.07499999999991555
1968 -0.22999999999991658
1969 3.945000000000129
1970 3.5049999999998853
1971 -0.5749999999999181
1972 -0.909999999999918
1973 4.17499999999984
1974 4.189999999999817
1975 -0.6899999999999169
1976 -0.35999999999991644
1977 -0.7749999999999172
1978 4.599999999999841
1979 -1.0599999999999201
1980 13.040000000000097
1981 -0.46499999999991787
1982 -0.6699999999999182
1983 3.280000000000123
1984 -0.254999999999917
1985 -0.9199999999999187
1986 -0.7799999999999183
1987 4.150000000000119
1988 -0.98999999999992
1989 4.37000000000012
1990 -0.8649999999999215
1991 -0.3349999999999177
1992 -0.6649999999999175
1993 8.91499999999981
1994 -0.249999999999917
1995 -0.8449999999999175
1996 13.504999999999749
1997 8.73999999999923
1998 4.659999999999802
1999 -0.8549999999999193
5706.449662446976
