0 -7.61
1 -7.62
2 -5.24
3 -5.30
4 -7.70
5 -7.71
6 -7.66
7 -7.80
8 -7.62
9 -7.56
10 -7.73
11 -7.64
12 -7.74
13 -7.59
14 -5.20
15 -7.65
16 -7.84
17 -7.70
18 -7.59
19 -7.57
20 -7.62
21 -7.61
22 -7.59
23 -7.83
24 -5.15
25 -5.21
26 -7.61
27 -7.64
28 -7.51
29 -7.72
30 -7.66
31 -7.76
32 -7.69
33 -7.74
34 -7.71
35 -7.56
36 -7.69
37 -7.64
38 -7.70
39 -7.72
40 -7.69
41 -5.19
42 -7.64
43 -7.72
44 -7.87
45 -7.64
46 -7.70
47 -5.22
48 -7.59
49 -7.62
50 -7.84
51 -7.60
52 -7.74
53 -7.68
54 -7.64
55 -7.61
56 -7.48
57 -7.66
58 -5.27
59 -7.57
60 -7.64
61 -7.62
62 -7.68
63 -7.62
64 -2.64
65 -7.68
66 -7.69
67 -7.71
68 -7.62
69 -7.61
70 -7.56
71 -7.52
72 -7.84
73 -7.50
74 -7.72
75 -7.61
76 -7.57
77 -7.77
78 -7.77
79 -7.69
80 -7.71
81 -7.51
82 -7.63
83 -7.58
84 -7.69
85 -7.62
86 -7.83
87 -7.67
88 -7.68
89 -7.75
90 -7.61
91 -7.58
92 -7.64
93 -7.71
94 -7.72
95 -7.56
96 -7.50
97 -7.70
98 -2.68
99 -7.62
100 -5.08
101 -7.76
102 -7.70
103 -7.85
104 -7.72
105 -7.69
106 -7.72
107 -7.72
108 -7.58
109 -7.77
110 -7.58
111 -7.79
112 -7.77
113 -7.64
114 -7.68
115 -7.84
116 -7.59
117 -7.68
118 -7.62
119 -7.65
120 -7.55
121 -5.16
122 -7.72
123 -7.67
124 -7.58
125 -7.58
126 -7.65
127 -7.58
128 -7.67
129 -7.67
130 -7.82
131 -7.66
132 -7.64
133 -7.69
134 -5.08
135 -7.60
136 -7.60
137 -7.74
138 -7.58
139 -7.75
140 -7.59
141 -7.59
142 -7.70
143 -7.77
144 -7.62
145 -7.67
146 -7.72
147 -7.71
148 -7.67
149 -7.57
150 -7.71
151 -7.63
152 -7.70
153 -7.61
154 -7.78
155 -7.66
156 -7.66
157 -7.67
158 -7.58
159 -7.56
160 -5.01
161 -7.64
162 -7.57
163 -7.63
164 -7.71
165 -7.71
166 -7.57
167 -7.67
168 -7.62
169 -7.76
170 -7.67
171 -7.73
172 -7.60
173 -7.72
174 -7.66
175 -7.59
176 -7.94
177 -7.55
178 -7.69
179 -7.77
180 -7.68
181 -7.73
182 -7.58
183 -5.02
184 -5.16
185 -7.59
186 -7.63
187 -7.56
188 -7.67
189 -7.62
190 -7.69
191 -7.76
192 -7.49
193 -7.52
194 -7.75
195 -7.71
196 -7.56
197 -7.75
198 -7.70
199 -7.59
200 -7.59
201 -7.69
202 -7.63
203 -7.52
204 -7.70
205 -7.55
206 -7.77
207 -7.64
208 -7.64
209 -7.73
210 -7.72
211 -7.67
212 -7.61
213 -7.61
214 -7.54
215 -7.73
216 -7.62
217 -7.67
218 -7.65
219 -7.58
220 -7.78
221 -7.68
222 -7.44
223 -7.78
224 -7.91
225 -7.70
226 -7.56
227 -7.77
228 -7.55
229 -7.77
230 -7.55
231 -7.58
232 -7.50
233 -7.68
234 -7.55
235 -5.19
236 -7.68
237 -7.57
238 -7.70
239 -7.66
240 -7.70
241 -7.60
242 -7.86
243 -7.66
244 -7.60
245 -7.75
246 -7.65
247 -7.81
248 -5.09
249 -7.71
250 -5.13
251 -7.70
252 -7.63
253 -7.52
254 -7.72
255 -7.71
256 -7.74
257 -7.55
258 -7.63
259 -7.52
260 -7.75
261 -7.60
262 -7.74
263 -7.69
264 -7.62
265 -7.72
266 -7.62
267 -7.73
268 -7.76
269 -7.40
270 -7.73
271 -7.60
272 -7.70
273 -7.63
274 -7.64
275 -7.62
276 -5.24
277 -7.67
278 -7.76
279 -5.21
280 -7.55
281 -7.67
282 -7.73
283 -7.64
284 -7.69
285 -7.66
286 -7.73
287 -7.59
288 -7.57
289 -7.68
290 -7.71
291 -7.78
292 -7.71
293 -7.48
294 -7.69
295 -7.56
296 -7.68
297 -7.86
298 -7.75
299 -7.69
300 -7.76
301 -7.62
302 -7.77
303 -7.71
304 -7.78
305 -7.67
306 -7.66
307 -7.66
308 -7.76
309 -7.77
310 -7.75
311 -7.68
312 -7.73
313 -7.50
314 -7.54
315 -7.74
316 -7.73
317 -7.61
318 -7.71
319 -5.21
320 -7.62
321 -7.70
322 -7.63
323 -7.66
324 -7.63
325 -7.76
326 -7.83
327 -7.75
328 -7.62
329 -7.66
330 -7.59
331 -7.74
332 -7.79
333 -7.66
334 -7.68
335 -7.66
336 -7.63
337 -7.58
338 -7.87
339 -7.58
340 -7.71
341 -5.16
342 -7.67
343 -7.70
344 -7.73
345 -7.56
346 -7.72
347 -7.75
348 -7.82
349 -7.72
350 -7.57
351 -7.67
352 -7.83
353 -7.63
354 -7.83
355 -7.68
356 -7.55
357 -7.77
358 -5.19
359 -7.58
360 -7.69
361 -7.63
362 -7.77
363 -7.59
364 -7.74
365 -2.53
366 -7.73
367 -5.19
368 -7.63
369 -7.56
370 -7.69
371 -7.61
372 -7.62
373 -7.76
374 -7.51
375 -5.08
376 -7.78
377 -7.72
378 -5.22
379 -7.78
380 -7.64
381 -7.73
382 -7.66
383 -7.64
384 -7.72
385 -7.86
386 -7.57
387 -7.67
388 -7.64
389 -7.61
390 -7.66
391 -7.66
392 -7.54
393 -7.57
394 -7.75
395 -7.76
396 -7.60
397 -7.69
398 -7.49
399 -7.59
400 -7.66
401 -7.64
402 -7.74
403 -7.67
404 -7.57
405 -7.74
406 -7.63
407 -7.76
408 -7.88
409 -7.74
410 -7.48
411 -7.59
412 -7.64
413 -7.55
414 -7.72
415 -7.77
416 -7.64
417 -7.52
418 -7.74
419 -7.80
420 -7.64
421 -7.62
422 -7.69
423 -7.58
424 -7.42
425 -5.07
426 -7.55
427 -7.63
428 -7.66
429 -7.79
430 -5.12
431 -7.66
432 -7.79
433 -7.54
434 -7.81
435 -7.61
436 -7.48
437 -7.65
438 -7.64
439 -7.66
440 -7.69
441 -7.68
442 -7.48
443 -7.65
444 -7.81
445 -5.23
446 -7.74
447 -7.66
448 -7.62
449 -7.64
450 -7.73
451 -7.69
452 -7.71
453 -7.79
454 -7.70
455 -7.78
456 -4.95
457 -7.73
458 -7.73
459 -7.72
460 -7.61
461 -7.62
462 -7.64
463 -7.77
464 -7.62
465 -7.78
466 -7.61
467 -7.64
468 -7.73
469 -7.70
470 -7.57
471 -7.71
472 -7.62
473 -7.61
474 -7.57
475 -5.13
476 -7.56
477 -7.69
478 -7.65
479 -7.50
480 -7.74
481 -5.24
482 -7.64
483 -7.66
484 -7.60
485 -7.75
486 -7.62
487 -7.84
488 -7.62
489 -7.69
490 -7.81
491 -7.67
492 -7.51
493 -5.09
494 -7.66
495 -5.22
496 -7.63
497 -7.72
498 -7.62
499 -7.63
500 -7.81
501 -7.71
502 -7.65
503 -7.49
504 -7.77
505 -7.67
506 -7.48
507 -7.75
508 -7.59
509 -7.71
510 -7.80
511 -7.73
512 -7.74
513 -7.71
514 -5.08
515 -7.79
516 -7.68
517 -7.54
518 -7.64
519 -7.73
520 -7.69
521 -7.69
522 -7.68
523 -7.47
524 -7.64
525 -5.25
526 -7.58
527 -7.71
528 -7.48
529 -5.09
530 -7.68
531 -7.84
532 -7.60
533 -7.62
534 -7.66
535 -7.71
536 -7.54
537 -7.64
538 -7.69
539 -7.46
540 -7.83
541 -7.73
542 -7.65
543 -7.77
544 -7.57
545 -7.62
546 -7.69
547 -5.13
548 -7.67
549 -7.60
550 -7.73
551 -7.59
552 -7.61
553 -7.76
554 -7.57
555 -7.55
556 -7.63
557 -7.67
558 -7.65
559 -7.65
560 -7.60
561 -7.68
562 -7.57
563 -7.66
564 -7.67
565 -7.67
566 -7.79
567 -7.64
568 -7.74
569 -7.62
570 -7.75
571 -7.82
572 -7.67
573 -7.72
574 -7.74
575 -7.71
576 -7.79
577 -7.63
578 -7.71
579 -7.74
580 -5.24
581 -7.64
582 -7.73
583 -7.63
584 -7.63
585 -7.75
586 -7.58
587 -7.51
588 -7.76
589 -7.63
590 -7.55
591 -7.61
592 -7.64
593 -7.66
594 -7.59
595 -7.55
596 -7.83
597 -7.63
598 -7.63
599 -7.79
600 -7.74
601 -7.83
602 -7.73
603 -5.26
604 -7.77
605 -7.66
606 -7.59
607 -7.71
608 -7.58
609 -7.62
610 -7.63
611 -7.65
612 -7.57
613 -5.12
614 -5.28
615 -7.80
616 -5.06
617 -7.66
618 -7.82
619 -7.78
620 -7.56
621 -7.79
622 -7.63
623 -7.52
624 -7.67
625 -7.76
626 -7.73
627 -7.63
628 -7.89
629 -5.35
630 -7.77
631 -7.69
632 -7.67
633 -7.73
634 -5.26
635 -7.63
636 -7.81
637 -7.57
638 -7.67
639 -7.54
640 -7.67
641 -7.46
642 -7.65
643 -7.53
644 -7.73
645 -7.66
646 -7.67
647 -7.58
648 -7.44
649 -7.67
650 -7.55
651 -7.67
652 -7.52
653 -7.58
654 -7.60
655 -5.31
656 -7.68
657 -7.57
658 -7.71
659 -7.52
660 -7.89
661 -7.71
662 -7.81
663 -7.82
664 -7.71
665 -5.19
666 -7.71
667 -7.77
668 -5.26
669 -7.70
670 -7.68
671 -7.66
672 -7.78
673 -7.69
674 -7.70
675 -7.66
676 -7.75
677 -7.68
678 -7.61
679 -7.63
680 -7.72
681 -7.74
682 -5.22
683 -7.60
684 -7.66
685 -7.60
686 -7.79
687 -7.81
688 -7.62
689 -7.63
690 -7.76
691 -7.48
692 -7.66
693 -7.74
694 -7.86
695 -7.83
696 -7.70
697 -7.62
698 -7.78
699 -7.62
700 -7.91
701 -7.65
702 -7.73
703 -5.24
704 -7.59
705 -7.66
706 -7.49
707 -7.56
708 -7.70
709 -7.70
710 -7.73
711 -7.62
712 -7.65
713 -5.27
714 -7.62
715 -7.70
716 -5.10
717 -7.64
718 -7.70
719 -7.62
720 -7.68
721 -7.83
722 -7.75
723 -7.62
724 -7.66
725 -7.46
726 -7.69
727 -5.10
728 -7.65
729 -7.61
730 -7.75
731 -7.72
732 -7.68
733 -7.51
734 -7.68
735 -7.69
736 -5.33
737 -7.81
738 -7.74
739 -7.69
740 -7.66
741 -7.75
742 -7.63
743 -5.22
744 -7.70
745 -7.69
746 -7.71
747 -7.65
748 -7.68
749 -7.80
750 -7.65
751 -7.64
752 -7.85
753 -7.60
754 -7.78
755 -5.19
756 -7.73
757 -7.57
758 -7.50
759 -7.78
760 -7.70
761 -7.66
762 -7.72
763 -7.71
764 -7.53
765 -7.83
766 -7.65
767 -7.80
768 -7.66
769 -7.56
770 -7.65
771 -7.52
772 -7.67
773 -7.62
774 -7.68
775 -7.55
776 -7.71
777 -7.60
778 -7.73
779 -5.14
780 -7.82
781 -7.60
782 -7.56
783 -7.70
784 -7.55
785 -7.68
786 -7.58
787 -7.63
788 -7.64
789 -7.72
790 -7.71
791 -7.70
792 -7.65
793 -7.71
794 -7.60
795 -7.67
796 -7.72
797 -7.74
798 -7.54
799 -7.59
800 -7.57
801 -7.82
802 -7.72
803 -5.38
804 -7.62
805 -4.91
806 -7.73
807 -7.56
808 -7.56
809 -7.74
810 -7.74
811 -7.72
812 -7.71
813 -7.73
814 -5.16
815 -7.67
816 -7.65
817 -7.64
818 -7.64
819 -7.63
820 -7.59
821 -7.71
822 -7.81
823 -7.72
824 -7.71
825 -7.61
826 -7.63
827 -7.74
828 -7.80
829 -7.73
830 -7.75
831 -7.74
832 -7.75
833 -7.62
834 -7.55
835 -7.58
836 -7.62
837 -7.62
838 -7.77
839 -7.66
840 -7.70
841 -7.62
842 -7.77
843 -5.03
844 -7.70
845 -7.74
846 -7.79
847 -7.64
848 -7.49
849 -7.87
850 -7.71
851 -5.14
852 -7.72
853 -7.59
854 -7.78
855 -7.63
856 -7.58
857 -7.56
858 -7.63
859 -7.82
860 -7.63
861 -7.65
862 -7.80
863 -7.83
864 -7.73
865 -7.85
866 -7.58
867 -7.73
868 -7.56
869 -7.88
870 -7.73
871 -7.58
872 -7.64
873 -7.70
874 -5.15
875 -7.57
876 -7.63
877 -7.61
878 -7.62
879 -7.78
880 -7.61
881 -7.76
882 -7.79
883 -7.52
884 -7.73
885 -7.72
886 -7.76
887 -7.67
888 -4.93
889 -7.74
890 -7.56
891 -7.78
892 -7.71
893 -7.76
894 -5.17
895 -7.73
896 -7.51
897 -7.67
898 -7.62
899 -7.73
900 -7.78
901 -7.54
902 -7.74
903 -7.70
904 -7.71
905 -7.68
906 -7.65
907 -7.50
908 -7.86
909 -7.69
910 -7.66
911 -7.62
912 -7.70
913 -7.61
914 -7.67
915 -7.57
916 -7.81
917 -7.65
918 -7.77
919 -7.75
920 -7.74
921 -7.72
922 -5.22
923 -4.99
924 -7.75
925 -7.77
926 -7.78
927 -7.73
928 -7.66
929 -7.71
930 -7.66
931 -7.73
932 -7.62
933 -7.62
934 -7.58
935 -7.64
936 -7.62
937 -7.65
938 -7.71
939 -7.85
940 -7.69
941 -7.73
942 -7.81
943 -7.58
944 -7.69
945 -5.11
946 -7.71
947 -7.73
948 -7.71
949 -7.64
950 -7.65
951 -7.63
952 -7.77
953 -7.79
954 -7.63
955 -7.62
956 -7.49
957 -7.50
958 -7.66
959 -7.81
960 -7.57
961 -7.80
962 -7.78
963 -7.78
964 -7.69
965 -7.78
966 -7.66
967 -7.69
968 -7.46
969 -7.67
970 -7.64
971 -7.70
972 -7.67
973 -5.20
974 -7.72
975 -7.83
976 -7.68
977 -7.72
978 -7.74
979 -7.83
980 -7.71
981 -7.72
982 -7.65
983 -7.55
984 -7.88
985 -7.76
986 -7.70
987 -7.72
988 -7.75
989 -7.63
990 -7.70
991 -7.59
992 -7.81
993 -7.76
994 -7.69
995 -7.70
996 -7.69
997 -7.70
998 -7.62
999 -7.53
3799.818222284317
