0 -7.74
1 -8.68
2 -8.44
3 -7.53
4 -7.74
5 -5.15
6 -7.56
7 -8.15
8 -8.13
9 -7.57
10 -7.64
11 -7.73
12 -7.63
13 -9.69
14 -9.01
15 -5.19
16 -7.58
17 -5.28
18 -8.96
19 -10.08
20 -8.83
21 -8.48
22 -7.68
23 -8.73
24 -7.78
25 -8.68
26 -6.08
27 -8.01
28 -7.73
29 -7.62
30 -8.04
31 -7.86
32 -8.77
33 -5.09
34 -7.63
35 -5.89
36 -8.86
37 -9.79
38 -7.64
39 -7.45
40 -7.57
41 -7.82
42 -7.75
43 -7.57
44 -7.72
45 -7.66
46 -8.24
47 -5.40
48 -8.75
49 -7.75
50 -8.78
51 -0.14
52 -7.64
53 -8.23
54 -5.18
55 -8.81
56 -7.67
57 -7.72
58 -9.97
59 -5.51
60 -8.85
61 -7.76
62 -7.65
63 -7.84
64 -6.11
65 -8.85
66 -7.61
67 -10.00
68 -9.73
69 -8.48
70 -5.81
71 -9.90
72 -8.70
73 -7.62
74 -8.06
75 -7.75
76 -7.49
77 -8.57
78 -2.64
79 -8.82
80 -7.97
81 -7.72
82 -8.04
83 -7.92
84 -11.16
85 -8.51
86 -8.46
87 -6.67
88 -9.06
89 -7.66
90 -9.70
91 -7.74
92 -16.62
93 -7.92
94 -9.35
95 -7.97
96 -8.51
97 -7.60
98 -7.61
99 -7.67
100 -9.77
101 -7.73
102 -5.12
103 -7.71
104 -8.87
105 -7.79
106 -7.77
107 -9.38
108 -9.55
109 -7.54
110 -5.13
111 -8.78
112 -7.65
113 -5.06
114 -7.66
115 -7.54
116 -8.55
117 -7.74
118 -8.01
119 -8.79
120 -8.65
121 -4.93
122 -8.07
123 -7.73
124 -8.77
125 -8.47
126 -7.93
127 -9.21
128 -8.75
129 -7.53
130 -8.57
131 -8.68
132 -7.65
133 -7.89
134 -8.45
135 -8.41
136 -9.42
137 -8.11
138 -8.54
139 -7.64
140 -7.66
141 -7.77
142 -8.21
143 -7.67
144 -7.66
145 -7.61
146 -7.73
147 -5.18
148 -7.66
149 -7.88
150 -7.57
151 -9.02
152 -8.10
153 -8.45
154 -8.87
155 -9.28
156 -11.28
157 -7.47
158 -2.53
159 -9.60
160 -7.68
161 -5.64
162 -7.59
163 -8.33
164 -9.37
165 -8.45
166 -7.78
167 -5.31
168 -7.72
169 -7.68
170 -12.02
171 -7.69
172 -8.07
173 -8.09
174 -7.52
175 -7.93
176 -8.21
177 -7.94
178 -9.49
179 -7.65
180 -9.01
181 -7.63
182 -9.15
183 -8.03
184 -7.65
185 -7.91
186 -6.25
187 -7.72
188 -7.61
189 -7.62
190 -9.28
191 -9.79
192 -9.65
193 -3.84
194 -5.26
195 -7.62
196 -7.99
197 -8.43
198 -7.69
199 -8.96
200 -7.62
201 -9.78
202 -7.54
203 -9.05
204 -7.70
205 -7.47
206 -7.58
207 -7.46
208 -9.77
209 -7.76
210 -7.52
211 -8.71
212 -5.03
213 -5.88
214 -8.55
215 -7.73
216 -7.33
217 -7.74
218 -8.88
219 -7.50
220 -7.81
221 -8.53
222 -7.73
223 -8.62
224 -8.49
225 -7.71
226 -9.10
227 -7.64
228 -6.27
229 -8.05
230 -7.50
231 -8.05
232 -7.71
233 -7.74
234 -10.14
235 -7.84
236 -7.67
237 -5.10
238 -8.02
239 -7.55
240 -7.59
241 -5.55
242 -8.33
243 -7.62
244 -9.57
245 -8.00
246 -8.43
247 -7.75
248 -7.62
249 -8.59
250 -7.73
251 -4.90
252 -7.68
253 -7.72
254 -7.67
255 -8.95
256 -7.77
257 -8.49
258 -7.72
259 -8.74
260 -7.74
261 -7.69
262 -9.58
263 -8.35
264 -8.70
265 -7.86
266 -5.99
267 -7.73
268 -9.68
269 -8.61
270 -10.15
271 -8.41
272 -8.09
273 -7.58
274 -8.06
275 -5.24
276 -7.66
277 -8.44
278 -11.19
279 -9.77
280 -8.58
281 -8.74
282 -8.65
283 -5.56
284 -7.68
285 -9.87
286 -8.33
287 -14.86
288 -8.83
289 -9.99
290 -7.77
291 -10.06
292 -8.07
293 -8.60
294 -5.31
295 -7.73
296 -7.61
297 -5.77
298 -12.12
299 -7.63
300 -8.06
301 -7.75
302 -9.30
303 -9.82
304 -7.60
305 -7.41
306 -7.82
307 -8.41
308 -9.30
309 -7.63
310 -7.61
311 -5.84
312 -21.90
313 -5.23
314 -7.66
315 -8.08
316 -7.65
317 -7.63
318 -7.71
319 -8.00
320 -7.77
321 -8.90
322 -8.53
323 -8.01
324 -9.27
325 -8.39
326 -7.68
327 -8.47
328 -8.47
329 -8.37
330 -9.20
331 -8.54
332 -7.67
333 -7.73
334 -7.74
335 -8.54
336 -7.59
337 -7.57
338 -8.73
339 -7.58
340 -7.55
341 -8.81
342 -8.46
343 -7.76
344 -3.56
345 -8.58
346 -9.38
347 -7.73
348 -7.62
349 -8.03
350 -8.48
351 -9.69
352 -7.83
353 -8.95
354 -8.78
355 -12.38
356 -9.66
357 -8.43
358 -8.45
359 -5.18
360 -7.72
361 -4.77
362 -8.42
363 -9.73
364 -7.67
365 -7.26
366 -8.68
367 -7.64
368 -7.91
369 -5.17
370 -9.65
371 -9.24
372 -7.71
373 -10.39
374 -8.32
375 -9.10
376 -8.41
377 -5.14
378 -8.32
379 -11.75
380 -5.96
381 -9.70
382 -7.66
383 -8.98
384 -7.93
385 -7.61
386 -8.00
387 -9.26
388 -7.64
389 -9.08
390 -8.92
391 -7.76
392 -8.40
393 -8.72
394 -8.02
395 -5.13
396 -7.54
397 -8.35
398 -9.45
399 -7.56
400 -5.08
401 -10.92
402 -7.72
403 -2.53
404 -7.00
405 -7.65
406 -8.87
407 -8.05
408 -8.89
409 -7.77
410 -7.64
411 -7.61
412 -10.96
413 -6.07
414 -8.50
415 -7.78
416 -16.72
417 -7.63
418 -7.80
419 -9.57
420 -8.01
421 -7.57
422 -7.61
423 -7.69
424 -17.06
425 -8.63
426 -7.70
427 -8.46
428 -8.53
429 -9.59
430 -9.41
431 -4.24
432 -8.37
433 -9.90
434 -8.43
435 -9.33
436 -8.40
437 -8.75
438 -8.57
439 -9.77
440 -8.89
441 -8.60
442 -15.26
443 -10.08
444 -7.70
445 -8.56
446 -7.60
447 -7.69
448 -8.43
449 -7.93
450 -7.93
451 -9.54
452 -8.45
453 -5.08
454 -8.54
455 -7.70
456 -7.59
457 -9.26
458 -7.77
459 -8.78
460 -7.55
461 -7.60
462 -7.52
463 -8.64
464 -10.12
465 -7.72
466 -7.96
467 -8.49
468 -1.84
469 -9.12
470 -7.72
471 -6.95
472 -19.25
473 -9.32
474 -9.36
475 -7.23
476 -7.51
477 -8.48
478 -9.44
479 -15.67
480 -5.57
481 -12.31
482 -7.19
483 -8.53
484 -7.66
485 -5.36
486 -9.35
487 -7.73
488 -7.63
489 -8.08
490 -7.73
491 -7.60
492 -8.83
493 -8.47
494 -8.57
495 -10.09
496 -8.44
497 -9.82
498 -7.90
499 -5.83
500 -8.78
501 -8.43
502 -7.59
503 -6.11
504 -8.45
505 -8.50
506 -7.69
507 -8.12
508 -7.21
509 -8.46
510 -8.61
511 -7.61
512 -8.12
513 -8.96
514 -5.84
515 -8.39
516 -7.61
517 -8.82
518 -8.52
519 -10.85
520 -6.02
521 -7.80
522 -7.58
523 -9.28
524 -7.93
525 -8.83
526 -8.09
527 -7.39
528 -8.50
529 -7.61
530 -7.55
531 -5.11
532 -9.50
533 -8.56
534 -8.87
535 -8.69
536 -8.47
537 -7.62
538 -7.77
539 -8.54
540 -7.63
541 -8.10
542 -9.44
543 -15.53
544 -7.56
545 -9.30
546 -7.85
547 -7.67
548 -7.91
549 -8.31
550 -8.07
551 -7.77
552 -5.65
553 -8.71
554 -8.53
555 -9.68
556 -7.53
557 -5.26
558 -9.22
559 -8.15
560 -18.07
561 -8.92
562 -9.55
563 -8.74
564 -7.70
565 -8.51
566 -7.76
567 -8.43
568 -5.22
569 -2.78
570 -7.56
571 -7.74
572 -8.74
573 -7.78
574 -5.32
575 -7.53
576 -16.18
577 -7.96
578 -7.60
579 -8.52
580 -8.01
581 -8.68
582 -8.53
583 -8.17
584 -9.33
585 -8.83
586 -7.79
587 -8.05
588 -8.27
589 -9.65
590 -10.14
591 -7.63
592 -6.34
593 -7.78
594 -9.71
595 -8.60
596 -5.13
597 -7.89
598 -10.56
599 -2.54
600 -7.79
601 -9.27
602 -10.11
603 -7.71
604 -7.70
605 -7.75
606 -8.35
607 -7.79
608 -7.79
609 -5.55
610 -7.77
611 -8.50
612 -7.12
613 -8.15
614 -7.71
615 -5.29
616 -5.50
617 -5.07
618 -9.76
619 -8.43
620 -7.63
621 -7.94
622 -10.69
623 -9.43
624 -9.28
625 -7.74
626 -8.55
627 -7.79
628 -8.37
629 -7.87
630 -4.99
631 -8.11
632 -7.65
633 -8.44
634 -7.71
635 -10.65
636 -9.02
637 -8.47
638 -7.64
639 -8.85
640 -10.98
641 -7.63
642 -8.53
643 -7.59
644 -7.55
645 -9.19
646 -9.49
647 -4.99
648 -8.65
649 -7.56
650 -8.55
651 -9.60
652 -7.72
653 -7.67
654 -8.50
655 -8.44
656 -11.28
657 -8.01
658 -8.67
659 -8.03
660 -5.14
661 -7.90
662 -7.59
663 -5.33
664 -8.49
665 -8.68
666 -7.69
667 -5.97
668 -8.75
669 -7.60
670 -9.82
671 -8.63
672 -8.63
673 -5.18
674 -9.33
675 -14.48
676 -9.28
677 -8.10
678 -8.83
679 -10.01
680 -8.66
681 -8.13
682 -5.19
683 -8.60
684 -9.72
685 -5.23
686 -8.39
687 -7.62
688 -8.01
689 -5.21
690 -7.59
691 -5.30
692 -8.42
693 -8.40
694 -7.75
695 -7.80
696 -9.33
697 -7.65
698 -9.81
699 -7.48
700 -9.71
701 -9.93
702 -8.61
703 -7.67
704 -7.73
705 -7.66
706 -7.58
707 -10.42
708 -9.32
709 -5.21
710 -7.82
711 -5.91
712 -5.22
713 -8.45
714 -7.57
715 -2.61
716 -7.64
717 -8.48
718 -8.42
719 -8.41
720 -7.56
721 -8.59
722 -7.58
723 -8.92
724 -9.88
725 -6.77
726 -12.51
727 -7.40
728 -8.59
729 -7.75
730 -7.60
731 -7.63
732 -7.70
733 -8.49
734 -8.54
735 -8.73
736 -8.46
737 -8.10
738 -7.79
739 -8.37
740 -7.68
741 -8.51
742 -5.16
743 -7.66
744 -7.78
745 -5.94
746 -7.68
747 -8.12
748 -5.16
749 -8.87
750 -7.64
751 -6.75
752 -9.05
753 -9.82
754 -7.76
755 -7.74
756 -8.49
757 -6.44
758 -7.72
759 -7.75
760 -8.13
761 -7.62
762 -11.25
763 -8.49
764 -9.58
765 -10.24
766 -10.11
767 -7.68
768 -5.04
769 -9.29
770 -7.71
771 -5.11
772 -7.64
773 -7.62
774 -8.51
775 -9.21
776 -5.12
777 -8.49
778 -5.61
779 -7.70
780 -8.31
781 -8.70
782 -7.67
783 -7.65
784 -6.06
785 -7.71
786 -8.61
787 -9.29
788 -16.35
789 -7.34
790 -8.46
791 -9.22
792 -7.68
793 -7.75
794 -8.37
795 -7.70
796 -8.94
797 -9.29
798 -7.62
799 -9.23
800 -8.40
801 -8.47
802 -9.56
803 -7.64
804 -5.57
805 -9.77
806 -8.46
807 -7.65
808 -10.45
809 -8.45
810 -5.10
811 -11.36
812 -8.01
813 -12.05
814 -8.20
815 -8.39
816 -7.62
817 -8.54
818 -20.36
819 -9.60
820 -8.94
821 -7.87
822 -9.26
823 -10.91
824 -6.01
825 -7.69
826 -9.71
827 -8.47
828 -7.80
829 -7.58
830 -8.99
831 -8.39
832 -8.13
833 -8.92
834 -9.32
835 -16.96
836 -8.57
837 -7.66
838 -7.77
839 -8.25
840 -8.23
841 -7.76
842 -7.63
843 -7.66
844 -3.50
845 -7.79
846 -9.82
847 -4.81
848 -5.14
849 -5.87
850 -8.48
851 -8.78
852 -6.70
853 -7.71
854 -10.11
855 -7.83
856 -7.54
857 -10.43
858 -9.43
859 -8.03
860 -8.56
861 -9.39
862 -7.98
863 -5.93
864 -8.74
865 -7.01
866 -9.87
867 -7.81
868 -7.15
869 -8.55
870 -9.93
871 -7.73
872 -9.07
873 -9.23
874 -9.61
875 -7.79
876 -5.98
877 -20.83
878 -8.64
879 -8.51
880 -5.24
881 -9.71
882 -7.71
883 -8.75
884 -5.96
885 -8.44
886 -9.38
887 -9.71
888 -9.81
889 -7.78
890 -2.66
891 -7.53
892 -9.27
893 -7.65
894 -8.15
895 -5.48
896 -7.64
897 -9.63
898 -7.75
899 -7.50
900 -11.57
901 -7.63
902 -5.93
903 -7.62
904 -8.75
905 -9.14
906 -8.48
907 -9.40
908 -9.21
909 -7.82
910 -9.74
911 -5.86
912 -20.40
913 -7.60
914 -9.63
915 -7.68
916 -7.60
917 -5.27
918 -8.64
919 -8.78
920 -8.06
921 -13.65
922 -7.79
923 -8.95
924 -8.26
925 -9.23
926 -5.02
927 -7.69
928 -7.58
929 -5.02
930 -10.36
931 -7.95
932 -4.38
933 -9.35
934 -5.49
935 -8.02
936 -7.74
937 -7.70
938 -7.53
939 -7.76
940 -7.58
941 -19.16
942 -9.75
943 -8.49
944 -6.05
945 -8.92
946 -5.57
947 -8.38
948 -7.86
949 -9.91
950 -9.56
951 -7.55
952 -8.27
953 -7.49
954 -7.51
955 -7.66
956 -8.10
957 -8.54
958 -5.92
959 -8.47
960 -5.20
961 -8.13
962 -7.00
963 -8.53
964 -7.63
965 -8.54
966 -7.87
967 -7.95
968 -8.00
969 -8.70
970 -5.19
971 -5.22
972 -5.16
973 -7.69
974 -7.36
975 -8.33
976 -5.10
977 -7.71
978 -7.89
979 -11.22
980 -8.61
981 -7.78
982 -5.57
983 -8.41
984 -8.39
985 -7.73
986 -8.51
987 -8.86
988 -9.34
989 -8.43
990 -5.23
991 -7.90
992 -2.74
993 -7.56
994 -7.71
995 -7.78
996 -8.44
997 -7.63
998 -6.09
999 -7.70
1792.630826473236
