0 22.66000000000016
1 8.644999999999499
2 -1.7399999999999098
3 18.500000000000192
4 3.960000000000112
5 7.449999999999785
6 22.665000000000123
7 8.81999999999952
8 18.07499999999963
9 12.674999999999399
10 -1.2299999999999176
11 -1.3349999999999187
12 -1.179999999999919
13 8.319999999999581
14 17.95499999999998
15 3.8450000000001188
16 -1.6649999999999112
17 12.730000000000018
18 3.4449999999999967
19 -1.619999999999909
20 18.079999999999917
21 3.7100000000001296
22 3.425000000000118
23 8.354999999999345
24 8.504999999999526
25 -1.4349999999999141
26 8.904999999999827
27 8.924999999999265
28 7.889999999999696
29 -1.0299999999999183
30 18.50499999999995
31 -1.0249999999999202
32 8.634999999999334
33 17.88999999999983
34 -1.0299999999999174
35 3.9599999999998916
36 -2.5199999999999023
37 3.4649999999999714
38 6.044999999999989
39 8.424999999999535
40 8.42999999999981
41 3.830000000000129
42 -3.699999999999871
43 3.4350000000000884
44 -1.1799999999999184
45 8.934999999999722
46 -2.1599999999999007
47 -0.8949999999999186
48 -1.4949999999999106
49 12.94499999999997
50 8.749999999999694
51 3.569999999999963
52 4.234999999999857
53 -0.9549999999999185
54 2.0699999999999745
55 -0.8099999999999203
56 3.9300000000000113
57 3.9300000000001294
58 -2.3949999999999023
59 9.159999999999238
60 -0.7099999999999194
61 17.814999999999753
62 3.23500000000009
63 3.115000000000143
64 3.7900000000000587
65 3.72500000000013
66 3.1700000000000763
67 2.875000000000152
68 8.004999999999777
69 -1.1049999999999183
70 4.134999999999888
71 8.909999999999252
72 -2.499999999999899
73 -1.3099999999999155
74 16.935000000000233
75 8.96999999999925
76 12.825000000000026
77 17.14499999999982
78 7.7249999999999215
79 -1.4199999999999113
80 -1.484999999999915
81 -0.9599999999999189
82 3.2850000000001387
83 7.599999999999292
84 8.01999999999991
85 4.2799999999998475
86 -0.9549999999999187
87 -1.0699999999999183
88 -1.0999999999999184
89 -1.1349999999999172
90 3.5400000000001377
91 -0.7449999999999195
92 -1.8349999999999071
93 -0.9299999999999193
94 3.6550000000000846
95 -0.8799999999999186
96 -1.2849999999999169
97 19.265000000000715
98 3.9349999999998655
99 3.344999999999896
100 -1.0799999999999186
101 4.319999999999882
102 3.829999999999907
103 3.8199999999998235
104 -1.3249999999999136
105 3.825000000000119
106 13.119999999999735
107 -0.6999999999999187
108 -0.8699999999999191
109 -0.8249999999999188
110 8.469999999999452
111 3.749999999999999
112 -1.0499999999999179
113 -1.0099999999999196
114 13.509999999999295
115 4.7199999999998115
116 -0.8549999999999195
117 4.005000000000128
118 -0.7999999999999181
119 -0.24999999999991682
120 -2.3649999999998963
121 -0.7599999999999181
122 -0.9349999999999185
123 4.424999999999802
124 -0.6749999999999184
125 -0.8499999999999175
126 4.199999999999817
127 4.065000000000053
128 -1.079999999999919
129 4.2250000000000805
130 -1.3499999999999153
131 -1.2949999999999149
132 4.2499999999998375
133 4.70999999999981
134 -2.0099999999999083
135 -0.8449999999999188
136 4.3499999999998815
137 -1.9549999999999066
138 -0.5499999999999181
139 9.114999999999197
140 3.574999999999875
141 -0.5049999999999178
142 -2.2449999999998966
143 4.109999999999821
144 8.524999999999645
145 -0.19499999999991677
146 -0.869999999999918
147 -0.8799999999999204
148 -0.874999999999918
149 3.6699999999998303
150 4.019999999999921
151 -1.2849999999999129
152 4.214999999999961
153 -0.7849999999999185
154 3.1550000000001432
155 -1.3449999999999158
156 3.91000000000001
157 -1.2849999999999173
158 4.574999999999793
159 -0.7749999999999201
160 -0.1249999999999165
161 3.435000000000075
162 9.05999999999927
163 -0.5549999999999179
164 -0.749999999999919
165 8.854999999999233
166 3.8499999999999206
167 -0.8199999999999177
168 3.9549999999998473
169 3.6100000000000834
170 -0.859999999999917
171 -0.8749999999999182
172 -0.5749999999999181
173 3.8400000000001153
174 -0.7649999999999176
175 4.000000000000123
176 -1.1199999999999142
177 8.704999999999913
178 -0.6399999999999175
179 -0.9749999999999205
180 13.960000000000196
181 -0.30999999999991706
182 3.9349999999998397
183 -0.7049999999999178
184 -0.7999999999999174
185 3.7299999999999036
186 -0.21999999999991757
187 4.2050000000001235
188 8.754999999999786
189 4.284999999999862
190 -0.32499999999991663
191 -1.1149999999999158
192 -1.1999999999999165
193 -0.8649999999999173
194 -0.15999999999991607
195 -1.0699999999999192
196 -0.3349999999999174
197 4.449999999999798
198 -0.7099999999999176
199 4.4199999999998125
200 -0.1599999999999163
201 9.164999999999191
202 -0.5349999999999165
203 -0.584999999999917
204 -0.6199999999999167
205 -0.17999999999991695
206 -0.6399999999999166
207 -1.234999999999916
208 -0.7099999999999169
209 -0.7049999999999182
210 -0.6149999999999164
211 -0.7999999999999181
212 4.029999999999975
213 -0.5599999999999161
214 -0.7499999999999174
215 4.054999999999955
216 -1.1699999999999138
217 -0.679999999999918
218 -0.3399999999999175
219 9.07499999999979
220 -0.8299999999999179
221 -0.3149999999999173
222 -0.5049999999999183
223 -0.7199999999999175
224 -0.8699999999999195
225 3.8299999999998393
226 9.40999999999942
227 9.169999999999211
228 4.200000000000108
229 4.110000000000105
230 -0.9249999999999171
231 -0.889999999999918
232 9.129999999999232
233 -0.7449999999999168
234 7.979999999999586
235 -0.23499999999991703
236 14.395000000000268
237 -0.7749999999999165
238 4.440000000000025
239 4.739999999999859
240 -0.24999999999991657
241 -0.7049999999999171
242 4.73499999999979
243 -0.779999999999918
244 -0.6199999999999201
245 -0.7249999999999203
246 3.8700000000000374
247 -0.28999999999991793
248 -0.8149999999999179
249 4.545000000000114
250 -0.8349999999999181
251 -0.5999999999999188
252 4.070000000000001
253 -0.36999999999991734
254 4.234999999999792
255 -0.37499999999991823
256 -0.26999999999991614
257 9.194999999999279
258 -0.3749999999999171
259 8.709999999999143
260 -1.5049999999999104
261 3.4350000000001
262 4.609999999999794
263 4.110000000000059
264 3.9500000000000917
265 -0.594999999999917
266 -1.5649999999999105
267 -0.2599999999999166
268 8.194999999999803
269 -0.8649999999999182
270 -0.16999999999991586
271 -0.7699999999999176
272 4.0200000000001275
273 -0.8449999999999175
274 -0.7399999999999172
275 -0.8999999999999169
276 9.029999999999243
277 -0.8999999999999191
278 -0.4849999999999168
279 4.699999999999788
280 12.25499999999981
281 9.029999999999207
282 -0.839999999999919
283 4.435000000000101
284 9.08499999999916
285 8.579999999999547
286 4.675000000000006
287 3.7249999999998504
288 4.484999999999831
289 -0.4799999999999161
290 3.794999999999831
291 -1.0049999999999186
292 -0.1499999999999167
293 4.034999999999874
294 3.9600000000001288
295 -1.309999999999912
296 3.7500000000001057
297 -0.9449999999999178
298 -0.8549999999999174
299 -0.6349999999999177
300 9.014999999999466
301 3.74000000000013
302 -0.7399999999999165
303 4.774999999999789
304 4.265000000000066
305 -0.11499999999991624
306 8.824999999999193
307 -0.43499999999991673
308 -0.10999999999991647
309 8.97499999999925
310 -1.1249999999999143
311 -0.6399999999999169
312 3.3349999999998925
313 4.084999999999811
314 8.644999999999467
315 4.045000000000127
316 -1.2649999999999137
317 4.444999999999919
318 -0.659999999999916
319 -0.569999999999919
320 4.094999999999867
321 8.694999999999284
322 -0.7199999999999173
323 3.890000000000035
324 -0.6799999999999176
325 -0.5299999999999203
326 9.03499999999972
327 -0.2699999999999177
328 -0.7549999999999174
329 4.005000000000124
330 -0.9749999999999169
331 -0.744999999999919
332 -0.7599999999999181
333 8.754999999999592
334 13.99499999999926
335 4.470000000000118
336 8.749999999999542
337 9.069999999999272
338 -1.5649999999999094
339 4.155000000000125
340 -1.4199999999999116
341 3.775000000000129
342 3.714999999999911
343 -0.6199999999999171
344 -0.13999999999991627
345 4.619999999999808
346 4.34499999999983
347 -0.18499999999991695
348 -0.2649999999999168
349 -0.5599999999999197
350 9.094999999999182
351 4.244999999999903
352 -0.7799999999999165
353 -0.6949999999999176
354 -0.41499999999991716
355 -0.6949999999999167
356 -0.13999999999991694
357 -0.8099999999999179
358 -0.2049999999999159
359 -0.8049999999999178
360 -0.8399999999999214
361 -0.369999999999916
362 -0.24999999999991615
363 -0.8849999999999186
364 -0.599999999999917
365 -0.8449999999999186
366 8.99499999999928
367 -0.809999999999921
368 -0.6849999999999173
369 4.14499999999985
370 3.9550000000000907
371 7.739999999999989
372 2.870000000000152
373 -0.5449999999999179
374 3.9850000000001176
375 2.9999999999998783
376 -0.6399999999999182
377 -0.8449999999999177
378 9.544999999999462
379 9.10999999999917
380 4.234999999999808
381 17.73000000000008
382 -0.2999999999999173
383 -1.1849999999999175
384 -0.8149999999999168
385 13.749999999999845
386 -0.5549999999999161
387 4.244999999999832
388 -0.6349999999999164
389 4.78499999999978
390 -0.6049999999999168
391 -0.9099999999999178
392 -0.6699999999999167
393 -0.8699999999999228
394 4.700000000000068
395 -0.37499999999991646
396 4.414999999999782
397 -0.8899999999999206
398 -0.19499999999991632
399 4.139999999999854
400 4.475000000000118
401 4.114999999999819
402 4.399999999999776
403 4.614999999999865
404 -0.6649999999999171
405 -0.11499999999991646
406 -0.29999999999991617
407 -0.1249999999999156
408 -0.6349999999999177
409 -1.0249999999999164
410 -0.4349999999999174
411 3.945000000000106
412 4.635000000000044
413 9.304999999999275
414 -0.794999999999917
415 -0.6499999999999166
416 -0.7149999999999171
417 -0.5949999999999164
418 4.619999999999782
419 -0.4349999999999165
420 -0.1999999999999161
421 -0.7149999999999176
422 -0.3549999999999161
423 -0.9349999999999178
424 3.790000000000127
425 -0.6199999999999166
426 -0.6999999999999167
427 -0.9199999999999195
428 4.859999999999828
429 4.265000000000073
430 3.505000000000088
431 4.484999999999792
432 -0.7799999999999161
433 24.350000000001042
434 4.369999999999785
435 -0.7099999999999176
436 3.740000000000121
437 14.180000000000213
438 -0.5599999999999163
439 -1.47999999999991
440 4.104999999999809
441 4.049999999999881
442 -0.9099999999999193
443 -0.12499999999991626
444 -0.05999999999991599
445 -0.18499999999991606
446 -0.20999999999991567
447 -1.0449999999999162
448 4.79499999999978
449 -0.5599999999999161
450 -0.13999999999991583
451 -0.709999999999918
452 -0.4399999999999174
453 -1.294999999999912
454 -0.13999999999991605
455 4.254999999999967
456 -0.6249999999999162
457 -0.6199999999999184
458 -0.7299999999999176
459 -0.8799999999999191
460 -0.24499999999991656
461 -0.13499999999991605
462 -1.174999999999917
463 2.850000000000091
464 -0.07499999999991688
465 -1.134999999999917
466 -0.5949999999999162
467 4.419999999999784
468 -0.1949999999999172
469 9.619999999999413
470 9.214999999999451
471 4.32499999999979
472 -0.12999999999991582
473 4.2299999999998255
474 -0.5649999999999172
475 -1.0099999999999176
476 4.759999999999786
477 -0.1249999999999156
478 -1.0399999999999179
479 -0.22499999999991635
480 -1.0699999999999168
481 -0.6449999999999173
482 9.769999999999259
483 -0.6699999999999169
484 -0.18499999999991587
485 -0.14999999999991626
486 -0.5949999999999184
487 -0.30999999999991595
488 -0.49499999999991656
489 4.364999999999796
490 -0.339999999999916
491 9.73999999999923
492 -0.4999999999999161
493 -0.11999999999991627
494 -0.14999999999991584
495 -1.4299999999999082
496 -0.23499999999991592
497 -0.7449999999999178
498 -0.4149999999999167
499 -0.22999999999991702
500 4.844999999999773
501 -0.2899999999999166
502 4.644999999999836
503 -0.06499999999991599
504 -0.17499999999991653
505 -0.214999999999917
506 -0.5499999999999166
507 -0.6349999999999166
508 -0.1699999999999163
509 4.33499999999982
510 -0.5699999999999175
511 -0.06999999999991577
512 -0.9099999999999189
513 9.00499999999931
514 -0.5949999999999162
515 4.689999999999826
516 9.249999999999154
517 -0.5449999999999161
518 -1.2349999999999157
519 -0.1299999999999158
520 4.35000000000012
521 -0.1949999999999161
522 -0.739999999999919
523 3.9800000000000804
524 9.19499999999955
525 -1.0499999999999172
526 4.259999999999812
527 13.92000000000032
528 -0.30999999999991684
529 9.269999999999266
530 -1.1949999999999152
531 -0.4799999999999161
532 3.9500000000001236
533 -0.6449999999999175
534 3.799999999999886
535 8.939999999999209
536 9.109999999999363
537 -0.5099999999999185
538 -0.14499999999991606
539 -0.8649999999999177
540 4.26499999999986
541 4.904999999999756
542 8.944999999999627
543 -0.09999999999991581
544 -0.13999999999991605
545 4.4849999999999834
546 3.9200000000000967
547 -0.09499999999991601
548 3.6550000000001193
549 4.264999999999821
550 -0.6449999999999164
551 4.814999999999841
552 8.589999999999714
553 -0.25499999999991657
554 9.079999999999895
555 -0.5599999999999168
556 4.334999999999825
557 8.949999999999774
558 4.1449999999998095
559 -1.2349999999999133
560 4.799999999999774
561 -0.5799999999999175
562 4.04999999999982
563 -1.0349999999999169
564 -0.1999999999999161
565 -0.10499999999991559
566 -0.13499999999991627
567 -0.6799999999999173
568 -0.15499999999991582
569 13.99999999999998
570 -0.6299999999999186
571 -0.1849999999999161
572 4.3599999999997925
573 -1.6249999999999056
574 -0.5949999999999159
575 -0.8999999999999186
576 4.779999999999775
577 -0.5449999999999168
578 3.8600000000001273
579 4.359999999999853
580 -0.6699999999999169
581 -1.0949999999999163
582 -0.7799999999999183
583 4.119999999999853
584 -0.1549999999999163
585 -0.574999999999919
586 -0.4849999999999188
587 4.409999999999793
588 4.224999999999833
589 -0.07999999999991578
590 -0.1649999999999163
591 4.315000000000121
592 4.350000000000119
593 -0.6049999999999168
594 -0.10499999999991624
595 9.249999999999424
596 -0.7699999999999174
597 14.525000000000075
598 -0.7349999999999167
599 4.23999999999979
600 4.215000000000123
601 -0.07499999999991555
602 9.089999999999915
603 -0.6449999999999171
604 -0.6049999999999164
605 4.259999999999839
606 -1.7499999999999052
607 9.339999999999227
608 -0.5449999999999174
609 -0.6399999999999166
610 -0.1249999999999167
611 -0.579999999999921
612 -0.7049999999999169
613 8.869999999999607
614 4.15000000000012
615 3.995000000000127
616 4.24999999999983
617 13.924999999999855
618 3.8200000000001264
619 4.400000000000119
620 -1.2749999999999126
621 4.610000000000057
622 -0.4949999999999161
623 14.195000000000302
624 4.384999999999776
625 -0.18499999999991631
626 -0.7649999999999192
627 4.449999999999798
628 4.809999999999758
629 -0.5799999999999166
630 9.904999999999234
631 4.834999999999763
632 9.194999999999197
633 -0.8499999999999175
634 -1.0649999999999151
635 -0.8199999999999181
636 -0.10999999999991601
637 9.08500000000004
638 -0.9249999999999184
639 -0.6099999999999159
640 -0.12999999999991604
641 -0.8599999999999179
642 -0.564999999999917
643 -0.9499999999999187
644 -0.349999999999916
645 14.345000000000338
646 4.315000000000121
647 -0.21499999999991565
648 -0.11499999999991581
649 -0.8099999999999179
650 -0.09999999999991557
651 -0.9549999999999182
652 -0.1199999999999158
653 9.74499999999927
654 -0.5599999999999166
655 -0.5649999999999163
656 9.864999999999226
657 9.695000000000048
658 -0.5299999999999163
659 -0.6399999999999164
660 -0.649999999999916
661 -0.3399999999999164
662 -0.9699999999999194
663 -0.7949999999999184
664 4.824999999999806
665 -0.5449999999999159
666 -0.1999999999999161
667 4.754999999999773
668 4.489999999999768
669 -0.43499999999991806
670 -0.6699999999999169
671 -0.11999999999991603
672 4.4099999999997985
673 -0.09499999999991557
674 4.1449999999999125
675 -0.6349999999999169
676 -0.10999999999991558
677 4.859999999999766
678 -0.6749999999999167
679 4.904999999999763
680 -0.08999999999991579
681 -0.7249999999999185
682 -1.2249999999999133
683 -0.7449999999999172
684 -0.1249999999999158
685 -0.6849999999999179
686 -0.6299999999999166
687 -0.21999999999991635
688 4.064999999999809
689 -0.6949999999999169
690 -0.8199999999999182
691 4.499999999999827
692 -0.5949999999999166
693 -1.1399999999999175
694 3.459999999999839
695 -0.5749999999999159
696 -0.16999999999991586
697 -0.15499999999991607
698 4.904999999999758
699 -0.15999999999991585
700 4.694999999999828
701 4.359999999999791
702 -1.0949999999999183
703 -0.5049999999999163
704 4.285000000000122
705 -0.5699999999999159
706 4.784999999999821
707 4.550000000000116
708 -0.19999999999991633
709 4.139999999999823
710 -0.5049999999999161
711 4.275000000000116
712 -0.6149999999999166
713 -0.07499999999991576
714 -0.9849999999999185
715 -0.16999999999991564
716 -0.6399999999999191
717 -0.1299999999999158
718 -0.8849999999999177
719 -0.1649999999999163
720 -0.5849999999999166
721 -0.6299999999999168
722 -0.16499999999991627
723 -0.15999999999991585
724 4.195000000000124
725 -0.14999999999991606
726 -0.9649999999999196
727 -0.19999999999991744
728 -0.4949999999999161
729 4.844999999999786
730 -0.2049999999999173
731 -0.5799999999999168
732 -0.13999999999991583
733 -0.7299999999999165
734 3.8900000000001294
735 -0.6249999999999162
736 -0.29999999999991683
737 -0.6549999999999166
738 -0.12499999999991604
739 -0.11999999999991626
740 -0.3449999999999162
741 -0.06999999999991577
742 -1.209999999999913
743 -0.11999999999991581
744 -0.5299999999999168
745 9.789999999999234
746 3.9749999999998096
747 -0.7249999999999165
748 -0.5799999999999159
749 4.779999999999819
750 -0.15999999999991563
751 4.789999999999787
752 4.829999999999814
753 -0.6099999999999164
754 -0.5749999999999168
755 -0.06499999999991576
756 -0.5999999999999175
757 3.4150000000001386
758 -0.5549999999999161
759 -0.2199999999999168
760 -0.5399999999999168
761 -0.3049999999999177
762 4.100000000000122
763 -1.069999999999918
764 4.2550000000001225
765 4.254999999999814
766 -0.6399999999999164
767 4.854999999999757
768 -0.15499999999991607
769 -0.11499999999991581
770 4.134999999999879
771 -0.04999999999991555
772 3.150000000000095
773 -0.084999999999916
774 4.3499999999998105
775 -0.15499999999991607
776 4.094999999999832
777 -0.11499999999991625
778 -0.6299999999999168
779 -0.09499999999991601
780 4.194999999999828
781 -0.5049999999999172
782 -0.40499999999991737
783 -1.129999999999917
784 -0.8399999999999194
785 -0.6899999999999178
786 -0.5449999999999163
787 -0.7249999999999165
788 4.094999999999926
789 -0.10999999999991558
790 -0.7699999999999163
791 4.734999999999829
792 -0.814999999999919
793 -0.1849999999999161
794 4.520000000000117
795 -0.08499999999991578
796 3.360000000000138
797 -0.07999999999991578
798 -0.5549999999999186
799 -1.1599999999999142
800 4.599999999999814
801 -0.09999999999991602
802 -0.8599999999999186
803 8.994999999999274
804 -0.6699999999999171
805 4.724999999999776
806 -0.6149999999999162
807 -0.3049999999999164
808 -0.17999999999991587
809 3.6600000000001325
810 -0.4299999999999165
811 3.7699999999998264
812 -0.6249999999999184
813 9.114999999999766
814 -1.3549999999999105
815 -0.6199999999999162
816 -0.7299999999999167
817 4.75999999999978
818 -0.8899999999999193
819 -0.7099999999999167
820 -0.1349999999999156
821 4.475000000000118
822 -0.1349999999999156
823 4.66000000000011
824 -0.14499999999991606
825 -0.6549999999999173
826 -0.14999999999991648
827 -0.11999999999991581
828 6.789999999999957
829 -0.9749999999999174
830 9.39999999999918
831 -0.3499999999999169
832 -0.6149999999999171
833 3.98499999999985
834 -0.6299999999999168
835 4.899999999999758
836 8.744999999999298
837 -0.7149999999999183
838 -0.9699999999999167
839 -0.12499999999991582
840 8.199999999999692
841 4.779999999999778
842 -0.2899999999999168
843 -0.2649999999999168
844 -0.12999999999991602
845 -0.6549999999999164
846 -0.7099999999999173
847 -0.6599999999999178
848 -0.3299999999999175
849 -0.7199999999999174
850 -0.14999999999991584
851 -0.1999999999999161
852 4.919999999999759
853 -0.8049999999999166
854 -0.10499999999991558
855 -0.17499999999991583
856 3.6050000000000804
857 9.64999999999982
858 -0.024999999999916225
859 -0.5999999999999166
860 4.174999999999818
861 -1.1199999999999164
862 -0.06499999999991599
863 -0.9899999999999192
864 4.74500000000011
865 -0.18499999999991562
866 -0.1849999999999172
867 -0.23499999999991592
868 -0.16499999999991607
869 -0.5549999999999166
870 4.1150000000001254
871 4.854999999999764
872 -0.1349999999999156
873 -0.17999999999991717
874 -0.2049999999999161
875 -0.894999999999918
876 4.284999999999874
877 9.589999999999288
878 -0.264999999999917
879 -0.13499999999991583
880 -0.15999999999991585
881 -0.974999999999918
882 -0.2049999999999161
883 -0.19499999999991563
884 -0.6249999999999175
885 -0.07499999999991577
886 9.154999999999175
887 -0.1599999999999163
888 -0.19499999999991632
889 4.899999999999783
890 -0.9499999999999178
891 -0.254999999999917
892 -0.05499999999991555
893 -0.8549999999999182
894 -0.2099999999999159
895 8.994999999999717
896 -0.1099999999999158
897 -0.7599999999999183
898 -0.15499999999991562
899 -0.14499999999991628
900 4.824999999999795
901 9.809999999999231
902 -0.6199999999999164
903 -0.5349999999999168
904 -0.734999999999918
905 -0.35999999999991666
906 -0.1049999999999158
907 -0.3199999999999173
908 -0.6599999999999162
909 -0.8699999999999204
910 -1.0249999999999166
911 -0.6399999999999162
912 4.829999999999829
913 -0.6549999999999171
914 4.7949999999997726
915 -0.19999999999991566
916 -0.044999999999915774
917 4.334999999999855
918 -1.0099999999999183
919 4.1900000000001185
920 -0.1099999999999158
921 -0.2649999999999159
922 -0.6699999999999169
923 -0.23999999999991659
924 -0.7549999999999185
925 -0.9499999999999189
926 -0.14999999999991606
927 9.854999999999245
928 -0.199999999999916
929 4.364999999999808
930 4.834999999999759
931 -0.12999999999991582
932 -0.05999999999991577
933 3.43000000000014
934 -0.13499999999991583
935 -0.10499999999991558
936 -0.1599999999999165
937 4.5699999999998075
938 8.909999999999625
939 -0.14499999999991584
940 -0.5499999999999161
941 -0.1449999999999156
942 -0.17999999999991564
943 -0.16999999999991586
944 -0.1249999999999156
945 -0.10999999999991558
946 -0.1249999999999156
947 -0.1549999999999163
948 -0.384999999999918
949 -0.6649999999999171
950 -0.854999999999919
951 4.614999999999801
952 -0.08999999999991556
953 4.789999999999824
954 4.929999999999757
955 -0.7549999999999167
956 -0.5499999999999163
957 13.954999999999764
958 -0.38999999999991736
959 -0.14999999999991562
960 4.859999999999766
961 -0.5049999999999163
962 4.80499999999981
963 -0.15999999999991626
964 4.364999999999792
965 9.20499999999984
966 -0.7149999999999174
967 -0.10999999999991557
968 -0.02499999999991578
969 4.449999999999771
970 4.235000000000086
971 9.149999999999448
972 -1.2299999999999123
973 -0.07499999999991577
974 4.7049999999998455
975 3.919999999999944
976 -0.5849999999999164
977 -0.7849999999999168
978 9.249999999999199
979 -0.7849999999999185
980 23.34999999999962
981 -0.31999999999991574
982 -1.1299999999999144
983 -0.21999999999991612
984 -0.32499999999991774
985 4.164999999999955
986 9.22999999999923
987 4.244999999999852
988 -0.23999999999991659
989 9.814999999999223
990 -0.16499999999991607
991 -0.17499999999991564
992 4.605000000000066
993 4.3499999999998815
994 -0.04499999999991555
995 4.449999999999778
996 4.2650000000001205
997 -0.2449999999999157
998 -0.3399999999999173
999 -0.11999999999991559
1000 4.335000000000074
1001 -0.12499999999991582
1002 -0.5349999999999161
1003 -0.9399999999999182
1004 -0.1099999999999158
1005 -0.3799999999999167
1006 14.840000000000439
1007 -0.18499999999991565
1008 -0.1399999999999156
1009 3.739999999999821
1010 4.899999999999763
1011 4.864999999999762
1012 -0.06499999999991554
1013 -0.7549999999999183
1014 -0.24499999999991615
1015 -0.5499999999999168
1016 -0.10499999999991558
1017 4.339999999999784
1018 -0.06499999999991554
1019 -0.5999999999999164
1020 -1.0349999999999182
1021 -0.11499999999991559
1022 4.28500000000011
1023 4.439999999999801
1024 -0.6299999999999166
1025 8.969999999999397
1026 -0.40499999999991737
1027 4.38499999999979
1028 -0.8599999999999166
1029 -0.07499999999991555
1030 4.944999999999773
1031 -0.04499999999991555
1032 -0.11499999999991604
1033 -0.30499999999991595
1034 -0.9099999999999175
1035 -0.11499999999991581
1036 -0.17499999999991586
1037 -0.6649999999999171
1038 4.899999999999811
1039 -0.07999999999991556
1040 -0.5149999999999179
1041 -0.5649999999999168
1042 -1.194999999999914
1043 -0.03499999999991556
1044 4.944999999999762
1045 -0.15499999999991562
1046 -0.7149999999999171
1047 4.864999999999769
1048 -0.10999999999991569
1049 -0.3149999999999166
1050 -0.049999999999915994
1051 4.944999999999798
1052 4.774999999999789
1053 -0.16999999999991586
1054 4.834999999999791
1055 -0.16499999999991585
1056 -0.08999999999991556
1057 -0.08499999999991556
1058 -0.13499999999991605
1059 -0.10999999999991558
1060 0.005000000000084445
1061 -0.15999999999991585
1062 3.9949999999997896
1063 4.86499999999978
1064 -0.7949999999999174
1065 3.9350000000000946
1066 -0.14499999999991625
1067 4.229999999999797
1068 -0.10999999999991603
1069 4.619999999999782
1070 -0.7149999999999176
1071 -1.1049999999999158
1072 -0.3749999999999171
1073 4.87499999999978
1074 4.854999999999839
1075 -0.049999999999915994
1076 4.799999999999764
1077 -0.21999999999991568
1078 4.115000000000107
1079 -0.334999999999918
1080 14.42999999999934
1081 -0.14999999999991606
1082 -0.23999999999991592
1083 4.8599999999997605
1084 -0.48499999999991833
1085 -1.0799999999999161
1086 9.229999999999203
1087 8.369999999999877
1088 -0.4299999999999163
1089 -0.13999999999991605
1090 -0.084999999999916
1091 -0.13499999999991583
1092 -0.374999999999918
1093 -0.4749999999999161
1094 -0.23499999999991658
1095 -0.18999999999991565
1096 -1.1349999999999159
1097 -0.9649999999999198
1098 -0.14999999999991606
1099 3.5600000000001373
1100 -0.07999999999991601
1101 -0.14999999999991584
1102 -0.15499999999991584
1103 -0.18499999999991587
1104 -0.219999999999917
1105 -0.8699999999999232
1106 -0.40999999999991715
1107 -0.5649999999999161
1108 9.61499999999932
1109 -0.3199999999999171
1110 -0.1149999999999167
1111 -0.5649999999999166
1112 4.709999999999893
1113 4.299999999999842
1114 3.9949999999998305
1115 -0.16999999999991608
1116 -0.0999999999999158
1117 4.520000000000117
1118 -0.5249999999999163
1119 -0.6299999999999162
1120 -0.1849999999999161
1121 -0.15499999999991582
1122 -0.6649999999999162
1123 -0.08999999999991601
1124 -0.11499999999991581
1125 -0.5499999999999159
1126 -0.13999999999991605
1127 -0.5849999999999177
1128 -0.03999999999991556
1129 -0.30999999999991573
1130 -0.12499999999991582
1131 -1.1099999999999148
1132 3.625000000000111
1133 -0.12499999999991648
1134 -0.8949999999999176
1135 -0.22499999999991635
1136 4.81499999999979
1137 -0.5899999999999166
1138 -0.7749999999999188
1139 -0.5499999999999166
1140 -0.09499999999991601
1141 -0.9799999999999176
1142 3.954999999999851
1143 -0.7299999999999174
1144 -0.684999999999917
1145 -1.144999999999915
1146 -1.2299999999999127
1147 4.819999999999781
1148 -0.11999999999991581
1149 -0.009999999999915556
1150 4.889999999999769
1151 -0.2149999999999163
1152 -0.71499999999992
1153 -0.7749999999999181
1154 -0.09999999999991602
1155 -0.6299999999999166
1156 4.1300000000000425
1157 4.604999999999871
1158 -0.07999999999991556
1159 -0.6749999999999164
1160 -0.17499999999991586
1161 -0.18499999999991631
1162 -0.2449999999999166
1163 4.789999999999806
1164 -0.22999999999991613
1165 9.73999999999924
1166 -0.6799999999999164
1167 3.9000000000000936
1168 4.904999999999761
1169 13.979999999999851
1170 4.324999999999836
1171 18.509999999999902
1172 -0.5349999999999163
1173 -0.08499999999991578
1174 -1.0499999999999179
1175 4.774999999999942
1176 -0.5999999999999159
1177 -0.93999999999992
1178 -0.08999999999991579
1179 -0.14999999999991628
1180 -0.11999999999991581
1181 -0.12999999999991582
1182 -0.06999999999991578
1183 4.859999999999794
1184 -0.7749999999999179
1185 9.264999999999185
1186 3.995000000000128
1187 -0.15499999999991607
1188 -0.15499999999991607
1189 -0.08499999999991556
1190 -0.18999999999991588
1191 -0.07999999999991556
1192 -0.12999999999991602
1193 -0.07999999999991578
1194 -0.1449999999999165
1195 -0.8249999999999166
1196 9.1449999999995
1197 9.089999999999213
1198 -0.15499999999991584
1199 -0.15999999999991563
1200 -0.3149999999999162
1201 -0.6349999999999169
1202 4.899999999999788
1203 -0.19999999999991655
1204 -0.16999999999991608
1205 4.834999999999781
1206 -0.09499999999991557
1207 -1.3299999999999115
1208 -0.009999999999915556
1209 -0.5749999999999159
1210 -0.5249999999999161
1211 -0.14999999999991562
1212 -0.14999999999991584
1213 -0.084999999999916
1214 -0.12999999999991582
1215 -0.15499999999991673
1216 4.384999999999774
1217 4.809999999999834
1218 -0.6999999999999182
1219 4.789999999999773
1220 -0.07499999999991555
1221 -0.16999999999991564
1222 -0.6549999999999182
1223 -0.13999999999991602
1224 4.679999999999804
1225 -0.4549999999999161
1226 -0.16499999999991583
1227 -0.1449999999999156
1228 -1.3199999999999121
1229 4.48999999999979
1230 -0.2349999999999161
1231 -2.034999999999904
1232 9.5599999999992
1233 -0.09999999999991646
1234 4.919999999999761
1235 -0.1299999999999156
1236 -0.579999999999917
1237 -0.08999999999991601
1238 -0.6449999999999164
1239 4.334999999999811
1240 -0.6949999999999182
1241 3.7950000000001323
1242 -0.04999999999991555
1243 -0.11999999999991603
1244 -0.10999999999991579
1245 4.225000000000032
1246 -0.5699999999999164
1247 4.894999999999763
1248 3.525000000000091
1249 -1.6049999999999145
1250 -0.07999999999991554
1251 -0.1049999999999158
1252 -0.204999999999916
1253 -0.5349999999999159
1254 -0.4649999999999181
1255 4.0600000000000085
1256 3.8800000000001234
1257 -0.7749999999999172
1258 4.344999999999802
1259 -0.15999999999991674
1260 -0.16999999999991583
1261 -0.12999999999991582
1262 -0.5399999999999161
1263 -0.06999999999991555
1264 -1.009999999999917
1265 -0.7849999999999172
1266 -0.17499999999991586
1267 4.859999999999759
1268 9.814999999999202
1269 -0.2849999999999178
1270 -0.15999999999991607
1271 -0.8149999999999168
1272 4.675000000000045
1273 4.879999999999783
1274 4.21500000000009
1275 4.684999999999805
1276 -0.049999999999915994
1277 -0.45999999999991587
1278 -0.12499999999991582
1279 -0.5299999999999163
1280 -0.1999999999999161
1281 -0.15999999999991563
1282 -0.6249999999999166
1283 -0.06999999999991555
1284 4.879999999999765
1285 -1.5449999999999087
1286 -0.08999999999991556
1287 -0.35999999999991733
1288 4.2449999999998855
1289 -0.2349999999999159
1290 -0.1299999999999156
1291 -0.1399999999999165
1292 4.664999999999841
1293 -0.7349999999999174
1294 4.784999999999901
1295 4.909999999999793
1296 -0.10999999999991579
1297 9.644999999999223
1298 -0.08999999999991556
1299 -0.14999999999991606
1300 4.219999999999813
1301 -0.04999999999991555
1302 -0.1899999999999161
1303 -0.12499999999991604
1304 -0.0699999999999162
1305 -1.0449999999999195
1306 4.0050000000001225
1307 -0.14999999999991606
1308 -0.12999999999991582
1309 -1.2799999999999163
1310 -0.11499999999991559
1311 -0.16499999999991585
1312 -0.614999999999916
1313 -0.14999999999991562
1314 -0.18499999999991565
1315 4.439999999999775
1316 -0.10999999999991558
1317 -0.039999999999915554
1318 -0.08999999999991556
1319 -0.6299999999999162
1320 -0.13999999999991605
1321 -0.4999999999999161
1322 -0.7849999999999183
1323 9.419999999999167
1324 -0.6849999999999169
1325 -0.6299999999999175
1326 -0.24499999999991637
1327 -1.1599999999999153
1328 -0.1449999999999165
1329 -0.2599999999999168
1330 -0.869999999999918
1331 -0.5499999999999159
1332 -0.14999999999991606
1333 -0.16999999999991627
1334 4.015000000000085
1335 -0.1699999999999163
1336 -0.11999999999991581
1337 -0.06499999999991554
1338 -0.05999999999991599
1339 -0.7499999999999174
1340 9.654999999999296
1341 4.649999999999941
1342 -0.08499999999991567
1343 -0.17499999999991586
1344 -0.21999999999991587
1345 4.839999999999763
1346 -0.8749999999999188
1347 -0.45499999999991675
1348 -0.8599999999999188
1349 -0.9249999999999193
1350 0.010000000000084445
1351 -0.15499999999991562
1352 -0.12999999999991582
1353 -0.06999999999991577
1354 -0.1349999999999158
1355 4.46999999999979
1356 -0.10499999999991558
1357 -0.5299999999999161
1358 -0.1049999999999158
1359 -0.15999999999991607
1360 -0.1449999999999156
1361 -0.4549999999999175
1362 -0.6449999999999162
1363 -0.6349999999999162
1364 9.289999999999228
1365 -1.38999999999991
1366 -0.36999999999991734
1367 -0.35499999999991644
1368 -0.8799999999999188
1369 -0.9449999999999176
1370 -0.6999999999999189
1371 4.414999999999809
1372 -0.084999999999916
1373 3.7799999999998493
1374 -0.28999999999991616
1375 -0.1399999999999156
1376 -0.5249999999999163
1377 -0.1449999999999156
1378 -0.14499999999991606
1379 4.469999999999767
1380 4.9999999999997575
1381 -0.8499999999999188
1382 -0.24499999999991637
1383 -0.1249999999999156
1384 4.285000000000119
1385 -1.109999999999916
1386 -0.1549999999999165
1387 3.7599999999998195
1388 4.299999999999797
1389 -0.019999999999915558
1390 -0.1049999999999158
1391 -0.6249999999999162
1392 -0.0999999999999158
1393 -0.06999999999991599
1394 -0.04499999999991555
1395 -0.05499999999991555
1396 4.635000000000114
1397 -0.1249999999999158
1398 4.510000000000056
1399 -0.6199999999999175
1400 -0.4999999999999159
1401 -0.07499999999991555
1402 -0.14999999999991562
1403 4.914999999999756
1404 -0.3899999999999169
1405 24.225000000000872
1406 -0.9499999999999174
1407 -0.11499999999991581
1408 -0.10499999999991558
1409 -0.6999999999999187
1410 -0.8149999999999175
1411 -0.0049999999999155555
1412 4.9299999999997715
1413 -0.08499999999991556
1414 4.195000000000124
1415 -0.5149999999999163
1416 -0.36499999999991684
1417 -0.7699999999999179
1418 -0.08999999999991579
1419 -0.214999999999917
1420 -0.11999999999991559
1421 -0.3749999999999171
1422 -0.08499999999991556
1423 -0.17999999999991562
1424 -0.02999999999991556
1425 -0.7849999999999183
1426 -0.624999999999916
1427 4.445000000000111
1428 -0.30499999999991617
1429 -0.06499999999991621
1430 -0.12999999999991582
1431 -0.9849999999999192
1432 4.764999999999963
1433 -0.49499999999991656
1434 -0.7949999999999185
1435 4.894999999999769
1436 -0.10999999999991558
1437 -0.09999999999991602
1438 -0.16499999999991563
1439 -0.28999999999991594
1440 -0.10499999999991558
1441 -0.044999999999915774
1442 4.214999999999815
1443 -0.15999999999991585
1444 -0.5599999999999161
1445 -0.8299999999999175
1446 -0.0049999999999157775
1447 -0.7049999999999169
1448 -0.9049999999999189
1449 -0.1149999999999156
1450 -0.1049999999999158
1451 -1.199999999999914
1452 -0.16999999999991564
1453 -0.07999999999991556
1454 -0.1399999999999156
1455 4.9049999999998
1456 -0.07499999999991577
1457 -0.034999999999916
1458 -0.02499999999991556
1459 -0.09499999999991557
1460 -0.18499999999991565
1461 -0.18499999999991587
1462 -0.47999999999991766
1463 -0.039999999999915554
1464 -0.15999999999991563
1465 -0.20999999999991723
1466 -0.6249999999999164
1467 -0.824999999999917
1468 9.78999999999927
1469 -0.1799999999999161
1470 4.909999999999864
1471 -0.5749999999999177
1472 -0.06499999999991576
1473 -0.1299999999999156
1474 -0.08499999999991578
1475 19.119999999999827
1476 -0.10499999999991626
1477 -0.23499999999991636
1478 -0.7599999999999185
1479 4.345000000000106
1480 -0.6749999999999162
1481 -0.08499999999991556
1482 -0.15499999999991562
1483 -0.21999999999991635
1484 3.7050000000001058
1485 3.8649999999998457
1486 4.105000000000124
1487 -0.17999999999991564
1488 -0.12999999999991557
1489 4.929999999999761
1490 -0.16499999999991563
1491 -0.13999999999991583
1492 -0.5549999999999159
1493 4.859999999999785
1494 -0.04999999999991577
1495 -0.09999999999991557
1496 4.190000000000096
1497 -0.06499999999991576
1498 -0.3399999999999162
1499 -0.06999999999991555
1500 -0.1449999999999156
1501 4.3000000000001215
1502 9.314999999999136
1503 -0.10999999999991603
1504 4.95999999999976
1505 -0.1149999999999158
1506 -1.3499999999999113
1507 4.299999999999785
1508 9.329999999999963
1509 -0.5999999999999166
1510 -0.15499999999991607
1511 -0.18999999999991585
1512 -0.03999999999991578
1513 -0.15999999999991674
1514 -0.45999999999991587
1515 4.520000000000009
1516 -0.05999999999991577
1517 -0.1749999999999163
1518 -0.859999999999919
1519 -0.059999999999915545
1520 4.839999999999779
1521 4.1799999999998425
1522 4.4649999999997725
1523 -0.5799999999999164
1524 -0.01999999999991578
1525 -0.2049999999999161
1526 -0.07499999999991555
1527 -0.12499999999991582
1528 -0.5949999999999166
1529 -0.6999999999999162
1530 3.900000000000076
1531 -0.2349999999999157
1532 -0.02999999999991556
1533 4.954999999999782
1534 -0.2349999999999159
1535 -0.23499999999991614
1536 -0.13499999999991583
1537 9.784999999999242
1538 -0.5699999999999161
1539 4.949999999999753
1540 3.7500000000001172
1541 -0.3799999999999168
1542 -0.5249999999999163
1543 -0.059999999999915545
1544 -0.11999999999991581
1545 4.30999999999982
1546 -0.10499999999991558
1547 -0.5849999999999159
1548 -0.7949999999999181
1549 -0.43999999999991585
1550 -0.6249999999999175
1551 -0.5299999999999163
1552 -0.15999999999991563
1553 -0.4799999999999161
1554 -1.0049999999999177
1555 -0.5449999999999181
1556 -0.1249999999999156
1557 -0.6099999999999162
1558 -0.5999999999999177
1559 -0.6699999999999167
1560 -0.1399999999999156
1561 8.422255948214996e-14
1562 -0.03499999999991556
1563 -0.17499999999991597
1564 -1.1099999999999142
1565 4.859999999999769
1566 -0.09999999999991557
1567 -0.6149999999999168
1568 -0.09499999999991557
1569 -0.22999999999991613
1570 -0.17999999999991564
1571 4.299999999999797
1572 -0.10999999999991669
1573 -0.16999999999991586
1574 -0.4999999999999168
1575 8.839999999999973
1576 -0.7299999999999174
1577 -0.2199999999999159
1578 -0.4449999999999174
1579 -0.10999999999991558
1580 4.170000000000124
1581 -0.2549999999999157
1582 4.750000000000103
1583 4.204999999999869
1584 -0.1299999999999156
1585 4.339999999999786
1586 4.49499999999977
1587 -0.564999999999917
1588 4.269999999999807
1589 -0.604999999999917
1590 -0.15499999999991562
1591 -0.45499999999991675
1592 -0.08499999999991578
1593 -0.1349999999999165
1594 -0.28499999999991615
1595 -0.16499999999991585
1596 0.010000000000084445
1597 -0.19999999999991608
1598 4.780000000000046
1599 -0.11999999999991559
1600 -0.1799999999999163
1601 4.9549999999997585
1602 -0.17999999999991564
1603 -0.45999999999991587
1604 -0.18499999999991565
1605 -0.04999999999991555
1606 4.87999999999976
1607 4.854999999999796
1608 -0.019999999999915558
1609 -0.20499999999991567
1610 4.650000000000113
1611 -0.7349999999999165
1612 4.150000000000111
1613 -0.1699999999999163
1614 -0.03499999999991578
1615 -0.5499999999999161
1616 4.144999999999991
1617 4.344999999999883
1618 9.144999999999223
1619 -0.0999999999999158
1620 4.265000000000104
1621 -0.21999999999991657
1622 4.849999999999803
1623 -0.6199999999999162
1624 -0.6899999999999169
1625 -0.15999999999991607
1626 4.764999999999958
1627 -0.5349999999999161
1628 4.285000000000109
1629 -0.20999999999991723
1630 -0.5449999999999161
1631 -0.1499999999999156
1632 -0.059999999999915545
1633 4.684999999999878
1634 -0.9249999999999189
1635 -0.6249999999999166
1636 -0.4249999999999191
1637 -0.14999999999991606
1638 -0.11499999999991559
1639 -0.7299999999999174
1640 -0.2149999999999159
1641 -0.1099999999999158
1642 -0.5799999999999161
1643 4.565000000000116
1644 -0.1649999999999163
1645 4.844999999999795
1646 -0.1249999999999156
1647 -0.41999999999991666
1648 4.8899999999997705
1649 -0.7799999999999165
1650 -0.794999999999917
1651 -0.4649999999999161
1652 -0.13999999999991622
1653 4.230000000000114
1654 -0.11499999999991559
1655 -0.7049999999999162
1656 -0.199999999999917
1657 -0.1399999999999156
1658 -0.1899999999999161
1659 -0.19499999999991588
1660 9.29999999999929
1661 -0.5249999999999163
1662 -0.7299999999999165
1663 -0.15999999999991563
1664 -0.14999999999991584
1665 4.974999999999767
1666 4.325000000000001
1667 4.699999999999863
1668 4.904999999999772
1669 -0.11499999999991603
1670 3.8899999999998593
1671 -0.18999999999991576
1672 4.79499999999987
1673 -0.5299999999999161
1674 -0.07499999999991555
1675 -0.719999999999918
1676 -0.11999999999991559
1677 4.39999999999995
1678 -1.3049999999999118
1679 4.984999999999756
1680 -0.48999999999991656
1681 -0.194999999999917
1682 -0.2049999999999159
1683 4.225000000000121
1684 4.819999999999779
1685 4.385000000000119
1686 -0.18999999999991588
1687 -0.13999999999991605
1688 4.884999999999762
1689 9.964999999999227
1690 -0.18499999999991587
1691 -0.3299999999999173
1692 -1.029999999999919
1693 9.324999999999434
1694 -0.06499999999991554
1695 4.839999999999772
1696 -0.7199999999999176
1697 -0.1549999999999163
1698 -0.06999999999991555
1699 -0.5699999999999164
1700 4.35000000000012
1701 -0.7399999999999181
1702 4.809999999999783
1703 4.849999999999791
1704 -0.05999999999991621
1705 -0.12499999999991604
1706 -0.11499999999991559
1707 4.824999999999802
1708 -0.10999999999991582
1709 -0.2199999999999168
1710 -0.02499999999991556
1711 -0.04999999999991577
1712 -0.07999999999991556
1713 -0.6399999999999169
1714 -0.5799999999999159
1715 4.675000000000111
1716 -0.059999999999915545
1717 -0.09999999999991557
1718 -0.3649999999999171
1719 -0.4999999999999161
1720 9.944999999999242
1721 -0.6249999999999164
1722 -0.19499999999991655
1723 -0.08999999999991579
1724 4.224999999999964
1725 -0.08499999999991623
1726 4.9449999999997605
1727 -0.084999999999916
1728 4.494999999999834
1729 4.844999999999795
1730 4.909999999999784
1731 -0.12999999999991604
1732 -0.1249999999999156
1733 -0.13499999999991605
1734 -0.1099999999999158
1735 4.585000000000114
1736 -0.6949999999999165
1737 -0.06999999999991555
1738 -1.0299999999999165
1739 -0.09999999999991557
1740 9.279999999999296
1741 -0.18999999999991588
1742 -1.0999999999999162
1743 -0.5399999999999163
1744 -0.694999999999918
1745 4.664999999999761
1746 -0.12999999999991627
1747 -0.11999999999991559
1748 -0.40999999999991604
1749 4.95999999999989
1750 -0.14499999999991584
1751 -0.11499999999991559
1752 -0.059999999999915545
1753 4.644999999999767
1754 -0.10499999999991558
1755 4.3300000000001155
1756 -0.5399999999999163
1757 -0.8399999999999181
1758 -0.07999999999991578
1759 -0.0999999999999158
1760 -0.08499999999991556
1761 9.449999999999154
1762 -0.619999999999916
1763 9.914999999999214
1764 -0.14999999999991584
1765 4.854999999999809
1766 -0.2599999999999157
1767 4.874999999999769
1768 -0.609999999999917
1769 -0.11499999999991559
1770 -0.08499999999991578
1771 -0.9049999999999193
1772 4.9049999999997596
1773 -0.8899999999999189
1774 -0.5549999999999159
1775 -0.09999999999991557
1776 -0.6349999999999164
1777 -0.16999999999991564
1778 -0.09499999999991557
1779 4.69499999999978
1780 4.89499999999976
1781 -0.3449999999999173
1782 -0.6699999999999167
1783 -0.629999999999916
1784 -0.5849999999999173
1785 -0.4349999999999176
1786 4.584999999999796
1787 -0.2699999999999159
1788 -0.12499999999991582
1789 -0.16999999999991564
1790 -0.11999999999991647
1791 -0.08999999999991556
1792 -0.6099999999999164
1793 -1.0849999999999151
1794 -0.5099999999999163
1795 -0.4499999999999161
1796 4.420000000000105
1797 -0.6949999999999178
1798 3.870000000000081
1799 -0.09999999999991557
1800 -0.08999999999991556
1801 9.109999999999747
1802 -0.10999999999991558
1803 -0.07999999999991578
1804 -0.08499999999991556
1805 -0.7149999999999189
1806 -0.15499999999991584
1807 4.889999999999756
1808 -0.8349999999999177
1809 4.869999999999762
1810 -0.07999999999991578
1811 -0.09499999999991557
1812 -0.4549999999999163
1813 -0.7599999999999163
1814 -0.4799999999999159
1815 -0.23999999999991659
1816 -0.5449999999999167
1817 4.889999999999756
1818 -0.04499999999991555
1819 9.629999999999203
1820 -0.3549999999999173
1821 -0.3499999999999182
1822 -0.9549999999999165
1823 3.7849999999997976
1824 4.9099999999997666
1825 -0.06499999999991554
1826 -0.09999999999991559
1827 4.4699999999997955
1828 -0.23499999999991614
1829 -0.04499999999991555
1830 -0.07499999999991555
1831 -0.11999999999991581
1832 4.8799999999997725
1833 9.849999999999243
1834 -1.2349999999999115
1835 -0.1099999999999158
1836 -0.2349999999999157
1837 -0.07999999999991556
1838 4.724999999999897
1839 -0.729999999999918
1840 4.829999999999829
1841 3.7350000000000874
1842 -0.534999999999917
1843 -0.9349999999999196
1844 -0.08499999999991578
1845 -0.16499999999991585
1846 -0.13499999999991605
1847 4.899999999999779
1848 -0.24499999999991592
1849 4.834999999999788
1850 -0.10499999999991558
1851 -0.14999999999991628
1852 -0.8599999999999173
1853 -0.1849999999999161
1854 -0.08999999999991579
1855 -0.10499999999991637
1856 -0.07999999999991578
1857 -0.06999999999991555
1858 4.859999999999769
1859 -0.04499999999991555
1860 5.0099999999997555
1861 14.86000000000056
1862 -0.09499999999991579
1863 -0.10999999999991558
1864 -0.19999999999991566
1865 -0.11999999999991559
1866 4.090000000000098
1867 -0.044999999999915996
1868 -1.0999999999999162
1869 4.57499999999979
1870 -0.08499999999991556
1871 -0.6899999999999187
1872 -0.1399999999999156
1873 -0.08999999999991556
1874 9.939999999999248
1875 -0.21499999999991679
1876 4.160000000000123
1877 -0.3249999999999164
1878 -0.7899999999999168
1879 -0.10499999999991602
1880 4.749999999999814
1881 9.899999999999233
1882 -0.08999999999991556
1883 -0.1449999999999156
1884 -0.6599999999999175
1885 -0.4649999999999163
1886 -0.10999999999991558
1887 -0.3349999999999164
1888 -0.1299999999999156
1889 -0.3499999999999162
1890 -0.06499999999991554
1891 -0.5899999999999161
1892 9.89499999999922
1893 -0.21499999999991568
1894 -0.0999999999999158
1895 -0.799999999999918
1896 -0.05499999999991555
1897 4.854999999999901
1898 -0.02999999999991556
1899 4.889999999999765
1900 4.939999999999773
1901 4.914999999999754
1902 -0.6149999999999164
1903 -0.5249999999999159
1904 -0.27999999999991704
1905 -0.199999999999917
1906 -0.5599999999999161
1907 -0.6899999999999167
1908 -0.26999999999991636
1909 -0.1299999999999156
1910 -0.15499999999991584
1911 -0.9649999999999187
1912 -0.2099999999999161
1913 -0.1499999999999156
1914 -0.15499999999991607
1915 -0.08999999999991556
1916 -0.02999999999991556
1917 4.644999999999834
1918 -0.1299999999999156
1919 -0.21999999999991723
1920 -0.07999999999991556
1921 -0.08499999999991578
1922 -0.6949999999999169
1923 4.559999999999772
1924 4.035000000000102
1925 -0.30999999999991684
1926 4.949999999999769
1927 -0.07499999999991555
1928 -0.17499999999991608
1929 -0.15499999999991673
1930 -0.06999999999991555
1931 8.924999999999397
1932 -0.09999999999991602
1933 -0.21999999999991568
1934 -0.07999999999991556
1935 4.064999999999792
1936 4.959999999999771
1937 4.46999999999987
1938 -0.1249999999999156
1939 -0.549999999999917
1940 4.27999999999978
1941 -0.10499999999991558
1942 4.869999999999776
1943 -0.1249999999999156
1944 4.849999999999755
1945 -0.10499999999991558
1946 -0.0049999999999155555
1947 -1.119999999999917
1948 -0.6449999999999184
1949 4.414999999999807
1950 4.889999999999827
1951 4.140000000000119
1952 9.849999999999225
1953 -0.6699999999999178
1954 -0.14499999999991692
1955 -0.6149999999999168
1956 -0.0049999999999155555
1957 -0.11499999999991581
1958 -0.10499999999991556
1959 -0.0049999999999155555
1960 -0.4549999999999172
1961 -0.059999999999915545
1962 -0.13499999999991583
1963 -0.3849999999999167
1964 -0.12499999999991582
1965 -0.6199999999999182
1966 -0.5399999999999163
1967 -0.644999999999918
1968 -0.44499999999991713
1969 -0.7299999999999169
1970 -0.6799999999999173
1971 -0.8299999999999179
1972 4.789999999999771
1973 9.849999999999227
1974 -0.08499999999991556
1975 4.944999999999759
1976 -0.06999999999991555
1977 -0.14999999999991584
1978 -0.039999999999915554
1979 -0.5599999999999172
1980 4.874999999999773
1981 -0.45999999999991587
1982 -0.09999999999991557
1983 -0.6699999999999169
1984 -0.14999999999991562
1985 9.31999999999918
1986 4.884999999999787
1987 4.834999999999804
1988 -0.12499999999991604
1989 9.884999999999224
1990 -0.13499999999991583
1991 -0.019999999999915558
1992 -0.16499999999991607
1993 9.734999999999467
1994 4.779999999999823
1995 4.934999999999759
1996 4.944999999999762
1997 -0.2199999999999168
1998 4.834999999999825
1999 -0.13999999999991605
5595.677865743637
