0 -5.64
1 -7.98
2 -7.69
3 -5.24
4 -8.61
5 -7.72
6 -5.05
7 -7.93
8 -8.60
9 -7.76
10 -8.33
11 -7.96
12 -8.29
13 -7.58
14 -8.44
15 -8.78
16 -7.59
17 -7.69
18 -5.44
19 -8.16
20 -8.06
21 -8.69
22 -7.75
23 -8.17
24 -8.49
25 -9.15
26 -7.72
27 -8.49
28 -7.69
29 -8.05
30 -5.88
31 -8.29
32 -6.12
33 -7.75
34 -7.92
35 -5.15
36 -8.35
37 -8.04
38 -7.80
39 -5.22
40 -7.66
41 -8.55
42 -7.60
43 -7.68
44 -7.70
45 -5.20
46 -7.71
47 -7.65
48 -8.83
49 -7.65
50 -7.70
51 -7.62
52 -8.50
53 -7.72
54 -8.08
55 -7.67
56 -7.70
57 -7.78
58 -8.14
59 -7.72
60 -7.64
61 -8.09
62 -7.62
63 -7.84
64 -8.02
65 -7.63
66 -8.38
67 -8.44
68 -8.72
69 -7.69
70 -8.09
71 -8.04
72 -7.69
73 -7.69
74 -7.97
75 -8.14
76 -8.44
77 -8.14
78 -8.64
79 -9.08
80 -7.78
81 -8.42
82 -7.53
83 -7.63
84 -7.81
85 -7.92
86 -8.17
87 -7.95
88 -8.91
89 -8.12
90 -8.01
91 -7.71
92 -8.79
93 -8.61
94 -7.64
95 -5.07
96 -5.18
97 -8.28
98 -7.67
99 -8.05
100 -5.48
101 -8.14
102 -8.45
103 -7.99
104 -8.76
105 -7.51
106 -8.70
107 -7.66
108 -7.83
109 -7.99
110 -5.79
111 -8.14
112 -7.48
113 -7.80
114 -9.01
115 -5.23
116 -8.78
117 -7.63
118 -5.07
119 -7.69
120 -7.61
121 -7.66
122 -8.00
123 -7.61
124 -7.82
125 -7.70
126 -8.23
127 -8.08
128 -8.08
129 -5.94
130 -6.00
131 -7.72
132 -9.11
133 -7.92
134 -2.63
135 -7.70
136 -10.00
137 -7.97
138 -7.70
139 -9.11
140 -8.78
141 -8.08
142 -7.61
143 -8.03
144 -8.12
145 -8.07
146 -5.83
147 -5.31
148 -8.11
149 -8.04
150 -7.99
151 -8.50
152 -8.47
153 -7.92
154 -8.65
155 -8.23
156 -7.97
157 -7.60
158 -8.34
159 -7.71
160 -7.57
161 -8.65
162 -7.99
163 -6.15
164 -5.20
165 -7.74
166 -7.88
167 -8.77
168 -8.76
169 -6.15
170 -7.71
171 -8.91
172 -5.44
173 -7.66
174 -7.62
175 -6.38
176 -7.61
177 -7.83
178 -8.90
179 -7.59
180 -8.47
181 -8.09
182 -8.10
183 -7.72
184 -7.58
185 -8.99
186 -8.02
187 -7.66
188 -7.59
189 -8.82
190 -7.49
191 -5.63
192 -8.83
193 -8.64
194 -7.59
195 -7.76
196 -7.60
197 -9.74
198 -7.72
199 -7.98
200 -8.05
201 -7.69
202 -7.69
203 -8.30
204 -7.62
205 -8.35
206 -7.85
207 -8.17
208 -8.61
209 -5.16
210 -12.43
211 -8.81
212 -8.44
213 -8.11
214 -5.07
215 -8.81
216 -8.06
217 -8.06
218 -8.82
219 -8.34
220 -8.67
221 -8.04
222 -10.64
223 -8.35
224 -8.01
225 -8.88
226 -8.69
227 -8.03
228 -8.65
229 -2.89
230 -7.75
231 -7.66
232 -8.75
233 -8.00
234 -7.52
235 -8.77
236 -7.99
237 -8.26
238 -8.04
239 -8.78
240 -8.49
241 -8.16
242 -7.98
243 -5.06
244 -8.01
245 -8.66
246 -8.08
247 -9.16
248 -7.67
249 -8.24
250 -7.97
251 -7.76
252 -7.72
253 -8.06
254 -5.53
255 -7.89
256 -8.22
257 -7.74
258 -7.54
259 -7.70
260 -7.99
261 -7.53
262 -8.25
263 -7.84
264 -8.03
265 -8.52
266 -8.87
267 -7.92
268 -8.41
269 -7.55
270 -7.98
271 -7.65
272 -7.96
273 -8.00
274 -7.63
275 -7.52
276 -8.11
277 -7.69
278 -8.63
279 -5.58
280 -8.05
281 -5.44
282 -8.03
283 -7.99
284 -7.61
285 -7.99
286 -8.23
287 -7.52
288 -7.50
289 -7.69
290 -8.78
291 -7.69
292 -6.45
293 -8.05
294 -7.81
295 -8.06
296 -7.65
297 -7.67
298 -8.39
299 -7.75
300 -8.18
301 -8.07
302 -8.24
303 -5.26
304 -8.09
305 -8.55
306 -5.07
307 -7.58
308 -6.29
309 -7.95
310 -8.75
311 -8.10
312 -7.90
313 -7.67
314 -8.36
315 -8.14
316 -7.65
317 -7.60
318 -8.36
319 -8.06
320 -8.68
321 -7.69
322 -8.73
323 -5.19
324 -8.67
325 -6.19
326 -8.07
327 -8.10
328 -8.79
329 -7.64
330 -7.66
331 -7.64
332 -8.25
333 -8.50
334 -9.11
335 -5.08
336 -3.77
337 -8.82
338 -8.21
339 -7.53
340 -8.00
341 -5.97
342 -8.79
343 -8.10
344 -7.55
345 -7.97
346 -8.00
347 -7.72
348 -7.57
349 -7.71
350 -5.61
351 -8.24
352 -8.07
353 -8.20
354 -8.84
355 -7.85
356 -8.61
357 -8.43
358 -8.02
359 -8.04
360 -7.64
361 -7.77
362 -5.11
363 -5.49
364 -8.30
365 -8.05
366 -7.70
367 -7.87
368 -8.69
369 -8.69
370 -8.72
371 -7.67
372 -8.20
373 -7.63
374 -7.57
375 -7.83
376 -7.60
377 -8.68
378 -7.71
379 -7.67
380 -8.06
381 -7.92
382 -8.12
383 -7.97
384 -8.72
385 -8.46
386 -7.66
387 -7.63
388 -7.69
389 -7.68
390 -8.12
391 -7.57
392 -8.67
393 -7.97
394 -7.95
395 -11.40
396 -7.55
397 -8.26
398 -7.56
399 -7.69
400 -8.21
401 -8.65
402 -8.12
403 -10.10
404 -8.05
405 -8.77
406 -7.62
407 -7.88
408 -7.64
409 -8.71
410 -7.83
411 -7.78
412 -8.71
413 -8.62
414 -7.65
415 -7.78
416 -8.38
417 -5.44
418 -5.13
419 -8.63
420 -8.04
421 -7.58
422 -8.64
423 -7.67
424 -7.93
425 -8.86
426 -8.06
427 -8.07
428 -7.73
429 -9.51
430 -8.14
431 -8.07
432 -8.72
433 -8.42
434 -7.68
435 -8.63
436 -8.07
437 -8.55
438 -8.65
439 -7.93
440 -8.03
441 -7.62
442 -8.43
443 -7.90
444 -8.15
445 -5.96
446 -8.14
447 -8.17
448 -5.46
449 -5.02
450 -7.79
451 -7.64
452 -8.05
453 -9.08
454 -8.43
455 -8.39
456 -8.64
457 -8.12
458 -8.09
459 -7.70
460 -5.25
461 -7.70
462 -8.62
463 -7.66
464 -7.59
465 -7.96
466 -7.70
467 -8.70
468 -7.57
469 -5.10
470 -7.99
471 -7.55
472 -7.57
473 -8.12
474 -5.33
475 -8.29
476 -7.94
477 -7.63
478 -8.79
479 -5.21
480 -8.13
481 -8.38
482 -7.85
483 -5.17
484 -8.16
485 -5.22
486 -8.12
487 -7.90
488 -8.70
489 -8.29
490 -8.33
491 -8.76
492 -3.49
493 -7.67
494 -7.65
495 -5.25
496 -7.86
497 -7.73
498 -8.06
499 -8.76
500 -8.77
501 -8.32
502 -6.26
503 -8.07
504 -8.08
505 -8.66
506 -7.64
507 -9.09
508 -7.55
509 -7.65
510 -7.90
511 -7.65
512 -8.08
513 -8.03
514 -7.77
515 -7.62
516 -7.67
517 -7.76
518 -9.08
519 -8.22
520 -8.58
521 -7.66
522 -8.22
523 -8.03
524 -7.79
525 -7.72
526 -5.62
527 -8.16
528 -7.99
529 -8.07
530 -7.67
531 -8.10
532 -7.60
533 -8.13
534 -7.68
535 -8.48
536 -7.73
537 -6.26
538 -8.20
539 -8.67
540 -8.69
541 -7.78
542 -8.43
543 -7.64
544 -8.03
545 -7.64
546 -7.60
547 -7.89
548 -8.19
549 -7.98
550 -11.25
551 -8.70
552 -7.65
553 -10.77
554 -7.68
555 -6.17
556 -8.00
557 -9.05
558 -8.01
559 -7.61
560 -7.64
561 -5.49
562 -8.73
563 -8.07
564 -7.62
565 -7.91
566 -8.03
567 -7.65
568 -8.35
569 -7.93
570 -8.69
571 -7.69
572 -8.18
573 -7.54
574 -7.62
575 -8.11
576 -7.65
577 -7.65
578 -7.66
579 -7.50
580 -7.53
581 -8.12
582 -8.09
583 -7.62
584 -8.98
585 -7.66
586 -8.58
587 -5.65
588 -7.53
589 -7.66
590 -8.31
591 -7.80
592 -6.17
593 -8.94
594 -7.59
595 -8.71
596 -8.85
597 -9.16
598 -8.46
599 -8.71
600 -5.43
601 -8.95
602 -7.62
603 -8.41
604 -8.41
605 -5.05
606 -8.30
607 -9.08
608 -7.67
609 -7.68
610 -8.69
611 -8.76
612 -7.91
613 -7.99
614 -8.04
615 -7.64
616 -7.98
617 -7.66
618 -7.72
619 -8.69
620 -7.70
621 -7.62
622 -9.16
623 -7.54
624 -7.95
625 -7.75
626 -7.66
627 -6.64
628 -9.23
629 -9.09
630 -8.34
631 -13.93
632 -7.71
633 -8.17
634 -7.70
635 -7.76
636 -8.32
637 -8.27
638 -7.67
639 -7.69
640 -8.26
641 -8.15
642 -8.21
643 -8.68
644 -8.32
645 -8.37
646 -8.02
647 -8.05
648 -8.34
649 -9.53
650 -8.11
651 -7.56
652 -8.45
653 -7.62
654 -8.10
655 -8.09
656 -7.93
657 -8.62
658 -9.13
659 -7.99
660 -7.64
661 -7.58
662 -8.62
663 -3.67
664 -8.08
665 -9.01
666 -8.06
667 -8.85
668 -8.71
669 -8.62
670 -7.68
671 -7.73
672 -8.05
673 -7.58
674 -8.12
675 -7.48
676 -7.62
677 -6.05
678 -7.65
679 -7.74
680 -7.97
681 -7.64
682 -8.13
683 -7.73
684 -7.60
685 -7.87
686 -7.55
687 -7.68
688 -8.71
689 -8.79
690 -7.64
691 -8.08
692 -7.69
693 -6.21
694 -9.03
695 -8.44
696 -8.86
697 -8.04
698 -7.90
699 -8.62
700 -7.68
701 -8.42
702 -8.84
703 -8.09
704 -7.62
705 -8.51
706 -7.73
707 -8.11
708 -8.75
709 -8.09
710 -7.87
711 -7.53
712 -8.79
713 -8.55
714 -8.37
715 -8.21
716 -7.97
717 -8.60
718 -8.08
719 -8.30
720 -7.91
721 -7.71
722 -7.71
723 -7.98
724 -8.70
725 -8.36
726 -8.12
727 -8.23
728 -8.64
729 -8.69
730 -8.80
731 -7.57
732 -5.14
733 -7.82
734 -7.81
735 -7.62
736 -7.77
737 -8.62
738 -7.59
739 -8.81
740 -5.53
741 -7.65
742 -7.81
743 -7.54
744 -7.47
745 -7.96
746 -5.23
747 -7.60
748 -7.57
749 -7.93
750 -8.58
751 -7.70
752 -5.53
753 -8.13
754 -8.43
755 -8.32
756 -9.34
757 -8.64
758 -7.93
759 -7.73
760 -8.81
761 -7.60
762 -7.79
763 -7.73
764 -8.79
765 -8.08
766 -6.22
767 -8.27
768 -8.61
769 -8.73
770 -8.10
771 -5.26
772 -8.77
773 -7.65
774 -7.58
775 -9.07
776 -8.19
777 -8.57
778 -8.54
779 -9.21
780 -7.60
781 -7.51
782 -8.18
783 -7.54
784 -8.03
785 -7.75
786 -7.72
787 -8.73
788 -5.76
789 -7.60
790 -9.05
791 -8.05
792 -7.69
793 -7.99
794 -9.07
795 -8.95
796 -7.61
797 -7.67
798 -8.05
799 -5.51
800 -8.16
801 -8.55
802 -5.60
803 -10.25
804 -8.69
805 -8.10
806 -7.70
807 -8.11
808 -5.71
809 -7.61
810 -7.92
811 -6.73
812 -7.63
813 -8.40
814 -7.67
815 -8.41
816 -7.54
817 -7.67
818 -7.70
819 -7.58
820 -7.94
821 -8.45
822 -7.74
823 -8.29
824 -8.80
825 -9.13
826 -7.78
827 -8.10
828 -7.95
829 -8.71
830 -7.64
831 -7.69
832 -7.76
833 -7.62
834 -8.02
835 -8.58
836 -7.59
837 -8.07
838 -8.16
839 -8.71
840 -5.20
841 -8.17
842 -7.53
843 -7.56
844 -7.85
845 -7.96
846 -8.54
847 -8.09
848 -9.11
849 -9.51
850 -7.54
851 -8.00
852 -9.16
853 -9.08
854 -8.11
855 -5.13
856 -8.02
857 -8.38
858 -8.96
859 -8.01
860 -8.37
861 -8.72
862 -8.68
863 -7.61
864 -8.38
865 -7.97
866 -8.13
867 -7.59
868 -8.12
869 -8.13
870 -8.34
871 -7.99
872 -8.36
873 -8.56
874 -5.01
875 -7.67
876 -8.81
877 -8.22
878 -7.79
879 -7.69
880 -8.14
881 -8.20
882 -7.85
883 -7.69
884 -7.56
885 -8.16
886 -7.66
887 -8.78
888 -7.57
889 -8.81
890 -7.71
891 -5.94
892 -7.63
893 -5.54
894 -7.98
895 -8.62
896 -5.33
897 -7.95
898 -8.71
899 -8.16
900 -8.14
901 -7.57
902 -9.15
903 -8.12
904 -7.65
905 -8.33
906 -8.33
907 -8.01
908 -8.04
909 -6.41
910 -8.75
911 -8.13
912 -8.25
913 -8.36
914 -5.62
915 -8.12
916 -8.11
917 -10.03
918 -7.74
919 -5.55
920 -7.71
921 -7.60
922 -7.89
923 -7.68
924 -7.62
925 -8.76
926 -8.56
927 -5.28
928 -8.42
929 -8.23
930 -7.97
931 -8.08
932 -7.68
933 -8.09
934 -8.73
935 -7.62
936 -15.23
937 -7.69
938 -7.72
939 -7.72
940 -8.67
941 -6.21
942 -7.78
943 -7.97
944 -5.95
945 -8.74
946 -9.15
947 -7.71
948 -8.59
949 -7.90
950 -7.68
951 -8.53
952 -7.65
953 -7.73
954 -8.76
955 -8.07
956 -7.67
957 -7.87
958 -7.89
959 -8.09
960 -7.77
961 -7.68
962 -7.61
963 -8.29
964 -8.57
965 -7.99
966 -8.48
967 -9.14
968 -7.71
969 -8.97
970 -7.63
971 -7.60
972 -7.57
973 -7.98
974 -7.69
975 -8.08
976 -9.05
977 -8.00
978 -7.75
979 -8.08
980 -7.77
981 -7.67
982 -8.11
983 -5.87
984 -7.83
985 -8.02
986 -8.71
987 -8.14
988 -7.65
989 -7.77
990 -7.59
991 -7.63
992 -8.16
993 -8.16
994 -7.59
995 -8.15
996 -7.54
997 -8.11
998 -11.07
999 -8.19
3853.5787246227264
