0 37.74499999999972
1 31.71999999999969
2 15.769999999999776
3 16.959999999999795
4 26.75000000000001
5 31.064999999999724
6 37.90999999999992
7 37.50499999999967
8 18.120000000000008
9 12.964999999999877
10 37.199999999999655
11 28.840000000000103
12 17.424999999999844
13 27.714999999999925
14 31.419999999999828
15 40.674999999999216
16 41.72499999999986
17 13.144999999999586
18 32.04999999999981
19 26.93000000000003
20 31.680000000000053
21 6.590000000000113
22 19.56499999999993
23 21.365000000000034
24 48.169999999999284
25 27.34999999999989
26 18.109999999999697
27 16.674999999999965
28 41.37999999999965
29 35.114999999999625
30 32.95499999999992
31 27.025000000000013
32 31.954999999999885
33 7.084999999999994
34 68.66999999999942
35 53.454999999999025
36 5.734999999999948
37 21.25999999999989
38 26.444999999999936
39 57.729999999999315
40 26.385000000000165
41 13.159999999999705
42 20.150000000000126
43 41.329999999999686
44 2.115000000000123
45 36.88500000000001
46 26.439999999999607
47 35.94999999999928
48 18.159999999999954
49 85.65499999999932
50 11.43999999999976
51 7.275000000000111
52 1.8700000000001695
53 11.459999999999773
54 2.6500000000000985
55 37.19499999999953
56 22.429999999999804
57 32.09499999999999
58 28.160000000000032
59 36.74499999999972
60 46.75999999999945
61 7.479999999999687
62 22.000000000000014
63 12.374999999999504
64 36.14499999999955
65 1.9100000000001252
66 20.58999999999961
67 18.28500000000004
68 21.725000000000083
69 41.72499999999984
70 13.299999999999764
71 17.094999999999946
72 45.44999999999943
73 16.30500000000005
74 32.92
75 18.34500000000018
76 28.23500000000018
77 -2.4399999999999036
78 16.97499999999994
79 20.92999999999958
80 41.45499999999922
81 31.494999999999862
82 18.430000000000078
83 1.7850000000000186
84 37.71000000000003
85 13.074999999999868
86 22.895000000000177
87 8.004999999999866
88 11.569999999999556
89 27.160000000000288
90 17.52999999999962
91 17.61999999999962
92 27.995000000000243
93 17.65499999999997
94 16.529999999999838
95 17.17999999999998
96 20.825000000000053
97 12.254999999999692
98 21.984999999999925
99 21.530000000000225
100 2.6500000000001505
101 -2.154999999999906
102 23.550000000000217
103 22.454999999999984
104 -2.8899999999998895
105 17.289999999999758
106 26.230000000000498
107 22.84999999999991
108 7.879999999999799
109 17.994999999999965
110 17.594999999999978
111 3.4099999999999193
112 27.41000000000016
113 6.690000000000078
114 3.160000000000056
115 23.50500000000023
116 3.625000000000136
117 18.53499999999991
118 -2.654999999999898
119 16.239999999999654
120 3.160000000000122
121 8.759999999999453
122 2.969999999999934
123 6.749999999999534
124 3.4700000000001046
125 2.8949999999999907
126 3.52499999999994
127 2.845000000000093
128 8.099999999999891
129 12.63999999999941
130 -1.8799999999999137
131 17.090000000000327
132 3.50999999999991
133 12.67999999999983
134 18.305000000000305
135 13.684999999999834
136 3.374999999999927
137 13.394999999999875
138 27.55000000000019
139 8.104999999999974
140 3.1950000000000296
141 39.92499999999923
142 -2.0699999999999066
143 8.36499999999943
144 3.0350000000001485
145 23.285000000000263
146 7.554999999999993
147 16.564999999999717
148 -1.5399999999999139
149 2.375000000000158
150 -2.3249999999998994
151 -1.4549999999999157
152 -1.3599999999999173
153 8.534999999999373
154 3.375000000000141
155 8.894999999999344
156 3.2850000000000747
157 32.03499999999942
158 8.369999999999324
159 3.5399999999999157
160 -0.8599999999999214
161 3.570000000000137
162 17.61000000000012
163 -1.4099999999999193
164 17.72999999999948
165 -2.084999999999905
166 -2.249999999999901
167 17.17500000000007
168 2.4400000000000723
169 2.405000000000099
170 -1.4849999999999146
171 -1.6049999999999116
172 16.835000000000125
173 8.604999999999434
174 -1.179999999999918
175 -3.474999999999877
176 3.2549999999998818
177 -1.2699999999999152
178 -0.9049999999999222
179 8.289999999999619
180 3.7399999999999176
181 -1.2549999999999175
182 -1.159999999999918
183 3.2749999999999986
184 18.179999999999914
185 22.269999999999893
186 2.750000000000015
187 -1.354999999999917
188 3.9300000000001285
189 -2.0649999999999094
190 18.319999999999744
191 -1.319999999999917
192 -0.9549999999999216
193 -1.2549999999999164
194 13.584999999999797
195 8.124999999999627
196 8.064999999999884
197 8.744999999999267
198 3.315000000000116
199 17.27499999999938
200 -1.3049999999999164
201 13.489999999999698
202 -1.1499999999999182
203 8.629999999999317
204 3.6649999999998695
205 3.3600000000001353
206 -1.1649999999999163
207 -2.5649999999998934
208 -1.0149999999999209
209 18.84000000000073
210 8.719999999999388
211 3.7949999999998596
212 -1.339999999999915
213 2.5849999999999245
214 -1.2599999999999179
215 37.87999999999913
216 2.8400000000001526
217 -0.859999999999919
218 13.704999999999977
219 2.9850000000001096
220 8.684999999999603
221 -1.2899999999999148
222 -0.769999999999921
223 -3.279999999999884
224 -1.2349999999999164
225 3.4699999999999234
226 -1.5449999999999087
227 3.794999999999865
228 -1.4099999999999153
229 -1.0049999999999195
230 13.344999999999715
231 3.830000000000042
232 7.8700000000001005
233 -2.1699999999999027
234 7.8400000000001215
235 -1.1599999999999169
236 17.985000000000774
237 -0.9149999999999198
238 -1.189999999999917
239 13.58000000000012
240 2.660000000000144
241 13.92499999999998
242 8.744999999999305
243 3.5249999999999932
244 8.924999999999258
245 -1.3649999999999143
246 9.134999999999303
247 -1.3049999999999151
248 8.484999999999307
249 3.8450000000000886
250 8.644999999999802
251 18.6300000000005
252 -0.9149999999999195
253 13.824999999999745
254 2.4200000000001616
255 -0.87499999999992
256 3.8449999999998425
257 -1.0599999999999181
258 23.450000000000486
259 3.664999999999859
260 8.214999999999726
261 13.299999999999688
262 13.479999999999968
263 3.1550000000000136
264 2.8850000000001472
265 3.704999999999904
266 7.959999999999233
267 6.970000000000113
268 3.3750000000000915
269 3.5599999999998717
270 13.55999999999991
271 -1.1699999999999162
272 3.314999999999941
273 23.505000000000425
274 3.9299999999998887
275 7.089999999999933
276 3.6550000000000704
277 8.21499999999966
278 7.71499999999992
279 3.8349999999999334
280 -1.1099999999999197
281 7.969999999999396
282 3.754999999999857
283 -1.1949999999999157
284 4.144999999999907
285 -1.1899999999999167
286 -0.7149999999999198
287 -0.5549999999999177
288 -1.4049999999999154
289 14.345000000000152
290 3.8399999999998693
291 -0.79999999999992
292 -4.029999999999863
293 -1.3099999999999135
294 -1.9599999999999032
295 3.44000000000014
296 4.194999999999936
297 13.189999999999864
298 -0.9249999999999184
299 -1.0149999999999189
300 -0.9249999999999187
301 4.109999999999972
302 3.2550000000001056
303 3.4750000000001338
304 8.704999999999442
305 -0.4499999999999185
306 -0.7999999999999183
307 -1.0749999999999167
308 -1.439999999999913
309 3.8399999999998515
310 -1.2899999999999183
311 4.214999999999813
312 3.565000000000003
313 4.145000000000125
314 -1.0549999999999198
315 -1.2549999999999175
316 -0.8899999999999189
317 8.644999999999392
318 -0.5899999999999197
319 -1.9249999999999097
320 -0.7449999999999216
321 -0.9149999999999202
322 -0.7499999999999187
323 3.5000000000001386
324 -1.30999999999992
325 7.884999999999726
326 8.969999999999258
327 8.014999999999896
328 -1.5449999999999122
329 9.154999999999285
330 13.469999999999835
331 -1.2799999999999139
332 4.154999999999995
333 3.7250000000001195
334 -1.5899999999999088
335 13.52999999999978
336 3.7550000000001242
337 3.850000000000131
338 9.199999999999319
339 4.2149999999998045
340 -0.9699999999999194
341 3.6200000000001236
342 -1.3499999999999137
343 -1.2299999999999143
344 -1.174999999999916
345 -0.549999999999919
346 -1.0899999999999175
347 -1.2049999999999144
348 4.010000000000059
349 4.3999999999998325
350 -0.7049999999999185
351 -0.8499999999999197
352 -0.7149999999999187
353 -0.37499999999991823
354 8.819999999999226
355 -0.7549999999999174
356 -0.6549999999999191
357 4.095000000000126
358 -0.8899999999999186
359 14.060000000000183
360 3.7899999999998473
361 -0.3099999999999177
362 3.9799999999999214
363 -1.084999999999918
364 -1.5699999999999141
365 9.299999999999311
366 7.969999999999181
367 -1.059999999999918
368 13.929999999999872
369 3.5800000000000756
370 8.869999999999257
371 -0.7799999999999199
372 -0.9749999999999183
373 4.104999999999809
374 -0.8399999999999203
375 -1.1999999999999154
376 3.240000000000144
377 -0.6599999999999184
378 -1.1149999999999194
379 -0.4099999999999185
380 -0.9599999999999196
381 8.854999999999217
382 4.159999999999841
383 -1.7099999999999096
384 4.219999999999804
385 -0.994999999999921
386 8.894999999999422
387 -0.2999999999999177
388 -0.48499999999991966
389 8.699999999999484
390 -2.0349999999999073
391 4.059999999999802
392 12.734999999999523
393 -0.959999999999918
394 3.6899999999998796
395 8.794999999999316
396 8.744999999999562
397 -0.2899999999999186
398 4.694999999999791
399 12.514999999999189
400 -1.3649999999999134
401 3.9649999999999537
402 -2.109999999999906
403 14.034999999999936
404 4.434999999999855
405 14.195000000000165
406 -0.8899999999999186
407 8.37999999999963
408 7.824999999999262
409 4.099999999999909
410 13.539999999999543
411 -0.5799999999999186
412 3.865000000000041
413 -0.8999999999999194
414 3.7099999999999094
415 -0.7099999999999189
416 -0.9349999999999171
417 3.485000000000139
418 4.095000000000031
419 -0.6499999999999175
420 4.050000000000125
421 9.064999999999356
422 4.034999999999819
423 -0.35999999999991866
424 4.234999999999813
425 3.359999999999883
426 -1.0849999999999185
427 4.2199999999998115
428 8.57999999999952
429 -1.0699999999999183
430 -0.8049999999999199
431 -1.2699999999999148
432 4.354999999999789
433 -1.044999999999917
434 4.125000000000125
435 9.359999999999225
436 -0.764999999999917
437 -1.0799999999999186
438 -0.984999999999918
439 4.379999999999996
440 -0.30499999999991706
441 -1.079999999999918
442 -0.7249999999999187
443 8.75999999999942
444 -2.4249999999998986
445 3.87499999999985
446 9.334999999999294
447 -0.34999999999991777
448 -0.8299999999999186
449 -0.4999999999999183
450 -1.5349999999999089
451 2.8849999999998612
452 -1.3399999999999128
453 8.994999999999244
454 -0.724999999999918
455 9.349999999999422
456 3.17500000000011
457 -0.5649999999999179
458 -1.8399999999999048
459 4.099999999999832
460 -0.7949999999999185
461 13.709999999999816
462 -1.1249999999999194
463 -1.2749999999999178
464 9.209999999999347
465 -0.4249999999999183
466 -1.399999999999913
467 4.44500000000005
468 -0.42499999999991755
469 -1.1249999999999167
470 3.844999999999887
471 3.765000000000075
472 3.7900000000001324
473 4.464999999999794
474 -1.134999999999918
475 8.054999999999273
476 4.224999999999865
477 -0.6499999999999186
478 4.0649999999999
479 -0.9049999999999184
480 8.174999999999235
481 -0.23499999999991655
482 14.590000000000295
483 -1.0749999999999196
484 -0.799999999999919
485 4.749999999999788
486 -1.2099999999999185
487 3.88999999999987
488 4.360000000000101
489 -0.8699999999999186
490 -1.209999999999918
491 -1.4299999999999116
492 4.174999999999841
493 -0.5949999999999175
494 -1.3249999999999125
495 3.3899999999998878
496 -1.0399999999999172
497 8.719999999999258
498 3.175000000000047
499 -0.9549999999999187
500 8.854999999999219
501 -0.664999999999918
502 4.310000000000118
503 -0.4149999999999178
504 9.364999999999329
505 3.404999999999939
506 -1.434999999999911
507 -1.0149999999999197
508 -1.1449999999999174
509 -0.7099999999999174
510 -0.44499999999991785
511 -0.24999999999991748
512 -1.184999999999919
513 8.185000000000052
514 -0.6999999999999182
515 8.76999999999936
516 8.799999999999455
517 -1.1699999999999158
518 -1.2449999999999162
519 28.30500000000029
520 -0.8849999999999216
521 -1.2899999999999112
522 -0.9699999999999197
523 -1.47999999999991
524 -0.9049999999999186
525 4.1150000000000055
526 -0.9599999999999181
527 4.059999999999909
528 -0.9649999999999194
529 -0.6949999999999188
530 4.684999999999867
531 3.770000000000106
532 3.9250000000001295
533 9.779999999999248
534 8.849999999999476
535 8.80999999999924
536 13.910000000000187
537 4.265000000000122
538 -0.9949999999999185
539 4.719999999999833
540 -0.8649999999999182
541 -0.20499999999991722
542 3.9699999999998328
543 3.5150000000001
544 3.3250000000001423
545 -0.989999999999919
546 4.044999999999817
547 -1.209999999999915
548 4.084999999999965
549 -0.6299999999999175
550 4.074999999999854
551 -0.31499999999991773
552 -0.5399999999999185
553 -0.7099999999999173
554 -0.43499999999991873
555 4.449999999999963
556 3.78500000000013
557 -0.6799999999999176
558 -0.1299999999999165
559 4.214999999999941
560 -0.4599999999999182
561 4.380000000000025
562 3.8900000000001302
563 8.894999999999502
564 13.484999999999424
565 -0.6549999999999164
566 -1.2449999999999155
567 3.42500000000014
568 4.154999999999784
569 4.130000000000125
570 -0.574999999999918
571 9.43499999999951
572 4.489999999999777
573 -0.7499999999999167
574 3.190000000000145
575 -0.7149999999999176
576 -0.7549999999999176
577 8.769999999999479
578 -0.3299999999999168
579 4.574999999999884
580 -0.17999999999991603
581 -0.904999999999918
582 3.785000000000002
583 -0.7199999999999167
584 -0.6999999999999165
585 8.860000000000017
586 -0.5149999999999179
587 -0.9849999999999204
588 -1.21999999999992
589 3.9600000000001288
590 4.11999999999983
591 -0.8449999999999179
592 4.489999999999976
593 -0.4049999999999169
594 4.219999999999815
595 4.464999999999952
596 -0.16499999999991674
597 4.704999999999799
598 -0.9799999999999194
599 8.504999999999153
600 -0.6149999999999171
601 3.9500000000000783
602 3.2799999999998937
603 4.129999999999957
604 -0.6299999999999164
605 -0.6999999999999172
606 -0.624999999999918
607 -1.394999999999914
608 -0.5849999999999173
609 3.6850000000001346
610 -1.8099999999999052
611 -0.19999999999991674
612 14.189999999999891
613 -0.874999999999918
614 -0.6099999999999173
615 -0.21499999999991654
616 -0.6699999999999173
617 -2.084999999999901
618 -0.5549999999999183
619 -0.7499999999999174
620 4.264999999999802
621 -0.9099999999999175
622 -0.27999999999991637
623 4.5049999999998125
624 -0.7899999999999179
625 -0.3999999999999169
626 -0.7549999999999183
627 -0.15999999999991604
628 -1.1699999999999158
629 4.339999999999821
630 4.054999999999831
631 -0.2699999999999168
632 3.8300000000001297
633 -0.4749999999999161
634 -0.26499999999991725
635 -0.47499999999991965
636 -0.43999999999991785
637 -0.4799999999999172
638 -0.6299999999999194
639 -0.9299999999999171
640 3.604999999999894
641 -0.17999999999991695
642 8.519999999999927
643 4.094999999999942
644 -1.1349999999999185
645 -1.8749999999999012
646 8.589999999999359
647 4.289999999999803
648 4.794999999999775
649 -0.3999999999999169
650 -0.7099999999999176
651 13.759999999999648
652 -0.5949999999999195
653 -0.6999999999999171
654 -0.8249999999999175
655 -0.6949999999999187
656 3.864999999999835
657 8.679999999999593
658 9.105000000000047
659 -1.0099999999999179
660 8.824999999999894
661 -0.7699999999999163
662 3.9299999999999047
663 -1.2749999999999126
664 4.124999999999812
665 -0.31999999999991785
666 4.01999999999987
667 -0.6249999999999184
668 -0.8899999999999184
669 -0.9349999999999178
670 4.7099999999998134
671 4.864999999999769
672 3.7750000000001327
673 -0.9249999999999184
674 13.729999999999562
675 8.849999999999389
676 -0.9549999999999196
677 -0.28499999999991726
678 -0.8949999999999204
679 -1.264999999999915
680 -0.6349999999999171
681 -0.8699999999999184
682 -1.2799999999999168
683 -0.6299999999999177
684 -0.6549999999999171
685 4.729999999999776
686 -1.1199999999999186
687 13.78500000000015
688 3.585000000000127
689 -0.7549999999999174
690 4.419999999999828
691 -1.0749999999999185
692 8.420000000000103
693 3.4550000000001395
694 4.235000000000123
695 -0.14999999999991584
696 -0.9599999999999185
697 4.414999999999813
698 -0.30499999999991684
699 3.860000000000131
700 3.5550000000001374
701 -0.6499999999999193
702 -1.0749999999999178
703 8.769999999999643
704 -0.20499999999991633
705 -1.259999999999916
706 3.949999999999828
707 -0.6899999999999176
708 -0.8399999999999175
709 4.169999999999789
710 -1.149999999999918
711 -0.10499999999991647
712 4.539999999999842
713 -0.354999999999918
714 8.659999999999162
715 -0.15999999999991585
716 -0.12499999999991604
717 -0.13499999999991605
718 2.8950000000001515
719 -0.794999999999917
720 4.185000000000124
721 4.385000000000118
722 4.364999999999812
723 -0.19999999999991677
724 -0.10499999999991624
725 -0.5199999999999172
726 3.6549999999998875
727 -0.3899999999999186
728 3.985000000000099
729 -0.389999999999916
730 7.964999999999554
731 9.429999999999236
732 -0.7549999999999165
733 -0.8049999999999177
734 8.819999999999503
735 -0.8649999999999193
736 -0.6449999999999169
737 -0.7549999999999167
738 -1.0849999999999176
739 -1.019999999999918
740 -0.6999999999999171
741 4.534999999999833
742 -0.5299999999999176
743 -0.39499999999991625
744 -0.8549999999999184
745 9.194999999999238
746 9.359999999999172
747 -0.6799999999999164
748 -1.1049999999999178
749 -0.18499999999991676
750 -0.17999999999991764
751 -0.9399999999999189
752 4.234999999999866
753 -0.9249999999999178
754 -0.4449999999999194
755 8.92499999999931
756 4.704999999999783
757 -0.13999999999991583
758 8.954999999999556
759 8.799999999999581
760 -0.7899999999999181
761 -0.8549999999999173
762 -1.8599999999999022
763 -1.00499999999992
764 8.574999999999571
765 -0.3199999999999175
766 -0.2549999999999159
767 4.53999999999981
768 -0.704999999999918
769 -0.3349999999999173
770 9.334999999999207
771 -0.8499999999999197
772 3.705000000000134
773 -0.709999999999918
774 -0.26499999999991725
775 -0.864999999999921
776 -1.2599999999999136
777 9.659999999999249
778 -1.9149999999999048
779 -0.9399999999999193
780 4.739999999999779
781 -0.42999999999991934
782 -1.0099999999999187
783 3.995000000000128
784 4.629999999999879
785 -1.0499999999999188
786 -0.18999999999991674
787 -0.6399999999999171
788 3.68999999999983
789 14.02500000000031
790 4.030000000000124
791 4.614999999999801
792 -0.3599999999999189
793 4.170000000000122
794 8.819999999999222
795 9.76999999999928
796 3.390000000000116
797 4.249999999999788
798 4.135000000000125
799 -0.2449999999999166
800 3.3350000000001394
801 -0.2149999999999163
802 3.7199999999999447
803 -0.9549999999999196
804 -0.6999999999999182
805 -0.6149999999999162
806 -0.7099999999999169
807 -0.24999999999991704
808 -0.1899999999999165
809 4.010000000000051
810 -0.6949999999999169
811 3.5950000000000992
812 4.724999999999957
813 -0.8049999999999176
814 4.2550000000001225
815 4.415000000000119
816 -1.1649999999999159
817 4.874999999999773
818 8.139999999999784
819 9.28999999999919
820 4.76499999999986
821 -0.2849999999999168
822 8.389999999999576
823 -0.9999999999999185
824 -0.23999999999991722
825 -0.1849999999999164
826 -0.20499999999991633
827 4.594999999999949
828 4.3099999999997864
829 9.194999999999283
830 4.160000000000112
831 -0.25999999999991635
832 4.075000000000089
833 -0.9349999999999182
834 -0.40499999999991804
835 -0.23999999999991747
836 -0.7299999999999172
837 -0.804999999999917
838 -0.6299999999999166
839 -0.21499999999991612
840 3.1600000000001316
841 -0.7599999999999177
842 -0.21999999999991654
843 4.040000000000127
844 -0.8249999999999188
845 -0.7449999999999174
846 -0.3399999999999162
847 3.7700000000000893
848 3.840000000000111
849 -0.15999999999991607
850 -1.3599999999999133
851 -0.17999999999991673
852 7.7649999999999135
853 -1.014999999999919
854 -0.6849999999999162
855 -0.3799999999999167
856 -0.8549999999999173
857 -0.08499999999991623
858 -0.8749999999999188
859 -0.819999999999917
860 18.745000000000662
861 3.860000000000052
862 4.244999999999809
863 -0.264999999999917
864 4.834999999999784
865 -0.1499999999999165
866 -0.05499999999991577
867 4.6299999999999
868 -0.229999999999917
869 13.489999999999577
870 -0.084999999999916
871 4.235000000000089
872 -0.7449999999999172
873 4.235000000000111
874 -0.2349999999999179
875 3.189999999999851
876 -0.6199999999999168
877 3.8700000000001102
878 -0.15499999999991673
879 -1.0699999999999155
880 -1.484999999999912
881 -0.16499999999991585
882 -0.21999999999991587
883 4.85999999999978
884 -1.2999999999999126
885 -1.289999999999914
886 -0.3299999999999164
887 -0.9049999999999178
888 -0.6799999999999164
889 -0.609999999999921
890 -0.22999999999991635
891 -0.21999999999991657
892 -0.2449999999999166
893 -1.1199999999999162
894 9.159999999999808
895 -0.2649999999999166
896 -0.7799999999999181
897 8.989999999999231
898 -0.6949999999999182
899 -0.739999999999917
900 8.454999999999215
901 4.784999999999785
902 -1.0449999999999176
903 -0.1349999999999158
904 -0.39999999999991753
905 -0.9049999999999186
906 -0.11499999999991581
907 -1.0599999999999188
908 3.8400000000001295
909 -0.8799999999999188
910 -0.36999999999991756
911 13.75499999999941
912 3.2750000000001434
913 4.73499999999982
914 -0.34999999999991643
915 4.260000000000118
916 -1.4349999999999115
917 -0.6699999999999164
918 -0.7749999999999181
919 -0.7699999999999174
920 9.54499999999923
921 -0.17999999999991675
922 -0.7899999999999172
923 -0.6899999999999185
924 -0.9099999999999189
925 -0.28499999999991593
926 9.339999999999296
927 -0.1899999999999161
928 9.514999999999514
929 -0.5899999999999166
930 3.7699999999998868
931 -1.149999999999917
932 13.434999999999778
933 -0.24999999999991593
934 4.2550000000001225
935 -0.5449999999999197
936 -0.43999999999991674
937 -0.549999999999917
938 4.839999999999772
939 4.699999999999833
940 14.07499999999971
941 3.484999999999885
942 -0.6999999999999171
943 8.844999999999576
944 -0.1549999999999165
945 -0.18999999999991676
946 -0.7299999999999174
947 4.289999999999812
948 -1.3049999999999142
949 4.269999999999848
950 -0.6549999999999171
951 3.8749999999998312
952 -0.14999999999991606
953 -0.6499999999999164
954 4.239999999999834
955 4.249999999999795
956 -0.2299999999999161
957 -0.12499999999991625
958 -1.0499999999999177
959 -1.0549999999999196
960 -0.4499999999999192
961 -0.15999999999991607
962 -0.19999999999991563
963 4.909999999999777
964 -0.06999999999991643
965 4.334999999999811
966 -0.7599999999999176
967 -0.3099999999999162
968 -0.7549999999999183
969 3.799999999999872
970 3.9900000000001166
971 9.614999999999203
972 -0.7049999999999168
973 4.739999999999797
974 -0.5149999999999174
975 -0.5549999999999166
976 9.32499999999919
977 -0.2899999999999177
978 9.744999999999216
979 13.885000000000078
980 -0.23499999999991614
981 4.8299999999997825
982 4.130000000000125
983 -0.9149999999999189
984 4.3499999999998105
985 -0.979999999999918
986 -0.9199999999999189
987 4.8099999999997864
988 4.874999999999771
989 -0.24499999999991592
990 -0.9749999999999185
991 4.829999999999786
992 -1.0049999999999186
993 3.9750000000001213
994 -0.16499999999991583
995 -0.079999999999916
996 19.170000000000936
997 -0.24499999999991615
998 -0.47499999999991765
999 14.26500000000031
1000 -0.6799999999999164
1001 -1.1999999999999176
1002 3.2749999999998547
1003 -0.6699999999999193
1004 9.53499999999978
1005 -0.1349999999999165
1006 -0.13999999999991627
1007 -0.2649999999999159
1008 -0.2449999999999166
1009 4.020000000000122
1010 -0.7449999999999181
1011 -0.5399999999999177
1012 -0.7399999999999172
1013 -0.3099999999999164
1014 4.455000000000118
1015 -0.8649999999999173
1016 4.240000000000108
1017 9.484999999999337
1018 -0.7999999999999172
1019 4.429999999999942
1020 -0.7749999999999174
1021 -0.6749999999999164
1022 4.5699999999997845
1023 -0.10499999999991624
1024 -0.5449999999999183
1025 -0.7299999999999172
1026 3.0350000000001467
1027 -0.7099999999999165
1028 -0.7049999999999171
1029 -1.0299999999999192
1030 -1.049999999999919
1031 -1.169999999999916
1032 -0.8899999999999173
1033 -0.834999999999919
1034 -0.6849999999999169
1035 4.220000000000042
1036 -0.91499999999992
1037 -0.33499999999991686
1038 4.335000000000085
1039 4.419999999999834
1040 -1.2649999999999155
1041 4.065000000000123
1042 -0.6349999999999163
1043 4.799999999999801
1044 -1.404999999999913
1045 -1.449999999999913
1046 3.989999999999835
1047 -0.18999999999991699
1048 4.82999999999977
1049 4.3599999999998
1050 -0.08999999999991579
1051 4.689999999999828
1052 8.669999999999545
1053 -1.134999999999917
1054 4.704999999999819
1055 4.545000000000114
1056 -0.9399999999999191
1057 3.1499999999998485
1058 -0.1549999999999165
1059 4.924999999999759
1060 -0.5199999999999172
1061 -0.9699999999999198
1062 4.534999999999808
1063 -0.4899999999999181
1064 -0.06499999999991599
1065 -0.8199999999999183
1066 -0.23499999999991636
1067 4.809999999999767
1068 4.000000000000092
1069 -0.734999999999918
1070 -0.41999999999991694
1071 3.795000000000102
1072 -0.849999999999919
1073 -0.7199999999999169
1074 -0.14999999999991584
1075 4.35499999999977
1076 -0.11499999999991603
1077 -1.329999999999917
1078 -0.2699999999999166
1079 -0.14999999999991584
1080 3.7750000000001176
1081 -0.5199999999999163
1082 8.879999999999658
1083 -0.12999999999991646
1084 9.224999999999193
1085 -0.6349999999999162
1086 -0.5649999999999168
1087 -1.124999999999918
1088 -0.19499999999991643
1089 -0.19499999999991588
1090 -0.17499999999991653
1091 9.534999999999293
1092 -0.749999999999917
1093 4.939999999999761
1094 -0.049999999999915994
1095 8.974999999999824
1096 -0.41999999999991694
1097 -0.27499999999991703
1098 4.08499999999993
1099 -0.6499999999999171
1100 3.9499999999998474
1101 -0.9049999999999198
1102 9.754999999999237
1103 4.804999999999806
1104 -0.3099999999999175
1105 -0.1899999999999161
1106 -0.09499999999991579
1107 -0.8549999999999179
1108 4.264999999999915
1109 4.654999999999903
1110 -0.16999999999991652
1111 4.784999999999766
1112 -0.2649999999999166
1113 -0.15999999999991674
1114 9.129999999999502
1115 -0.28499999999991615
1116 4.164999999999827
1117 -0.15999999999991651
1118 3.2550000000001376
1119 -0.2649999999999168
1120 4.859999999999757
1121 -0.884999999999918
1122 -0.11499999999991603
1123 -0.06499999999991576
1124 -0.084999999999916
1125 -1.244999999999916
1126 -0.15499999999991584
1127 4.180000000000121
1128 -0.16999999999991586
1129 -1.4549999999999108
1130 -0.08999999999991556
1131 3.6200000000001102
1132 -1.3649999999999112
1133 4.749999999999846
1134 4.864999999999771
1135 -0.5449999999999168
1136 -1.209999999999916
1137 -0.6949999999999165
1138 -0.669999999999918
1139 4.524999999999823
1140 -0.04499999999991666
1141 -0.014999999999915779
1142 -0.7949999999999185
1143 -0.564999999999917
1144 -0.6749999999999167
1145 -0.19499999999991585
1146 9.784999999999268
1147 -0.1999999999999161
1148 -0.10999999999991603
1149 9.479999999999167
1150 -0.034999999999916
1151 -0.23499999999991614
1152 9.074999999999225
1153 4.034999999999849
1154 -0.1399999999999158
1155 -0.6749999999999182
1156 -0.9349999999999193
1157 -0.4149999999999171
1158 4.8599999999997765
1159 -0.6999999999999169
1160 -0.3949999999999178
1161 -0.5549999999999192
1162 -0.06499999999991599
1163 -0.14999999999991606
1164 4.844999999999784
1165 -0.8299999999999195
1166 14.269999999999326
1167 -0.2599999999999168
1168 14.04999999999957
1169 -1.0599999999999175
1170 -0.1399999999999156
1171 13.654999999999493
1172 -0.09499999999991578
1173 -0.08999999999991579
1174 -0.18499999999991587
1175 -1.3749999999999132
1176 4.769999999999899
1177 -0.3899999999999168
1178 -0.2599999999999159
1179 -0.7849999999999168
1180 4.275000000000108
1181 4.254999999999811
1182 -0.5549999999999166
1183 4.760000000000045
1184 -0.7399999999999176
1185 -0.2899999999999157
1186 -0.6349999999999169
1187 4.524999999999793
1188 -0.7399999999999165
1189 3.915000000000128
1190 -0.10499999999991602
1191 4.879999999999764
1192 -0.3849999999999167
1193 -0.5399999999999183
1194 -0.7949999999999181
1195 4.035000000000097
1196 -0.13499999999991671
1197 -0.2999999999999175
1198 9.559999999999397
1199 -1.1649999999999177
1200 -0.17499999999991586
1201 4.774999999999823
1202 -1.004999999999921
1203 4.050000000000094
1204 -0.7149999999999171
1205 -0.5149999999999163
1206 -0.12999999999991627
1207 -0.17999999999991675
1208 -0.15999999999991607
1209 9.73499999999925
1210 -0.05999999999991621
1211 9.169999999999208
1212 3.9399999999998583
1213 -0.13499999999991583
1214 -0.17499999999991586
1215 14.189999999999317
1216 -1.4949999999999173
1217 4.629999999999796
1218 -0.0999999999999158
1219 -0.5849999999999166
1220 -1.3399999999999166
1221 -0.24999999999991615
1222 -0.7699999999999187
1223 3.6500000000000963
1224 4.869999999999769
1225 -0.7149999999999167
1226 -0.23999999999991636
1227 -0.9149999999999198
1228 -0.15499999999991607
1229 -0.20499999999991567
1230 3.8550000000001
1231 -0.7249999999999176
1232 -0.2349999999999168
1233 4.334999999999886
1234 -1.3199999999999155
1235 4.239999999999806
1236 -0.44499999999991785
1237 -0.2749999999999159
1238 -0.19499999999991588
1239 -0.1799999999999161
1240 -0.7399999999999165
1241 4.794999999999781
1242 -1.1999999999999156
1243 -1.4449999999999117
1244 -0.7149999999999174
1245 4.390000000000116
1246 -0.2499999999999157
1247 -0.08999999999991579
1248 -0.2299999999999161
1249 -0.8249999999999175
1250 -0.7599999999999174
1251 -0.9649999999999189
1252 -0.22499999999991566
1253 -0.19499999999991655
1254 -0.96499999999992
1255 4.304999999999829
1256 3.8800000000001145
1257 9.729999999999226
1258 4.264999999999802
1259 -0.91999999999992
1260 -0.13499999999991605
1261 -1.0449999999999184
1262 -0.17999999999991742
1263 4.155000000000123
1264 4.725000000000112
1265 -0.15499999999991626
1266 -0.9949999999999185
1267 -0.6399999999999182
1268 -0.14999999999991584
1269 -0.6949999999999169
1270 4.934999999999757
1271 4.3499999999998
1272 -0.9299999999999213
1273 -0.11499999999991581
1274 -0.0999999999999158
1275 -1.7449999999999066
1276 -0.28999999999991727
1277 -0.3149999999999176
1278 9.769999999999257
1279 -1.0149999999999173
1280 4.184999999999848
1281 4.0750000000001245
1282 -0.4699999999999179
1283 -1.8649999999999058
1284 -0.9249999999999202
1285 4.7399999999999585
1286 -0.49499999999991634
1287 -0.06499999999991554
1288 -0.7099999999999167
1289 -0.08999999999991556
1290 -0.1249999999999158
1291 -0.15499999999991584
1292 4.145000000000076
1293 4.859999999999775
1294 14.385000000000428
1295 -0.07499999999991577
1296 -0.8549999999999175
1297 -1.2749999999999115
1298 -1.3599999999999137
1299 4.634999999999799
1300 -0.6849999999999238
1301 -0.8299999999999186
1302 4.799999999999765
1303 -0.13499999999991583
1304 -0.2999999999999157
1305 -0.20499999999991633
1306 -0.15999999999991563
1307 -0.7499999999999178
1308 -0.2149999999999172
1309 -0.9549999999999182
1310 -0.8699999999999182
1311 -0.12999999999991604
1312 -0.20499999999991786
1313 -0.7199999999999176
1314 -0.6399999999999169
1315 -0.6399999999999175
1316 -0.12499999999991604
1317 -0.4249999999999176
1318 -0.7549999999999178
1319 -0.9349999999999196
1320 -0.11999999999991581
1321 -0.6249999999999175
1322 4.225000000000121
1323 9.784999999999219
1324 -0.31499999999991796
1325 8.924999999999196
1326 4.744999999999944
1327 -0.2599999999999157
1328 -0.13499999999991627
1329 4.714999999999803
1330 -0.16999999999991608
1331 4.809999999999779
1332 -0.09999999999991557
1333 -0.12499999999991561
1334 -0.6449999999999166
1335 -0.8649999999999186
1336 4.869999999999762
1337 -0.7099999999999174
1338 -1.0849999999999185
1339 9.914999999999223
1340 -0.18999999999991632
1341 4.369999999999801
1342 -0.7099999999999175
1343 4.134999999999867
1344 -0.9149999999999194
1345 -0.15999999999991626
1346 4.37499999999981
1347 -0.3799999999999178
1348 -0.6749999999999164
1349 19.370000000000296
1350 3.705000000000128
1351 -0.11499999999991581
1352 4.809999999999785
1353 -0.20999999999991634
1354 -0.14999999999991603
1355 -0.1799999999999172
1356 -0.14999999999991606
1357 -0.14499999999991584
1358 -0.1699999999999163
1359 -0.7899999999999177
1360 4.79999999999981
1361 8.359999999999806
1362 -0.05499999999991555
1363 9.74499999999924
1364 -0.10999999999991604
1365 -0.11499999999991559
1366 4.789999999999776
1367 -0.04999999999991555
1368 -0.8099999999999179
1369 -0.13499999999991624
1370 4.299999999999916
1371 -0.194999999999917
1372 4.684999999999906
1373 -1.0149999999999177
1374 -0.06499999999991553
1375 -0.7449999999999165
1376 -0.09999999999991557
1377 4.9099999999998145
1378 -0.04499999999991555
1379 4.225000000000016
1380 -0.6899999999999162
1381 -0.89999999999992
1382 -0.18999999999991632
1383 4.879999999999774
1384 4.144999999999808
1385 9.079999999999567
1386 4.529999999999911
1387 4.54499999999986
1388 4.764999999999814
1389 -0.15499999999991584
1390 4.829999999999832
1391 4.88499999999981
1392 -0.11999999999991559
1393 4.72999999999979
1394 -0.0049999999999155555
1395 4.19000000000012
1396 4.669999999999791
1397 -0.09999999999991646
1398 -0.19999999999991677
1399 -0.12499999999991604
1400 -0.10499999999991667
1401 4.854999999999775
1402 -0.19499999999991677
1403 -0.2549999999999159
1404 -0.12499999999991582
1405 -0.12999999999991602
1406 -0.2999999999999166
1407 -0.10499999999991559
1408 4.179999999999848
1409 -0.18499999999991631
1410 4.520000000000092
1411 -0.5099999999999163
1412 -0.08499999999991556
1413 -1.3749999999999103
1414 -0.17999999999991606
1415 4.615000000000115
1416 -0.1799999999999161
1417 -0.8549999999999193
1418 -0.14999999999991584
1419 -0.11999999999991603
1420 -0.12499999999991691
1421 -0.12999999999991582
1422 -0.08999999999991556
1423 4.649999999999797
1424 4.854999999999768
1425 -0.24999999999991593
1426 -0.5649999999999159
1427 -0.25499999999991746
1428 4.740000000000012
1429 4.2900000000001
1430 19.770000000000756
1431 -0.26999999999991703
1432 -0.084999999999916
1433 4.829999999999806
1434 -0.06499999999991553
1435 -0.214999999999917
1436 -0.31999999999991685
1437 -0.07499999999991577
1438 4.710000000000112
1439 9.819999999999212
1440 -0.10499999999991556
1441 -0.6649999999999173
1442 -0.1399999999999156
1443 -0.06499999999991599
1444 -0.04999999999991555
1445 -0.824999999999921
1446 -0.5349999999999161
1447 9.03499999999945
1448 -0.6199999999999171
1449 -0.11499999999991559
1450 4.949999999999805
1451 -0.07999999999991556
1452 -0.11999999999991559
1453 -0.2649999999999179
1454 -0.16999999999991564
1455 4.25000000000012
1456 -0.6099999999999162
1457 9.204999999999302
1458 -0.28499999999991704
1459 -0.8199999999999172
1460 -1.424999999999909
1461 -0.7699999999999181
1462 -0.14499999999991584
1463 4.054999999999875
1464 -0.08999999999991601
1465 9.83499999999932
1466 -0.9699999999999206
1467 -0.6149999999999173
1468 -0.48499999999991766
1469 -0.13999999999991605
1470 -0.7799999999999165
1471 -1.404999999999913
1472 -0.1899999999999161
1473 -0.7549999999999174
1474 -0.08499999999991578
1475 -1.51499999999991
1476 -0.5899999999999188
1477 -1.2499999999999136
1478 3.965000000000088
1479 -0.8999999999999184
1480 -0.8799999999999182
1481 -0.19499999999991588
1482 4.434999999999787
1483 -0.12999999999991713
1484 -0.35499999999991577
1485 -0.044999999999915774
1486 -0.1399999999999156
1487 4.724999999999948
1488 4.199999999999879
1489 14.170000000000185
1490 -0.5899999999999164
1491 -1.0649999999999167
1492 8.930000000000055
1493 -0.2949999999999166
1494 -0.15999999999991563
1495 -0.7499999999999183
1496 -0.8649999999999175
1497 -0.6449999999999164
1498 -0.749999999999921
1499 -0.05999999999991577
1500 -0.15999999999991607
1501 3.995000000000128
1502 24.05500000000095
1503 -0.919999999999918
1504 -0.10999999999991647
1505 9.564999999999367
1506 4.789999999999783
1507 -0.06999999999991555
1508 4.78999999999978
1509 -0.12999999999991582
1510 -0.2799999999999166
1511 3.980000000000116
1512 -0.6899999999999171
1513 -0.8149999999999163
1514 4.425000000000117
1515 -1.1449999999999176
1516 -0.11999999999991581
1517 -0.11499999999991625
1518 -0.1499999999999165
1519 9.894999999999225
1520 4.669999999999942
1521 -0.504999999999917
1522 4.510000000000101
1523 -0.18499999999991631
1524 -0.08999999999991579
1525 -0.2649999999999157
1526 -0.259999999999917
1527 -0.44999999999991586
1528 -0.7549999999999167
1529 3.215000000000116
1530 14.494999999999878
1531 4.974999999999765
1532 -0.5599999999999172
1533 -0.11499999999991559
1534 -0.6249999999999168
1535 4.114999999999808
1536 -0.17499999999991608
1537 -0.03499999999991556
1538 -1.2949999999999118
1539 -0.09499999999991579
1540 -0.13999999999991602
1541 -0.1099999999999158
1542 -0.17499999999991675
1543 -0.29499999999991794
1544 -0.9249999999999189
1545 -0.1099999999999158
1546 4.2050000000001235
1547 8.97999999999943
1548 19.505000000000685
1549 4.884999999999776
1550 -0.02499999999991578
1551 -0.019999999999915558
1552 -0.28999999999991727
1553 -0.30999999999991595
1554 -0.22999999999991613
1555 9.774999999999247
1556 -0.699999999999917
1557 -0.9299999999999204
1558 8.459999999999798
1559 -0.6599999999999162
1560 -0.3299999999999162
1561 -0.25999999999991724
1562 -0.07499999999991555
1563 -0.16499999999991563
1564 4.25500000000012
1565 -0.954999999999918
1566 4.884999999999774
1567 -0.6999999999999165
1568 -0.2499999999999157
1569 -0.009999999999915778
1570 -0.21499999999991612
1571 -0.8699999999999177
1572 3.9049999999998484
1573 4.754999999999839
1574 -0.16999999999991586
1575 4.115000000000125
1576 -0.5799999999999175
1577 4.919999999999756
1578 -0.08999999999991579
1579 -0.02999999999991578
1580 -0.18499999999991606
1581 -0.769999999999917
1582 3.7649999999998123
1583 4.859999999999759
1584 -0.1449999999999156
1585 4.839999999999823
1586 4.529999999999835
1587 -0.22499999999991677
1588 -0.1099999999999158
1589 -0.16499999999991607
1590 -0.014999999999916
1591 4.809999999999769
1592 -0.6999999999999162
1593 -0.06499999999991576
1594 9.909999999999217
1595 4.854999999999771
1596 -0.21999999999991698
1597 4.774999999999791
1598 -0.614999999999918
1599 -0.11499999999991625
1600 13.889999999999901
1601 4.954999999999766
1602 -0.48999999999991745
1603 -0.8199999999999172
1604 -1.8349999999999118
1605 -0.18499999999991673
1606 -0.11999999999991559
1607 -0.7949999999999174
1608 -0.6249999999999171
1609 4.789999999999792
1610 -0.5749999999999159
1611 4.799999999999783
1612 -0.13999999999991605
1613 -0.07499999999991577
1614 4.645000000000073
1615 -0.5449999999999161
1616 -0.8399999999999188
1617 14.515000000000153
1618 4.389999999999936
1619 4.679999999999883
1620 -0.3649999999999169
1621 -0.6649999999999169
1622 -0.7649999999999167
1623 -0.16999999999991652
1624 -0.21499999999991568
1625 -0.13499999999991605
1626 -0.639999999999917
1627 -0.8149999999999183
1628 -0.03499999999991556
1629 -0.08999999999991601
1630 -0.11999999999991603
1631 -0.13999999999991583
1632 4.075000000000111
1633 -0.15999999999991563
1634 -0.9449999999999176
1635 -0.17999999999991564
1636 4.5849999999997895
1637 4.049999999999808
1638 14.229999999999851
1639 4.969999999999783
1640 -0.7049999999999174
1641 -0.09499999999991557
1642 -0.36999999999991623
1643 4.394999999999806
1644 -0.07499999999991555
1645 -0.2649999999999166
1646 4.859999999999769
1647 -0.9449999999999176
1648 4.874999999999774
1649 3.9600000000000373
1650 -1.4499999999999116
1651 -0.5999999999999177
1652 -0.20999999999991567
1653 -0.2499999999999177
1654 -0.08999999999991556
1655 -0.17499999999991628
1656 -0.11999999999991626
1657 4.494999999999827
1658 4.204999999999817
1659 -0.18999999999991588
1660 9.124999999999776
1661 3.7250000000001213
1662 4.944999999999768
1663 5.019999999999755
1664 -0.2999999999999164
1665 4.894999999999776
1666 4.844999999999777
1667 -0.1299999999999156
1668 -0.24999999999991637
1669 4.724999999999927
1670 9.764999999999883
1671 -0.23499999999991725
1672 4.714999999999938
1673 4.179999999999789
1674 -0.20999999999991723
1675 -1.149999999999919
1676 -0.11499999999991559
1677 -0.09499999999991557
1678 -0.7349999999999178
1679 -0.45499999999991697
1680 -0.19999999999991566
1681 -0.34999999999991777
1682 4.475000000000107
1683 -0.7399999999999163
1684 -0.26999999999991703
1685 -0.1249999999999165
1686 -0.7199999999999163
1687 -0.08999999999991579
1688 -0.08999999999991556
1689 4.939999999999766
1690 -0.7099999999999174
1691 -0.07999999999991556
1692 -0.1249999999999156
1693 -0.22499999999991674
1694 4.32499999999979
1695 -0.09499999999991557
1696 -0.6799999999999169
1697 -0.7549999999999174
1698 4.249999999999873
1699 4.805000000000111
1700 4.769999999999773
1701 4.030000000000127
1702 -0.08999999999991579
1703 9.664999999999305
1704 -0.1249999999999156
1705 -0.5449999999999159
1706 -0.10499999999991558
1707 -0.17499999999991608
1708 9.149999999999203
1709 -0.9349999999999187
1710 4.6999999999997675
1711 -0.6349999999999162
1712 -0.31999999999991774
1713 4.720000000000111
1714 9.109999999999195
1715 -0.2849999999999168
1716 -0.08999999999991579
1717 -0.8199999999999177
1718 -0.32999999999991686
1719 -0.11999999999991581
1720 -0.7949999999999172
1721 -1.0899999999999201
1722 19.320000000000633
1723 -0.10999999999991603
1724 4.644999999999964
1725 4.695000000000113
1726 -0.07499999999991577
1727 -0.31999999999991685
1728 -0.6549999999999175
1729 -0.18499999999991618
1730 -0.10999999999991558
1731 8.814999999999422
1732 9.824999999999262
1733 -0.7399999999999174
1734 -0.6849999999999171
1735 -0.13499999999991627
1736 -0.0999999999999158
1737 4.249999999999859
1738 -1.034999999999917
1739 4.8599999999999595
1740 -0.7949999999999183
1741 -0.21499999999991612
1742 -0.43499999999991695
1743 -0.5249999999999159
1744 -0.05499999999991577
1745 -0.2149999999999159
1746 4.675000000000068
1747 -0.7149999999999215
1748 -1.3099999999999126
1749 -0.14499999999991603
1750 -0.09999999999991667
1751 -0.07999999999991578
1752 4.829999999999795
1753 -0.1199999999999158
1754 -1.2349999999999146
1755 -0.6499999999999166
1756 4.914999999999763
1757 -0.10999999999991625
1758 -0.08499999999991578
1759 9.724999999999241
1760 4.869999999999766
1761 -0.16499999999991563
1762 4.499999999999944
1763 -0.1299999999999156
1764 -2.0599999999999046
1765 -0.1349999999999156
1766 4.809999999999856
1767 -0.11499999999991559
1768 -0.06499999999991576
1769 -0.09999999999991557
1770 -0.6449999999999169
1771 -0.1249999999999156
1772 9.069999999999656
1773 -0.13499999999991583
1774 -0.4899999999999161
1775 -0.14499999999991584
1776 -0.17499999999991564
1777 -0.15499999999991582
1778 -0.14499999999991628
1779 -0.49499999999991634
1780 -0.04999999999991555
1781 -0.6949999999999182
1782 -0.12499999999991626
1783 3.9400000000001185
1784 -0.14499999999991559
1785 -0.6299999999999164
1786 4.799999999999797
1787 4.0650000000001265
1788 -0.5799999999999172
1789 4.659999999999825
1790 -0.2599999999999159
1791 4.795000000000111
1792 4.119999999999805
1793 -1.0299999999999194
1794 -0.14999999999991606
1795 -0.06499999999991576
1796 -0.11999999999991603
1797 -0.12999999999991604
1798 -0.09499999999991579
1799 -0.12499999999991558
1800 -0.10999999999991603
1801 -0.1349999999999156
1802 -0.074999999999916
1803 4.769999999999796
1804 3.9899999999998306
1805 -0.6299999999999162
1806 4.859999999999778
1807 -0.229999999999917
1808 -0.1699999999999174
1809 4.365000000000071
1810 -0.16499999999991605
1811 -0.5399999999999165
1812 4.789999999999774
1813 -0.5499999999999166
1814 9.184999999999322
1815 -0.11499999999991559
1816 -0.5799999999999172
1817 -0.709999999999918
1818 -0.7249999999999163
1819 -0.2049999999999161
1820 -1.039999999999919
1821 -0.14499999999991559
1822 -0.5999999999999159
1823 -0.15499999999991584
1824 4.784999999999808
1825 -0.1399999999999156
1826 -0.21499999999991656
1827 -0.1549999999999163
1828 -0.14999999999991562
1829 4.270000000000121
1830 -0.14999999999991562
1831 -0.40499999999991726
1832 -0.18999999999991585
1833 -0.39999999999991825
1834 4.030000000000116
1835 -0.24499999999991748
1836 -0.13999999999991716
1837 -0.08499999999991578
1838 4.789999999999789
1839 -0.2099999999999159
1840 -0.11999999999991559
1841 -1.0149999999999184
1842 -0.08999999999991556
1843 -0.1749999999999165
1844 -0.09999999999991624
1845 -1.2199999999999138
1846 -0.24999999999991637
1847 4.904999999999774
1848 -0.06499999999991554
1849 -0.31999999999991574
1850 -0.46999999999991765
1851 -0.07499999999991555
1852 -0.21499999999991568
1853 9.83499999999935
1854 -0.6999999999999176
1855 -0.8599999999999188
1856 4.789999999999835
1857 -0.1599999999999163
1858 -0.05499999999991555
1859 9.834999999999228
1860 -0.4249999999999174
1861 -0.6199999999999166
1862 -0.5999999999999162
1863 -0.08499999999991556
1864 -0.06499999999991554
1865 4.814999999999781
1866 4.879999999999783
1867 -0.07499999999991577
1868 -0.11499999999991602
1869 -0.07999999999991554
1870 -0.09999999999991557
1871 -0.06999999999991577
1872 -1.0099999999999183
1873 -1.3949999999999143
1874 4.245000000000121
1875 -0.09499999999991579
1876 -0.13499999999991671
1877 -0.2799999999999175
1878 4.015000000000116
1879 -0.1399999999999158
1880 -0.3199999999999164
1881 -0.11999999999991559
1882 -0.04999999999991577
1883 -0.1899999999999161
1884 -0.16499999999991607
1885 -0.1499999999999158
1886 -0.959999999999919
1887 -0.14499999999991606
1888 4.824999999999774
1889 4.3000000000001215
1890 4.409999999999795
1891 4.274999999999782
1892 -0.6449999999999173
1893 -1.3699999999999115
1894 -0.4699999999999179
1895 -0.1749999999999163
1896 -0.8049999999999177
1897 -0.7349999999999165
1898 -0.08499999999991556
1899 -0.1499999999999158
1900 -0.19499999999991652
1901 -0.2549999999999161
1902 -0.5549999999999188
1903 -0.11999999999991559
1904 4.929999999999766
1905 -0.1349999999999156
1906 9.449999999999674
1907 -0.11499999999991557
1908 4.914999999999758
1909 -0.16999999999991608
1910 -0.15499999999991562
1911 4.140000000000125
1912 4.2799999999997995
1913 -0.09499999999991558
1914 -0.08499999999991556
1915 -0.11999999999991581
1916 -0.8149999999999192
1917 -0.07999999999991578
1918 -0.7699999999999176
1919 -0.3599999999999158
1920 -0.08999999999991556
1921 4.899999999999781
1922 -0.079999999999916
1923 -0.5899999999999177
1924 4.859999999999954
1925 -0.04999999999991555
1926 -0.7349999999999176
1927 -0.05999999999991599
1928 -0.2899999999999175
1929 4.134999999999815
1930 -0.15499999999991607
1931 -0.14499999999991584
1932 -0.17499999999991608
1933 4.34499999999985
1934 -0.4949999999999161
1935 -0.5499999999999159
1936 -0.10499999999991602
1937 4.734999999999804
1938 -0.15499999999991607
1939 -0.10999999999991558
1940 -0.1349999999999165
1941 -0.5299999999999163
1942 -0.8799999999999171
1943 -0.8799999999999182
1944 -0.03499999999991556
1945 -0.18999999999991565
1946 4.824999999999767
1947 -0.05499999999991555
1948 -0.17999999999991564
1949 -0.11999999999991581
1950 4.754999999999862
1951 -0.5899999999999201
1952 -0.5399999999999159
1953 9.27999999999939
1954 -0.01999999999991578
1955 -0.11999999999991603
1956 4.849999999999771
1957 -0.08999999999991556
1958 -0.744999999999918
1959 -0.11499999999991559
1960 4.2899999999998295
1961 -0.7199999999999163
1962 4.9049999999997755
1963 -0.8899999999999189
1964 -0.34499999999991665
1965 9.514999999999386
1966 4.924999999999759
1967 -0.5099999999999216
1968 -0.12999999999991604
1969 4.874999999999767
1970 -0.08999999999991579
1971 -0.1099999999999158
1972 -0.1349999999999156
1973 -0.2049999999999163
1974 -0.18999999999991654
1975 -0.14999999999991606
1976 4.489999999999779
1977 3.7149999999998258
1978 -0.9199999999999187
1979 -0.06499999999991554
1980 -0.14499999999991584
1981 -0.22999999999991602
1982 -0.5199999999999161
1983 4.180000000000091
1984 -0.22999999999991655
1985 -0.13499999999991583
1986 -0.10999999999991558
1987 -0.6099999999999162
1988 4.779999999999782
1989 -0.8249999999999181
1990 -0.7599999999999187
1991 9.254999999999558
1992 -0.7449999999999165
1993 4.615000000000092
1994 -0.09499999999991579
1995 -0.32999999999991597
1996 -0.08499999999991556
1997 -0.1449999999999158
1998 -0.14499999999991584
1999 -0.07499999999991577
5638.609451532364
