0 -5.05
1 -7.65
2 -6.33
3 -7.66
4 -7.70
5 -7.77
6 -7.74
7 -7.65
8 -5.14
9 2.39
10 -7.80
11 -7.70
12 -5.13
13 -7.60
14 -7.73
15 -7.64
16 -4.53
17 -5.13
18 -7.85
19 -7.61
20 -7.65
21 -5.12
22 -7.70
23 -7.66
24 -2.76
25 -4.95
26 -2.66
27 -7.69
28 -5.09
29 -7.61
30 -5.25
31 -7.60
32 -7.70
33 -7.65
34 -7.55
35 -7.58
36 -7.82
37 -2.53
38 -7.69
39 -7.51
40 -5.22
41 -7.89
42 -5.08
43 -7.74
44 -7.76
45 -5.08
46 -5.13
47 -7.62
48 -7.71
49 -5.11
50 -5.20
51 -7.70
52 -7.67
53 -7.70
54 -7.58
55 -7.62
56 -5.18
57 -7.54
58 -5.02
59 -0.06
60 -7.66
61 -7.71
62 -7.69
63 -7.52
64 -7.67
65 -5.08
66 -2.67
67 -7.59
68 -7.62
69 -6.43
70 -7.57
71 -7.71
72 -7.69
73 -7.68
74 -7.56
75 -5.27
76 -7.51
77 -7.68
78 -7.69
79 -7.69
80 -7.76
81 -7.60
82 -7.67
83 -5.00
84 -7.56
85 -5.09
86 -2.44
87 -5.15
88 -5.20
89 -7.59
90 -7.67
91 -5.20
92 -7.70
93 -3.88
94 -7.73
95 -7.66
96 -7.82
97 -4.97
98 -2.80
99 -5.04
100 -7.72
101 -5.22
102 -5.24
103 -7.62
104 -5.16
105 -0.06
106 -7.62
107 -5.16
108 -7.77
109 -5.22
110 -2.65
111 -7.53
112 -7.65
113 -7.57
114 -5.29
115 -7.77
116 -7.63
117 -7.79
118 -4.93
119 -2.61
120 -7.75
121 -7.43
122 -7.52
123 -7.58
124 -7.62
125 -7.73
126 -7.48
127 -7.65
128 -7.59
129 -7.75
130 -7.66
131 -5.14
132 -5.05
133 -7.60
134 -5.20
135 -7.73
136 -7.67
137 -5.13
138 -5.20
139 -0.08
140 -7.78
141 -5.16
142 -7.54
143 -7.68
144 -7.51
145 -7.74
146 -5.27
147 -7.70
148 -7.77
149 -7.70
150 -7.77
151 -7.64
152 -7.77
153 -7.51
154 -7.72
155 -5.14
156 -5.26
157 -5.30
158 -5.21
159 -5.76
160 -7.58
161 -7.49
162 -7.60
163 -7.69
164 -7.59
165 -7.65
166 -7.85
167 -2.61
168 -7.65
169 -7.72
170 -7.51
171 -0.19
172 -7.64
173 -0.21
174 -7.64
175 -5.10
176 -5.17
177 -7.63
178 -5.04
179 -7.59
180 -7.76
181 -7.59
182 -0.16
183 -7.63
184 -5.13
185 -3.41
186 -0.83
187 -7.60
188 -4.97
189 -7.70
190 -7.68
191 -7.61
192 -7.65
193 -7.57
194 -7.60
195 -7.61
196 -5.22
197 -7.64
198 -2.73
199 -7.69
200 -7.66
201 -7.78
202 -7.83
203 -7.64
204 -7.69
205 -7.75
206 -5.08
207 -7.79
208 -7.81
209 -7.80
210 -5.13
211 -7.68
212 -7.73
213 -5.08
214 -7.69
215 -7.72
216 -7.63
217 -5.27
218 -5.25
219 -7.65
220 -5.12
221 -7.62
222 -7.77
223 -3.85
224 -7.68
225 -5.24
226 -7.80
227 -7.61
228 -2.82
229 -5.04
230 -7.59
231 -5.04
232 -7.67
233 -2.68
234 -2.58
235 -5.10
236 -5.18
237 -5.21
238 -7.70
239 -5.10
240 -7.86
241 -5.16
242 -5.17
243 -7.74
244 -7.61
245 -5.00
246 -5.06
247 -7.64
248 -2.67
249 -0.13
250 -7.67
251 -7.66
252 -7.44
253 -5.25
254 -7.57
255 -7.75
256 -2.65
257 -7.73
258 -7.66
259 -7.56
260 -5.10
261 -0.03
262 -5.18
263 -7.65
264 -7.65
265 -7.71
266 -7.71
267 -5.11
268 -7.71
269 -7.70
270 -7.64
271 -5.23
272 -7.60
273 -5.09
274 -5.17
275 -7.78
276 -5.02
277 -7.72
278 -2.60
279 -7.74
280 -7.59
281 -7.63
282 -7.72
283 -7.47
284 -2.86
285 -7.88
286 -7.65
287 -7.61
288 -7.64
289 -7.78
290 -0.10
291 -7.71
292 -7.64
293 -5.12
294 -7.57
295 -0.08
296 -7.54
297 -7.52
298 -7.57
299 -7.70
300 -7.78
301 -7.59
302 -7.46
303 -5.17
304 -5.00
305 -7.55
306 -2.70
307 2.49
308 2.52
309 -7.57
310 -5.15
311 -7.66
312 -5.28
313 -7.57
314 -5.13
315 -7.72
316 -7.55
317 -7.80
318 2.43
319 -7.61
320 -5.13
321 -7.57
322 -5.09
323 -7.68
324 -2.70
325 -5.19
326 -0.25
327 -2.64
328 -7.71
329 2.41
330 -7.60
331 -2.64
332 -0.06
333 -7.71
334 -7.63
335 -7.67
336 -2.56
337 -7.62
338 -2.64
339 -2.48
340 -7.60
341 -0.05
342 -5.15
343 -7.63
344 -7.75
345 -7.53
346 -2.67
347 -5.32
348 -5.09
349 -7.78
350 -7.69
351 2.32
352 -7.68
353 -0.18
354 -7.71
355 -7.41
356 -2.58
357 -7.65
358 -5.25
359 -7.57
360 -7.59
361 -7.62
362 -5.25
363 -7.52
364 -7.73
365 -0.13
366 -7.71
367 -7.67
368 -7.82
369 -5.21
370 -4.04
371 -7.69
372 -7.82
373 -7.71
374 -7.62
375 -7.59
376 -0.12
377 -6.33
378 -5.19
379 -7.55
380 -5.12
381 -0.13
382 -2.66
383 -2.75
384 -7.78
385 -5.17
386 -7.74
387 -6.40
388 -7.79
389 -0.16
390 -7.44
391 -7.73
392 6.65
393 -7.59
394 -7.73
395 -7.76
396 -2.64
397 -7.54
398 -5.12
399 -5.21
400 -7.77
401 -5.21
402 -2.64
403 -7.69
404 -0.29
405 0.10
406 -7.60
407 -5.26
408 -7.60
409 -2.75
410 -0.06
411 -7.64
412 -7.80
413 -2.64
414 -5.19
415 -7.61
416 -7.73
417 -7.74
418 -5.14
419 -7.63
420 -5.10
421 -7.63
422 -7.64
423 -7.68
424 4.85
425 -5.22
426 -5.15
427 -7.62
428 2.50
429 -2.51
430 -2.53
431 -5.20
432 -7.59
433 -5.15
434 -5.09
435 -7.75
436 -0.13
437 -7.68
438 -2.66
439 -2.81
440 -7.56
441 -7.52
442 -7.63
443 3.47
444 -0.14
445 -7.74
446 -5.34
447 -5.28
448 -5.24
449 -5.31
450 -5.14
451 -2.65
452 -5.14
453 -2.67
454 -7.52
455 -7.46
456 -2.57
457 -5.20
458 -7.63
459 -5.18
460 -5.24
461 -5.11
462 -7.60
463 -7.84
464 -5.17
465 1.40
466 -5.14
467 -0.02
468 -5.17
469 -0.09
470 9.06
471 -7.71
472 -2.62
473 -2.52
474 -7.75
475 -2.71
476 -4.97
477 -2.75
478 11.69
479 2.40
480 -2.83
481 4.87
482 -2.76
483 -5.13
484 7.50
485 -7.72
486 -7.69
487 7.29
488 -7.60
489 -7.66
490 -0.12
491 5.01
492 2.18
493 14.87
494 12.65
495 19.96
496 12.41
497 14.93
498 -3.53
499 6.19
500 15.03
501 3.98
502 22.55
503 2.44
504 32.43
505 9.93
506 7.30
507 14.92
508 9.95
509 4.95
510 12.60
511 22.65
512 52.65
513 14.94
514 15.03
515 34.16
516 35.40
517 24.96
518 22.43
519 11.03
520 38.45
521 32.64
522 17.40
523 6.60
524 35.14
525 23.09
526 19.90
527 19.31
528 30.93
529 17.53
530 35.01
531 22.55
532 54.24
533 32.40
534 42.52
535 25.03
536 38.55
537 24.94
538 48.22
539 29.57
540 37.55
541 51.77
542 47.60
543 34.91
544 31.68
545 7.02
546 42.32
547 43.72
548 26.82
549 35.10
550 49.96
551 50.06
552 37.38
553 35.00
554 55.96
555 49.23
556 29.46
557 42.33
558 32.37
559 60.03
560 42.54
561 54.41
562 47.57
563 45.06
564 61.81
565 42.58
566 33.82
567 33.88
568 30.13
569 49.87
570 62.25
571 49.79
572 64.76
573 24.69
574 82.03
575 45.13
576 68.98
577 59.36
578 54.99
579 42.66
580 53.18
581 43.34
582 42.82
583 35.09
584 59.40
585 32.42
586 88.36
587 39.97
588 36.25
589 67.27
590 70.04
591 55.19
592 73.56
593 51.79
594 73.30
595 42.54
596 66.03
597 42.69
598 52.79
599 70.27
600 55.03
601 70.08
602 45.05
603 49.80
604 49.55
605 57.41
606 84.51
607 57.61
608 67.59
609 49.07
610 67.60
611 59.28
612 103.21
613 54.84
614 66.80
615 59.23
616 47.66
617 48.85
618 60.24
619 42.26
620 50.12
621 61.14
622 60.16
623 69.40
624 39.24
625 34.48
626 46.38
627 65.09
628 78.64
629 53.00
630 55.21
631 41.96
632 43.48
633 55.06
634 68.74
635 65.13
636 83.64
637 55.10
638 37.62
639 73.60
640 37.61
641 56.94
642 55.16
643 71.86
644 50.12
645 57.66
646 81.85
647 49.64
648 64.38
649 52.17
650 57.37
651 52.51
652 64.28
653 74.93
654 34.98
655 61.06
656 64.96
657 45.01
658 64.17
659 52.60
660 78.95
661 57.53
662 42.62
663 44.43
664 61.60
665 60.15
666 78.12
667 57.67
668 32.50
669 64.77
670 49.55
671 49.40
672 66.65
673 70.39
674 52.71
675 50.20
676 57.61
677 65.27
678 41.64
679 55.18
680 50.18
681 58.57
682 44.67
683 96.02
684 49.32
685 72.69
686 66.79
687 55.06
688 60.87
689 67.85
690 54.85
691 59.36
692 75.57
693 73.97
694 42.67
695 53.13
696 65.30
697 39.94
698 56.11
699 84.83
700 81.71
701 119.04
702 71.92
703 37.62
704 62.47
705 61.72
706 90.88
707 85.69
708 59.21
709 78.57
710 38.40
711 47.60
712 89.70
713 75.73
714 64.15
715 89.09
716 71.10
717 54.20
718 56.82
719 41.62
720 57.55
721 64.71
722 55.21
723 52.50
724 57.76
725 64.90
726 50.04
727 57.01
728 103.84
729 66.92
730 60.22
731 75.35
732 62.65
733 48.95
734 49.18
735 72.02
736 68.39
737 81.40
738 64.45
739 41.75
740 55.08
741 57.83
742 61.86
743 66.45
744 72.49
745 49.67
746 67.76
747 91.76
748 57.58
749 70.18
750 65.05
751 87.62
752 49.96
753 66.48
754 97.82
755 77.68
756 62.25
757 92.99
758 55.08
759 84.12
760 67.73
761 68.19
762 84.11
763 79.18
764 71.75
765 65.03
766 88.77
767 62.58
768 52.57
769 76.76
770 52.14
771 80.18
772 75.08
773 78.49
774 53.38
775 65.01
776 67.44
777 70.13
778 90.28
779 65.00
780 57.67
781 83.15
782 53.93
783 68.30
784 85.19
785 52.72
786 90.46
787 69.15
788 76.84
789 93.24
790 79.70
791 85.17
792 82.88
793 86.58
794 76.69
795 82.78
796 72.67
797 69.78
798 108.30
799 65.23
800 60.20
801 56.66
802 93.11
803 70.24
804 82.13
805 78.56
806 80.21
807 60.03
808 91.51
809 57.15
810 113.65
811 60.08
812 91.27
813 76.91
814 85.50
815 81.35
816 60.07
817 95.05
818 86.57
819 76.13
820 57.80
821 74.33
822 57.66
823 83.16
824 73.53
825 52.51
826 71.89
827 81.76
828 75.00
829 77.71
830 101.18
831 87.83
832 69.64
833 67.67
834 50.09
835 65.39
836 94.33
837 79.68
838 67.09
839 65.19
840 75.17
841 58.54
842 54.22
843 79.50
844 57.31
845 59.99
846 71.00
847 67.68
848 70.60
849 69.77
850 69.79
851 77.76
852 87.94
853 104.19
854 76.75
855 68.68
856 85.21
857 80.17
858 67.67
859 57.66
860 85.96
861 66.77
862 67.59
863 76.32
864 69.23
865 40.15
866 101.93
867 100.85
868 90.22
869 113.39
870 85.39
871 72.53
872 72.25
873 89.43
874 88.68
875 62.66
876 84.37
877 50.10
878 72.71
879 110.05
880 82.68
881 78.72
882 59.67
883 73.44
884 60.18
885 95.12
886 65.20
887 72.64
888 50.17
889 63.21
890 87.67
891 58.31
892 72.65
893 86.77
894 80.27
895 85.52
896 84.29
897 87.71
898 107.65
899 75.09
900 77.36
901 133.72
902 83.64
903 95.31
904 72.65
905 77.19
906 85.78
907 112.93
908 81.51
909 92.75
910 74.47
911 82.23
912 91.12
913 99.29
914 61.29
915 71.66
916 89.59
917 77.59
918 119.40
919 45.13
920 85.17
921 67.64
922 106.78
923 89.74
924 98.48
925 82.81
926 87.50
927 86.56
928 72.57
929 70.25
930 62.49
931 67.82
932 100.01
933 79.45
934 124.66
935 82.77
936 67.65
937 56.64
938 124.98
939 95.16
940 79.99
941 82.80
942 84.42
943 67.65
944 45.02
945 71.70
946 92.77
947 80.99
948 84.90
949 75.11
950 126.01
951 79.76
952 118.68
953 80.18
954 49.99
955 55.19
956 78.09
957 74.04
958 74.51
959 90.10
960 90.79
961 89.12
962 91.55
963 72.62
964 89.42
965 99.91
966 64.25
967 85.16
968 75.18
969 117.53
970 80.25
971 98.71
972 71.63
973 86.82
974 95.44
975 83.39
976 65.78
977 107.59
978 76.81
979 90.41
980 65.28
981 65.10
982 71.48
983 124.01
984 72.16
985 74.28
986 80.12
987 74.46
988 55.03
989 71.66
990 127.86
991 90.21
992 82.71
993 85.27
994 94.64
995 92.10
996 77.31
997 90.04
998 81.86
999 65.18
1743.5122740268707
