0 11.804999999999705
1 -3.3899999999998998
2 21.89499999999982
3 -3.584999999999898
4 12.269999999999794
5 1.7550000000001014
6 1.940000000000166
7 11.09499999999971
8 6.585000000000039
9 1.4350000000001668
10 10.995000000000024
11 0.5950000000001588
12 15.474999999999707
13 6.175000000000139
14 1.6500000000001078
15 26.339999999999755
16 2.0100000000000886
17 1.3650000000001246
18 1.6750000000001304
19 16.014999999999873
20 7.254999999999859
21 7.749999999999886
22 -1.03999999999992
23 3.604999999999981
24 -0.994999999999847
25 -2.8899999999998967
26 -1.4799999999999127
27 7.8349999999998765
28 -2.854999999999908
29 8.084999999999955
30 -4.734999999999865
31 5.2799999999998315
32 2.2050000000001546
33 16.664999999999676
34 7.230000000000007
35 -1.3049999999999127
36 -1.8899999999999253
37 11.479999999999672
38 6.454999999999984
39 7.319999999999883
40 -1.7949999999999078
41 2.830000000000143
42 -2.754999999999913
43 -0.9399999999999196
44 -3.099999999999904
45 17.800000000000217
46 -2.959999999999887
47 -3.049999999999905
48 3.3550000000001416
49 12.75499999999983
50 -0.8149999999998283
51 -2.4049999999999074
52 11.434999999999615
53 13.284999999999929
54 2.255000000000096
55 3.6350000000000655
56 3.025000000000097
57 3.9550000000000916
58 18.98500000000005
59 -1.314999999999917
60 5.724999999999854
61 4.114999999999837
62 23.250000000000398
63 2.375000000000096
64 -1.3699999999999113
65 16.92499999999975
66 1.3750000000001292
67 -1.9649999999999157
68 3.6249999999998908
69 7.625000000000063
70 12.814999999999761
71 -0.859999999999919
72 6.899999999999829
73 -1.2999999999999174
74 -3.959999999999886
75 8.739999999999586
76 -1.4499999999999122
77 -4.259999999999872
78 -1.4199999999999107
79 7.084999999999887
80 2.8900000000001285
81 3.704999999999952
82 -0.7849999999999194
83 3.900000000000012
84 8.574999999999413
85 8.434999999999519
86 -2.1649999999998952
87 -0.4599999999998586
88 3.9300000000000885
89 -4.429999999999873
90 -1.1049999999999176
91 -0.6399999999999173
92 -1.3799999999999124
93 -0.8199999999999183
94 -0.6299999999999175
95 8.334999999999578
96 -1.824999999999903
97 -3.2899999999998983
98 -0.709999999999918
99 -1.1199999999999162
100 1.340000000000077
101 3.410000000000081
102 3.9250000000001295
103 -0.5849999999999193
104 4.2799999999998946
105 3.7500000000000897
106 3.610000000000136
107 3.4950000000001378
108 3.6449999999998983
109 7.669999999999317
110 -1.919999999999907
111 -0.7549999999999176
112 8.759999999999891
113 -1.3649999999999132
114 -1.1099999999999166
115 8.835000000000072
116 4.369999999999844
117 7.30499999999973
118 13.340000000000051
119 -1.6049999999999114
120 3.7849999999998696
121 -1.1449999999999165
122 -1.8999999999998995
123 3.5500000000000567
124 -0.5249999999999176
125 4.11499999999984
126 6.894999999999655
127 -0.5699999999999172
128 -1.189999999999914
129 4.174999999999871
130 6.849999999999984
131 7.974999999999612
132 8.814999999999573
133 -1.699999999999903
134 -0.954999999999918
135 6.809999999999901
136 -1.8249999999999118
137 -1.804999999999905
138 3.8899999999998167
139 -0.6199999999999171
140 14.125000000000329
141 -2.3649999999998945
142 -1.1099999999999146
143 -1.6649999999999177
144 12.4499999999998
145 -1.8199999999999048
146 2.400000000000131
147 4.169999999999809
148 -0.814999999999922
149 13.254999999999526
150 3.49999999999988
151 13.189999999999998
152 -2.574999999999892
153 6.640000000000041
154 3.2200000000001383
155 3.1199999999998242
156 -0.6849999999999173
157 7.600000000000062
158 8.43999999999998
159 3.4100000000001405
160 9.289999999999182
161 1.7749999999998956
162 7.860000000000145
163 4.0350000000000845
164 -0.6649999999999164
165 -0.8999999999999184
166 3.025000000000148
167 3.0600000000001417
168 4.0099999999998746
169 -0.604999999999917
170 4.3149999999997934
171 -1.3699999999999117
172 4.089999999999834
173 21.97000000000008
174 24.1100000000003
175 -0.6149999999999188
176 4.1399999999998505
177 3.270000000000043
178 3.3500000000001418
179 3.3500000000001062
180 -3.1499999999998978
181 -0.6849999999999169
182 -0.7149999999999178
183 -0.48499999999991744
184 -1.3399999999999135
185 3.929999999999845
186 8.764999999999171
187 7.774999999999958
188 12.384999999999536
189 13.380000000000004
190 -0.8149999999999188
191 7.650000000000125
192 -0.8149999999999192
193 -0.6599999999999167
194 12.664999999999608
195 8.624999999999192
196 -1.0249999999999175
197 -1.2199999999999156
198 13.945000000000006
199 8.94999999999989
200 12.354999999999936
201 13.679999999999357
202 -0.7149999999999171
203 -0.7799999999999165
204 13.4349999999996
205 4.145000000000046
206 -2.0499999999999092
207 -0.6749999999999176
208 -0.3199999999999173
209 3.3099999999998895
210 -2.724999999999902
211 3.255000000000135
212 -0.624999999999918
213 22.47000000000003
214 -1.1349999999999139
215 -0.11999999999991626
216 8.799999999999201
217 3.4499999999999824
218 -0.9099999999999199
219 -2.089999999999895
220 -1.2099999999999136
221 -1.1949999999999172
222 8.80999999999975
223 12.99499999999927
224 -1.0799999999999164
225 22.484999999999577
226 -1.1799999999999138
227 -0.7499999999999174
228 3.764999999999848
229 3.575000000000135
230 -0.5599999999999163
231 8.309999999999432
232 -0.6099999999999166
233 -0.7749999999999176
234 2.719999999999966
235 -0.8249999999999181
236 -0.31999999999991663
237 -0.5799999999999175
238 6.555000000000108
239 1.7700000000001077
240 3.224999999999916
241 3.7049999999998313
242 4.439999999999823
243 -0.6199999999999168
244 2.574999999999841
245 4.2049999999998775
246 8.864999999999275
247 -0.7949999999999164
248 -0.36999999999991623
249 3.6450000000001355
250 4.229999999999904
251 -0.5399999999999165
252 4.294999999999932
253 3.7899999999998455
254 -0.19499999999991655
255 -0.2449999999999157
256 22.95499999999981
257 3.9650000000001286
258 0.9400000000000975
259 -1.32499999999991
260 2.5700000000000967
261 -0.7649999999999172
262 -0.7599999999999176
263 4.214999999999915
264 -0.6199999999999173
265 1.6650000000001097
266 4.064999999999847
267 7.784999999999531
268 -0.7149999999999167
269 -1.0199999999999168
270 -0.7349999999999163
271 -0.919999999999918
272 3.4399999999998245
273 -0.914999999999918
274 9.354999999999592
275 -0.9149999999999193
276 -0.8199999999999175
277 8.654999999999173
278 2.8400000000001038
279 5.750000000000183
280 7.979999999999879
281 3.485000000000098
282 9.154999999999157
283 3.909999999999825
284 8.015000000000008
285 -0.19499999999991632
286 -0.07999999999991622
287 4.01499999999994
288 1.8450000000001339
289 8.589999999999039
290 3.770000000000109
291 -1.0199999999999172
292 -0.6399999999999173
293 -0.20999999999991587
294 9.08499999999971
295 -1.1849999999999143
296 -2.879999999999889
297 -0.614999999999916
298 -1.5949999999999118
299 8.884999999999684
300 4.074999999999845
301 13.009999999999833
302 13.219999999999802
303 3.1700000000001225
304 4.889999999999769
305 -0.5899999999999164
306 -0.639999999999918
307 3.3700000000001165
308 4.124999999999975
309 4.714999999999799
310 4.374999999999808
311 8.014999999999814
312 -1.294999999999916
313 -0.389999999999916
314 7.869999999999707
315 12.994999999999328
316 -1.1899999999999142
317 12.474999999999897
318 3.8049999999998487
319 -2.7149999999998937
320 -0.6649999999999164
321 -0.13499999999991583
322 -0.5549999999999163
323 3.0850000000001474
324 -0.5599999999999163
325 8.454999999999911
326 -0.8499999999999228
327 -1.3149999999999127
328 3.869999999999857
329 -1.8299999999999124
330 -0.7149999999999169
331 -0.24499999999991703
332 3.9549999999998597
333 -0.5149999999999176
334 -1.049999999999917
335 3.8650000000000944
336 -0.8949999999999169
337 -0.1999999999999163
338 -0.4399999999999176
339 -1.6399999999999153
340 -1.9599999999998992
341 3.3550000000001416
342 4.389999999999778
343 -0.349999999999916
344 4.689999999999888
345 -1.134999999999914
346 -0.18999999999991588
347 12.389999999999699
348 -0.9899999999999225
349 3.2449999999999797
350 13.464999999999778
351 4.385000000000118
352 13.69000000000001
353 -0.2149999999999179
354 -0.7399999999999161
355 -0.5599999999999163
356 2.5700000000001193
357 9.219999999999267
358 -0.9999999999999181
359 13.099999999999303
360 4.404999999999788
361 4.0400000000001075
362 7.674999999999182
363 -0.7799999999999192
364 4.2200000000001054
365 -1.129999999999914
366 -1.0249999999999169
367 -0.20499999999991722
368 -0.6449999999999164
369 -0.5349999999999165
370 4.884999999999833
371 9.414999999999157
372 -0.6399999999999173
373 4.150000000000125
374 13.794999999999863
375 4.44499999999978
376 -0.9849999999999172
377 -0.779999999999919
378 9.02999999999918
379 -0.6249999999999162
380 7.8799999999994155
381 4.464999999999817
382 3.415000000000095
383 4.100000000000126
384 12.960000000000072
385 -0.8599999999999175
386 -0.7149999999999169
387 -0.13499999999991671
388 3.7050000000001244
389 -1.5299999999999128
390 -1.459999999999908
391 -1.154999999999914
392 -0.8799999999999173
393 -0.08499999999991578
394 4.304999999999957
395 -0.6399999999999166
396 4.369999999999824
397 -0.9749999999999174
398 3.325000000000138
399 -0.5149999999999165
400 -0.9449999999999167
401 2.5550000000001063
402 8.85999999999932
403 -0.1349999999999156
404 -1.4849999999999073
405 8.9499999999995
406 -1.549999999999907
407 3.8700000000001253
408 9.619999999999221
409 -0.4699999999999163
410 -0.6349999999999175
411 -1.1449999999999143
412 4.414999999999791
413 -0.4549999999999163
414 -1.284999999999912
415 -0.5749999999999161
416 -1.0049999999999173
417 -0.5349999999999163
418 -0.1899999999999161
419 -0.6149999999999173
420 4.1200000000001245
421 9.1449999999994
422 -1.8649999999999012
423 3.7099999999998152
424 4.394999999999779
425 8.669999999999481
426 -0.5449999999999161
427 -0.8049999999999203
428 -0.40999999999991693
429 -0.5749999999999166
430 -0.7549999999999165
431 7.929999999999741
432 -0.18499999999991565
433 4.009999999999825
434 19.435000000000734
435 -1.379999999999909
436 -0.9449999999999172
437 -0.9449999999999169
438 8.604999999999734
439 9.009999999999357
440 8.360000000000108
441 -0.9249999999999196
442 3.9850000000001184
443 -0.6699999999999164
444 4.270000000000119
445 9.02999999999949
446 4.579999999999958
447 -0.32999999999991886
448 4.359999999999768
449 9.889999999999208
450 14.565000000000277
451 -1.0899999999999173
452 4.869999999999764
453 4.484999999999793
454 14.190000000000273
455 -0.29999999999991617
456 -0.6799999999999176
457 -0.6199999999999164
458 8.484999999999259
459 3.0400000000001146
460 -0.11999999999991558
461 8.57499999999913
462 -0.5349999999999159
463 3.8750000000001306
464 -0.9699999999999191
465 -0.5399999999999163
466 2.975000000000094
467 -0.3149999999999164
468 -0.6649999999999167
469 -0.9049999999999184
470 3.875000000000111
471 4.234999999999886
472 -0.15999999999991585
473 -0.4499999999999201
474 -0.5249999999999163
475 -0.7899999999999183
476 -0.13999999999991627
477 3.660000000000135
478 -0.5849999999999164
479 -0.10499999999991602
480 -0.14499999999991584
481 -0.5399999999999161
482 -0.7399999999999165
483 3.205000000000126
484 -0.08499999999991578
485 -1.049999999999917
486 8.984999999999582
487 -0.11999999999991626
488 -0.12499999999991604
489 -1.3549999999999132
490 4.824999999999818
491 -0.9499999999999171
492 -0.6149999999999162
493 -0.12499999999991626
494 -0.5899999999999161
495 -0.6599999999999164
496 -0.6399999999999169
497 8.01499999999957
498 -0.5599999999999161
499 3.7500000000001315
500 18.915000000000653
501 3.8650000000000357
502 -1.0899999999999155
503 4.179999999999851
504 14.124999999999277
505 -0.13999999999991605
506 4.8099999999998095
507 4.365000000000052
508 -0.6899999999999182
509 3.1050000000001168
510 -1.3199999999999157
511 -0.849999999999919
512 3.994999999999788
513 4.459999999999787
514 -1.0249999999999162
515 4.234999999999976
516 4.539999999999957
517 3.820000000000122
518 -0.06999999999991599
519 3.800000000000119
520 -0.6199999999999168
521 -0.14999999999991562
522 -1.5299999999999065
523 -0.23499999999991614
524 -0.8949999999999166
525 18.945000000000384
526 -0.8949999999999176
527 -0.1899999999999161
528 3.7149999999999093
529 -0.084999999999916
530 -0.8399999999999181
531 3.4500000000001068
532 -0.23499999999991636
533 -1.7249999999999026
534 4.884999999999781
535 9.32999999999916
536 3.325000000000111
537 13.979999999999732
538 4.809999999999767
539 4.22500000000012
540 3.7650000000000867
541 -0.6749999999999173
542 -0.5799999999999168
543 4.25499999999991
544 4.874999999999755
545 -1.3249999999999118
546 -0.8999999999999182
547 -0.2249999999999159
548 13.834999999999248
549 -0.5549999999999163
550 4.1600000000001245
551 -0.18999999999991632
552 -1.8349999999999078
553 -1.094999999999915
554 -0.6199999999999166
555 -0.09499999999991557
556 -0.6599999999999169
557 7.039999999999963
558 -0.5599999999999166
559 4.2299999999998805
560 7.585000000000092
561 -0.15999999999991585
562 12.784999999999453
563 4.229999999999804
564 13.284999999999556
565 7.9649999999994225
566 -0.1849999999999161
567 -0.099999999999916
568 7.770000000000133
569 4.159999999999829
570 -2.124999999999899
571 3.8699999999998473
572 3.949999999999961
573 -0.5699999999999161
574 4.304999999999806
575 8.94499999999957
576 -0.5949999999999166
577 -0.384999999999916
578 -0.5699999999999161
579 -0.7049999999999165
580 -0.11499999999991604
581 4.230000000000122
582 8.739999999999336
583 -1.5799999999999068
584 4.130000000000097
585 -0.7849999999999177
586 4.37499999999997
587 4.3849999999998115
588 3.97000000000003
589 -0.8899999999999177
590 -0.28499999999991593
591 9.034999999999469
592 -0.06499999999991599
593 -0.02999999999991556
594 -0.1699999999999163
595 -1.0849999999999147
596 -0.1049999999999158
597 -0.8349999999999175
598 -0.8149999999999177
599 9.409999999999172
600 -1.1049999999999143
601 -0.5399999999999163
602 -0.6149999999999164
603 3.7450000000000605
604 -0.4999999999999161
605 4.294999999999787
606 -0.9349999999999176
607 2.9750000000000982
608 -0.6249999999999171
609 -0.5049999999999158
610 -0.2899999999999157
611 -0.12999999999991604
612 4.909999999999763
613 4.050000000000127
614 -0.5999999999999179
615 -0.6199999999999162
616 -0.7699999999999172
617 -0.11499999999991603
618 4.819999999999809
619 -0.2099999999999159
620 -0.12999999999991582
621 -0.5449999999999159
622 -0.0999999999999158
623 4.51999999999999
624 -0.5899999999999164
625 -0.44999999999991586
626 -0.31499999999991685
627 -0.9849999999999169
628 13.894999999999781
629 3.895000000000107
630 3.834999999999866
631 -0.5699999999999159
632 9.224999999999927
633 4.344999999999928
634 -1.3899999999999109
635 4.4900000000001175
636 8.924999999999502
637 -0.36999999999991645
638 -0.5399999999999161
639 3.9700000000000406
640 -1.2899999999999108
641 -0.16499999999991563
642 -1.6799999999999065
643 -0.09499999999991557
644 4.0650000000001265
645 -0.5599999999999163
646 4.09000000000011
647 -0.629999999999916
648 -0.4349999999999176
649 -0.45999999999991587
650 4.4849999999997685
651 4.649999999999852
652 -0.7249999999999176
653 3.2500000000001226
654 -0.11999999999991581
655 4.244999999999829
656 -0.48999999999991745
657 3.849999999999855
658 3.804999999999991
659 4.070000000000126
660 -0.6149999999999164
661 -0.6349999999999166
662 3.3850000000001286
663 -0.6299999999999166
664 -0.11499999999991625
665 3.5599999999998877
666 3.8449999999998816
667 4.639999999999788
668 -1.0449999999999156
669 4.714999999999812
670 4.194999999999796
671 -0.5249999999999163
672 -1.039999999999916
673 3.8250000000001236
674 4.279999999999798
675 -0.5549999999999161
676 4.1149999999998546
677 -0.059999999999915545
678 -0.13999999999991605
679 -0.12999999999991602
680 -0.7299999999999172
681 -0.5799999999999164
682 -0.654999999999916
683 9.444999999999164
684 4.479999999999779
685 -1.349999999999916
686 -0.13499999999991583
687 -1.3699999999999097
688 -1.1049999999999205
689 -0.6949999999999171
690 23.984999999999744
691 3.210000000000134
692 -0.5899999999999159
693 4.055000000000021
694 9.414999999999186
695 -0.6549999999999166
696 4.079999999999825
697 -0.5799999999999168
698 3.789999999999897
699 -0.5399999999999177
700 8.694999999999746
701 -0.05999999999991577
702 9.329999999999227
703 -0.9349999999999182
704 4.195000000000083
705 -1.0499999999999168
706 -0.04999999999991577
707 4.370000000000023
708 4.409999999999813
709 -0.8549999999999173
710 9.374999999999297
711 -0.6549999999999166
712 -0.12999999999991627
713 7.804999999999199
714 -0.5099999999999159
715 4.879999999999785
716 4.709999999999906
717 4.1950000000001175
718 4.2050000000001235
719 4.105000000000126
720 3.6050000000001043
721 -0.7699999999999172
722 -0.23999999999991592
723 -0.6849999999999167
724 -0.19999999999991588
725 4.629999999999961
726 -0.6449999999999166
727 4.874999999999767
728 4.86999999999976
729 -0.13999999999991558
730 -1.1849999999999146
731 -0.14999999999991628
732 4.364999999999817
733 3.715000000000134
734 4.239999999999868
735 -1.0499999999999163
736 -1.0999999999999153
737 3.959999999999888
738 3.89500000000013
739 -0.054999999999916
740 19.11499999999977
741 -0.21999999999991657
742 -0.5449999999999161
743 3.695000000000098
744 9.129999999999251
745 3.390000000000141
746 -0.11499999999991581
747 4.814999999999781
748 4.504999999999935
749 4.030000000000106
750 -0.7549999999999165
751 -0.629999999999916
752 -0.4899999999999168
753 3.7399999999999176
754 -0.43999999999991607
755 -0.4699999999999161
756 -0.5849999999999168
757 -0.17499999999991586
758 -0.3199999999999173
759 -0.5899999999999159
760 -0.04499999999991555
761 -0.9699999999999167
762 3.105000000000098
763 3.589999999999817
764 4.190000000000124
765 4.2699999999998175
766 13.039999999999766
767 4.114999999999778
768 4.799999999999785
769 -0.05499999999991555
770 4.809999999999813
771 -0.09499999999991646
772 4.285000000000069
773 -0.7349999999999167
774 -0.8049999999999168
775 -0.39999999999991626
776 4.260000000000122
777 4.554999999999978
778 4.254999999999837
779 -0.17499999999991675
780 4.3849999999998115
781 3.289999999999858
782 -0.5299999999999163
783 8.979999999999409
784 4.8199999999998075
785 -0.5849999999999166
786 9.044999999999625
787 -0.46999999999991654
788 -0.24499999999991612
789 -0.08499999999991578
790 -0.15999999999991585
791 -0.0049999999999157775
792 -0.11999999999991559
793 -0.09499999999991557
794 4.159999999999951
795 -0.9299999999999164
796 -0.6499999999999171
797 -1.0899999999999161
798 4.079999999999889
799 -0.5149999999999176
800 4.809999999999776
801 -0.4749999999999161
802 -1.0849999999999151
803 -0.4949999999999159
804 -0.5549999999999163
805 -0.674999999999918
806 -0.5649999999999159
807 -0.894999999999918
808 4.414999999999795
809 -0.0999999999999158
810 -0.04499999999991555
811 3.5500000000001375
812 -0.864999999999918
813 -0.8249999999999161
814 -0.27499999999991614
815 -0.1849999999999161
816 -0.9399999999999162
817 -0.22499999999991613
818 -0.4299999999999174
819 -0.4999999999999159
820 -1.1149999999999154
821 4.894999999999788
822 -0.36999999999991645
823 4.4649999999997885
824 -0.10499999999991558
825 4.394999999999797
826 4.059999999999802
827 4.62499999999987
828 8.429999999999456
829 4.894999999999774
830 4.82999999999979
831 -0.6249999999999168
832 4.274999999999821
833 3.875000000000102
834 3.8200000000001317
835 -0.10499999999991602
836 -0.2699999999999157
837 -0.5499999999999159
838 -0.1049999999999158
839 3.7150000000001278
840 -0.5499999999999161
841 4.2349999999998875
842 -0.9799999999999169
843 14.139999999999555
844 -0.9499999999999162
845 -0.6249999999999164
846 3.8999999999997845
847 -0.05999999999991577
848 -0.14999999999991584
849 -0.5899999999999164
850 -0.13499999999991583
851 4.6549999999999
852 9.819999999999236
853 -0.14499999999991559
854 4.345000000000119
855 -1.8099999999999024
856 -0.11499999999991582
857 -0.5449999999999166
858 3.610000000000136
859 -0.4699999999999159
860 -0.08499999999991578
861 -0.894999999999918
862 -0.18499999999991565
863 -0.10499999999991624
864 -0.6299999999999168
865 3.869999999999936
866 -0.5599999999999161
867 3.7199999999998568
868 -0.04499999999991555
869 -0.03499999999991578
870 -0.1649999999999163
871 -1.0849999999999171
872 -1.0749999999999154
873 -0.5799999999999159
874 -0.1449999999999156
875 -0.16499999999991607
876 -0.5399999999999161
877 3.610000000000128
878 4.269999999999874
879 4.050000000000104
880 -0.3199999999999171
881 -0.24999999999991723
882 -0.05999999999991599
883 -0.6899999999999165
884 4.389999999999792
885 -0.09999999999991557
886 -0.06499999999991554
887 -0.7299999999999167
888 -0.14999999999991562
889 -0.10999999999991558
890 3.8900000000001276
891 -0.2899999999999157
892 4.495000000000117
893 -0.5899999999999173
894 -1.4249999999999112
895 -0.6549999999999162
896 9.20999999999923
897 -1.6149999999999078
898 -0.12499999999991582
899 4.340000000000121
900 -0.1799999999999161
901 2.69999999999986
902 -0.7449999999999185
903 -0.10999999999991558
904 13.51499999999986
905 8.724999999999604
906 4.79499999999984
907 4.859999999999766
908 4.294999999999835
909 -0.6649999999999169
910 -0.6249999999999166
911 -0.32499999999991575
912 -1.0649999999999182
913 -0.5099999999999159
914 9.214999999999263
915 -0.41999999999991605
916 -0.15499999999991584
917 -0.08499999999991578
918 -0.13999999999991583
919 -0.09999999999991668
920 -0.26999999999991614
921 -1.3749999999999098
922 4.889999999999762
923 4.479999999999779
924 -0.16499999999991585
925 -0.6899999999999162
926 9.15499999999919
927 -0.779999999999919
928 4.444999999999808
929 4.349999999999869
930 4.600000000000112
931 -1.0949999999999143
932 3.2000000000000934
933 -0.9599999999999165
934 4.879999999999799
935 -0.16499999999991585
936 3.8700000000000987
937 -0.10999999999991558
938 -0.854999999999917
939 -0.14499999999991584
940 -0.2699999999999157
941 -0.12999999999991604
942 8.884999999999247
943 -0.0049999999999155555
944 -1.1349999999999147
945 -0.5549999999999159
946 -1.0249999999999182
947 -0.08999999999991601
948 -0.12999999999991604
949 -0.07499999999991577
950 -0.13499999999991627
951 -0.2249999999999172
952 -0.45499999999991586
953 -0.7549999999999163
954 8.654999999999617
955 8.754999999999832
956 -0.599999999999917
957 -0.6549999999999169
958 -0.19999999999991566
959 9.194999999999215
960 -0.019999999999915558
961 8.489999999999812
962 -0.5399999999999165
963 -0.6649999999999167
964 -2.3299999999998935
965 3.8550000000000866
966 -1.104999999999917
967 -0.2299999999999159
968 -0.7349999999999172
969 4.689999999999838
970 -0.04999999999991555
971 -0.6699999999999167
972 -1.0049999999999184
973 14.705000000000268
974 4.764999999999953
975 4.175000000000124
976 -0.4749999999999159
977 4.919999999999761
978 4.544999999999904
979 4.8899999999997705
980 -1.25999999999992
981 -0.5099999999999159
982 -0.08999999999991579
983 2.970000000000148
984 -0.759999999999917
985 -0.4949999999999161
986 -0.5099999999999159
987 -0.2449999999999157
988 4.685000000000087
989 -0.11499999999991603
990 -0.21499999999991568
991 8.209999999999843
992 14.735000000000431
993 3.895000000000092
994 -0.3299999999999164
995 3.9850000000001096
996 -0.5999999999999162
997 -0.10499999999991558
998 -0.0999999999999158
999 -0.02999999999991556
1000 4.8249999999998305
1001 -0.9399999999999167
1002 9.78499999999923
1003 -0.07999999999991578
1004 -0.6449999999999171
1005 -1.3199999999999104
1006 -0.7399999999999163
1007 -0.46499999999991587
1008 -0.15499999999991562
1009 3.1600000000001414
1010 -0.5649999999999163
1011 -0.06499999999991554
1012 9.684999999999258
1013 4.514999999999784
1014 -0.7499999999999161
1015 -0.354999999999917
1016 4.389999999999829
1017 4.929999999999777
1018 -0.05499999999991555
1019 4.114999999999848
1020 -0.6549999999999178
1021 -1.479999999999907
1022 -0.7849999999999165
1023 4.359999999999819
1024 -0.059999999999915545
1025 -0.5249999999999161
1026 -0.5199999999999159
1027 -0.4849999999999159
1028 9.114999999999625
1029 -0.10499999999991558
1030 -0.5549999999999161
1031 -0.15499999999991584
1032 -0.8049999999999172
1033 3.630000000000135
1034 -0.08499999999991578
1035 -0.07499999999991556
1036 -0.1299999999999156
1037 -0.20499999999991567
1038 -0.4799999999999163
1039 -0.11999999999991559
1040 -0.9449999999999176
1041 4.424999999999798
1042 4.190000000000018
1043 -2.924999999999889
1044 -0.15499999999991562
1045 4.779999999999791
1046 4.874999999999776
1047 9.724999999999248
1048 9.51999999999987
1049 -0.09499999999991557
1050 -0.08499999999991556
1051 -0.10999999999991558
1052 9.274999999999189
1053 9.254999999999312
1054 -0.32999999999991575
1055 -0.6849999999999173
1056 -0.5299999999999163
1057 2.675000000000148
1058 4.77999999999983
1059 -0.11499999999991581
1060 -0.45499999999991586
1061 4.2599999999998035
1062 4.754999999999807
1063 -0.1099999999999158
1064 -0.10499999999991558
1065 -0.7349999999999169
1066 -0.1249999999999156
1067 -0.5199999999999159
1068 -0.15999999999991563
1069 -0.1349999999999156
1070 -0.15499999999991562
1071 4.874999999999755
1072 3.67999999999988
1073 -0.6799999999999176
1074 3.874999999999887
1075 -0.1549999999999156
1076 -0.079999999999916
1077 -1.0049999999999173
1078 -0.724999999999918
1079 4.694999999999796
1080 4.325000000000121
1081 -0.6149999999999164
1082 -0.804999999999917
1083 -0.09499999999991579
1084 -0.8549999999999174
1085 -0.5499999999999159
1086 -0.09499999999991579
1087 -0.16499999999991563
1088 13.724999999999456
1089 -0.10499999999991558
1090 -0.03499999999991578
1091 -0.6099999999999166
1092 -0.07499999999991555
1093 -0.7549999999999183
1094 -0.5099999999999167
1095 -0.5349999999999159
1096 -0.1249999999999156
1097 -0.6049999999999168
1098 -1.0699999999999155
1099 -0.20499999999991567
1100 -0.45999999999991875
1101 -0.6149999999999166
1102 -0.10499999999991558
1103 -0.8599999999999184
1104 -0.2049999999999159
1105 -0.14999999999991562
1106 2.8750000000001226
1107 -0.7299999999999172
1108 13.794999999999314
1109 -0.584999999999917
1110 -0.9399999999999169
1111 -0.19499999999991588
1112 -0.34499999999991665
1113 -0.6449999999999171
1114 -0.6199999999999166
1115 -0.6299999999999168
1116 -0.10999999999991558
1117 -0.16499999999991585
1118 -0.10499999999991624
1119 3.9549999999997887
1120 -0.5299999999999168
1121 4.8749999999997815
1122 -0.5549999999999159
1123 -0.8699999999999171
1124 -0.7399999999999174
1125 4.2899999999998295
1126 -0.5899999999999166
1127 -0.09499999999991557
1128 4.040000000000117
1129 3.9450000000001193
1130 4.9399999999997535
1131 4.215000000000123
1132 -0.8699999999999162
1133 -0.1849999999999161
1134 -0.5299999999999159
1135 -0.09999999999991557
1136 -0.6799999999999162
1137 -0.7699999999999165
1138 -0.5449999999999159
1139 4.364999999999839
1140 -0.05499999999991577
1141 -0.4899999999999159
1142 -0.14999999999991562
1143 -0.05499999999991555
1144 9.789999999999262
1145 4.725000000000017
1146 -0.5249999999999168
1147 -0.1399999999999156
1148 -0.1249999999999156
1149 -0.9749999999999198
1150 -1.4099999999999098
1151 3.8800000000001296
1152 -0.019999999999915558
1153 4.289999999999828
1154 -0.43499999999991695
1155 4.170000000000115
1156 4.055000000000109
1157 -0.2399999999999157
1158 -0.49499999999991656
1159 -0.8299999999999179
1160 -0.8099999999999203
1161 -0.019999999999915558
1162 4.254999999999905
1163 4.824999999999843
1164 -0.07999999999991556
1165 -0.04499999999991555
1166 -0.07999999999991556
1167 -0.17499999999991583
1168 -0.7299999999999163
1169 -0.08999999999991556
1170 0.005000000000084445
1171 -0.2099999999999159
1172 -0.07999999999991556
1173 -0.6949999999999171
1174 -0.1849999999999161
1175 -0.06499999999991576
1176 -0.1399999999999156
1177 -0.10999999999991558
1178 -0.4849999999999161
1179 4.849999999999757
1180 4.894999999999785
1181 -0.614999999999916
1182 9.449999999999319
1183 4.115000000000082
1184 -0.5699999999999164
1185 3.774999999999901
1186 -0.8349999999999206
1187 -0.09499999999991557
1188 2.2100000000001145
1189 -0.16999999999991564
1190 -0.1299999999999156
1191 4.514999999999974
1192 -0.9799999999999167
1193 -0.4549999999999161
1194 -0.09499999999991557
1195 -0.059999999999915545
1196 3.9949999999998926
1197 -0.12499999999991604
1198 -0.6449999999999162
1199 -0.779999999999917
1200 4.489999999999804
1201 4.944999999999762
1202 -0.8349999999999181
1203 -0.5949999999999168
1204 -0.5549999999999161
1205 -0.6349999999999169
1206 9.524999999999341
1207 -0.7549999999999176
1208 -0.7399999999999181
1209 4.14
1210 -0.7099999999999171
1211 -0.1249999999999156
1212 19.255000000000745
1213 -0.5249999999999161
1214 -0.7199999999999187
1215 -0.5599999999999161
1216 -0.15999999999991563
1217 -0.03499999999991556
1218 -0.19999999999991674
1219 -0.2249999999999159
1220 -0.12499999999991582
1221 -0.7399999999999187
1222 -0.14999999999991584
1223 -1.3699999999999086
1224 -0.18999999999991565
1225 9.709999999999248
1226 -0.5699999999999159
1227 -0.6699999999999167
1228 -0.26999999999991725
1229 -0.10499999999991558
1230 -0.6299999999999173
1231 4.464999999999774
1232 -0.15499999999991673
1233 -0.5049999999999161
1234 -2.4849999999998946
1235 -0.20999999999991567
1236 -0.18499999999991587
1237 8.189999999999749
1238 -0.8149999999999223
1239 -0.09499999999991557
1240 -0.6049999999999162
1241 9.62499999999943
1242 -0.13999999999991583
1243 3.400000000000137
1244 4.919999999999756
1245 -0.14999999999991562
1246 13.854999999999249
1247 4.260000000000109
1248 -0.13999999999991605
1249 -0.1099999999999158
1250 -0.12999999999991604
1251 4.474999999999836
1252 4.614999999999915
1253 -0.649999999999916
1254 4.75499999999993
1255 -0.2599999999999177
1256 4.25999999999985
1257 -0.09499999999991557
1258 3.679999999999894
1259 9.869999999999202
1260 -0.039999999999915554
1261 9.509999999999158
1262 -0.14499999999991584
1263 -0.3199999999999171
1264 8.939999999999907
1265 -0.25499999999991657
1266 -0.18499999999991584
1267 -0.08999999999991556
1268 -0.3899999999999176
1269 4.924999999999793
1270 -1.3799999999999106
1271 -1.7549999999999042
1272 -0.744999999999917
1273 -0.4049999999999167
1274 -0.6749999999999171
1275 3.5200000000001372
1276 9.069999999999295
1277 -0.04499999999991555
1278 -0.08999999999991555
1279 -0.2449999999999159
1280 -0.25499999999991724
1281 -0.4799999999999159
1282 -1.2599999999999152
1283 -0.08499999999991556
1284 4.874999999999758
1285 -0.8849999999999184
1286 4.764999999999807
1287 -0.5449999999999168
1288 3.3250000000000894
1289 -0.754999999999917
1290 -0.10499999999991558
1291 -0.4399999999999163
1292 4.464999999999778
1293 -0.7549999999999174
1294 4.819999999999822
1295 -0.1049999999999158
1296 3.939999999999789
1297 -0.33999999999991576
1298 -0.04999999999991555
1299 -0.4799999999999159
1300 -0.8349999999999188
1301 -0.48499999999991644
1302 -0.07999999999991556
1303 -0.18499999999991587
1304 -0.26499999999991625
1305 9.844999999999224
1306 -0.07499999999991555
1307 -1.1649999999999152
1308 -0.6749999999999162
1309 -0.14999999999991562
1310 -0.17499999999991564
1311 -0.06999999999991553
1312 4.30000000000012
1313 -1.374999999999912
1314 -0.14999999999991562
1315 -0.1299999999999156
1316 -0.4799999999999161
1317 -0.07499999999991577
1318 -0.5699999999999161
1319 -0.1999999999999161
1320 -0.09999999999991557
1321 -0.10499999999991558
1322 -0.8099999999999168
1323 -0.5899999999999164
1324 -0.5099999999999161
1325 -0.5399999999999165
1326 3.8599999999998174
1327 4.754999999999795
1328 -0.13999999999991583
1329 -0.5399999999999161
1330 4.750000000000112
1331 4.210000000000122
1332 -0.05499999999991555
1333 -0.039999999999915554
1334 -0.07999999999991556
1335 -0.8249999999999172
1336 4.415000000000018
1337 -0.18999999999991588
1338 -0.11499999999991581
1339 3.959999999999831
1340 -0.06999999999991555
1341 -0.11499999999991581
1342 4.759999999999812
1343 -0.17499999999991564
1344 4.07499999999988
1345 -0.1399999999999156
1346 -1.4099999999999082
1347 14.024999999999665
1348 -0.20999999999991623
1349 -0.13999999999991605
1350 14.955000000000611
1351 4.175000000000085
1352 -0.7149999999999167
1353 -0.6749999999999162
1354 3.6400000000000885
1355 -0.059999999999915545
1356 3.9600000000001208
1357 -0.09499999999991579
1358 4.769999999999828
1359 9.314999999999191
1360 -0.07999999999991556
1361 -0.15499999999991562
1362 -0.5949999999999173
1363 -0.14999999999991695
1364 -0.5249999999999163
1365 -0.3349999999999162
1366 4.659999999999939
1367 4.414999999999795
1368 -0.074999999999916
1369 -0.14999999999991606
1370 -0.1899999999999161
1371 4.274999999999787
1372 -0.7649999999999179
1373 8.959999999999312
1374 -0.8499999999999193
1375 4.254999999999955
1376 4.939999999999766
1377 8.98499999999941
1378 3.16000000000009
1379 -0.32499999999991597
1380 -0.7849999999999183
1381 -0.04999999999991555
1382 -0.20999999999991678
1383 -0.5599999999999166
1384 -0.07999999999991578
1385 4.399999999999772
1386 3.865000000000115
1387 -0.07499999999991555
1388 4.05
1389 4.494999999999779
1390 -0.9849999999999165
1391 -0.16999999999991564
1392 -0.1349999999999156
1393 14.349999999999348
1394 9.179999999999193
1395 -0.10999999999991646
1396 -0.06999999999991577
1397 4.859999999999872
1398 -0.5699999999999164
1399 -0.059999999999915545
1400 -0.5599999999999166
1401 -0.5299999999999159
1402 4.959999999999755
1403 -0.7799999999999188
1404 -0.11499999999991559
1405 4.260000000000119
1406 -0.48499999999991633
1407 0.010000000000084445
1408 -0.6649999999999167
1409 4.894999999999767
1410 -0.15499999999991562
1411 -0.5999999999999173
1412 -0.08499999999991578
1413 4.00999999999985
1414 -0.039999999999915554
1415 -0.14499999999991606
1416 -0.9599999999999185
1417 4.164999999999779
1418 4.559999999999875
1419 -0.15999999999991563
1420 -0.14999999999991562
1421 -0.5199999999999168
1422 -0.38999999999991647
1423 4.094999999999835
1424 -0.019999999999915558
1425 4.724999999999875
1426 -0.374999999999916
1427 -0.8399999999999237
1428 4.765000000000112
1429 -0.08499999999991556
1430 4.190000000000117
1431 4.509999999999784
1432 -0.6349999999999174
1433 4.944999999999757
1434 -0.02999999999991556
1435 -0.1249999999999156
1436 -1.2149999999999117
1437 4.3950000000001195
1438 -0.11499999999991582
1439 3.800000000000087
1440 -0.1749999999999165
1441 -0.5099999999999159
1442 -0.22499999999991657
1443 4.479999999999788
1444 -0.04499999999991555
1445 -0.04999999999991555
1446 -0.8199999999999183
1447 -0.059999999999915545
1448 4.534999999999766
1449 -0.6949999999999167
1450 -0.629999999999918
1451 -0.4949999999999161
1452 -0.7049999999999187
1453 -0.09499999999991579
1454 4.399999999999815
1455 4.819999999999772
1456 4.1550000000001015
1457 -0.19499999999991588
1458 -0.7849999999999177
1459 -0.4999999999999159
1460 -0.9249999999999164
1461 3.910000000000128
1462 -0.13999999999991583
1463 -0.7099999999999163
1464 -0.694999999999916
1465 14.375000000000375
1466 -0.20999999999991567
1467 4.150000000000105
1468 -0.039999999999915554
1469 -0.469999999999916
1470 4.494999999999768
1471 -0.2799999999999157
1472 -0.5299999999999163
1473 -0.7249999999999169
1474 -0.07499999999991555
1475 4.449999999999789
1476 4.334999999999818
1477 -0.6549999999999164
1478 -0.5149999999999163
1479 3.444999999999947
1480 -0.7399999999999172
1481 -0.0999999999999158
1482 -0.06999999999991555
1483 4.894999999999795
1484 9.274999999999267
1485 -0.5699999999999161
1486 -1.6349999999999074
1487 -0.03499999999991556
1488 -0.1249999999999156
1489 -0.07499999999991555
1490 4.079999999999786
1491 -0.2299999999999159
1492 -0.15499999999991562
1493 -0.6899999999999168
1494 -0.18999999999991565
1495 -0.0999999999999158
1496 -0.5349999999999161
1497 -0.19499999999991566
1498 3.960000000000119
1499 4.734999999999841
1500 -0.10999999999991558
1501 -0.4499999999999163
1502 -0.1299999999999156
1503 -0.014999999999915557
1504 -0.10499999999991558
1505 -1.5799999999999101
1506 -0.2299999999999157
1507 -1.0399999999999225
1508 2.8999999999999604
1509 7.954999999999669
1510 4.665000000000114
1511 -0.11999999999991559
1512 4.924999999999754
1513 -0.1099999999999158
1514 -0.5999999999999164
1515 -0.5999999999999164
1516 -0.6449999999999169
1517 -0.08999999999991556
1518 -0.14999999999991562
1519 4.849999999999782
1520 -0.5149999999999161
1521 4.764999999999786
1522 -0.6299999999999171
1523 -0.15999999999991563
1524 -0.27999999999991615
1525 -0.02999999999991556
1526 -0.1349999999999156
1527 -0.21999999999991612
1528 -0.10999999999991558
1529 -0.1399999999999156
1530 -0.09499999999991579
1531 -0.009999999999915556
1532 -1.1699999999999149
1533 4.479999999999786
1534 -0.05999999999991599
1535 -0.6649999999999162
1536 -0.10499999999991558
1537 -0.11999999999991581
1538 -0.1349999999999158
1539 -0.10499999999991579
1540 3.509999999999846
1541 4.834999999999837
1542 -0.614999999999916
1543 14.284999999999549
1544 -0.8349999999999166
1545 -0.06999999999991555
1546 -0.1249999999999156
1547 4.420000000000114
1548 4.229999999999868
1549 -0.8899999999999173
1550 4.1700000000001225
1551 -0.5849999999999161
1552 -0.17499999999991583
1553 -0.07499999999991555
1554 -0.08999999999991556
1555 -0.1049999999999158
1556 -0.7949999999999166
1557 4.994999999999756
1558 4.944999999999759
1559 -0.15999999999991585
1560 -0.5499999999999161
1561 -0.6049999999999166
1562 -0.18999999999991565
1563 3.7449999999998163
1564 -0.07499999999991555
1565 4.88499999999976
1566 9.6799999999993
1567 -0.1349999999999156
1568 14.310000000000331
1569 -0.5799999999999166
1570 -0.07499999999991555
1571 9.309999999999299
1572 -0.1399999999999156
1573 -0.46499999999991587
1574 -0.5699999999999168
1575 4.204999999999841
1576 -0.15499999999991626
1577 -0.10499999999991559
1578 -0.1099999999999158
1579 -1.1099999999999148
1580 -0.2449999999999159
1581 4.244999999999852
1582 -0.09999999999991557
1583 9.464999999999167
1584 -0.634999999999916
1585 -0.43999999999991607
1586 4.82999999999991
1587 -0.1399999999999156
1588 -0.649999999999918
1589 -0.1299999999999156
1590 8.444460408707499e-14
1591 -0.1299999999999156
1592 4.504999999999795
1593 9.91499999999921
1594 -0.8649999999999164
1595 -0.16999999999991564
1596 -0.04999999999991555
1597 -1.124999999999916
1598 -0.23499999999991614
1599 -0.4499999999999163
1600 4.899999999999991
1601 -0.5599999999999159
1602 3.8750000000001306
1603 4.394999999999845
1604 -0.1349999999999156
1605 -0.10499999999991558
1606 -1.2249999999999146
1607 4.004999999999855
1608 -0.6449999999999164
1609 -0.05499999999991577
1610 -0.5449999999999161
1611 -0.45499999999991586
1612 3.979999999999854
1613 -0.4999999999999169
1614 -0.6499999999999169
1615 -0.619999999999916
1616 8.924999999999264
1617 -0.05499999999991555
1618 -0.1299999999999156
1619 -0.09499999999991557
1620 -0.624999999999916
1621 -0.08999999999991579
1622 -0.7349999999999176
1623 -0.1049999999999158
1624 -0.14999999999991562
1625 -0.11999999999991581
1626 -0.03499999999991556
1627 -1.2799999999999128
1628 -0.644999999999916
1629 -0.18499999999991654
1630 -0.059999999999915545
1631 -0.7149999999999165
1632 4.229999999999833
1633 -0.10999999999991558
1634 -0.08999999999991579
1635 -0.6499999999999164
1636 4.914999999999784
1637 4.8799999999997565
1638 4.849999999999771
1639 -0.08999999999991556
1640 -0.5849999999999166
1641 -0.07999999999991556
1642 -0.02999999999991556
1643 -0.03499999999991556
1644 -0.4699999999999163
1645 -0.059999999999915545
1646 4.095000000000126
1647 -1.3499999999999095
1648 -0.07999999999991578
1649 -0.04999999999991555
1650 -0.09499999999991557
1651 -0.12999999999991582
1652 -0.6949999999999167
1653 -0.19499999999991588
1654 -0.7049999999999162
1655 4.339999999999793
1656 -0.19999999999991566
1657 -0.07999999999991556
1658 -0.06999999999991555
1659 -0.6499999999999178
1660 -0.5349999999999159
1661 -0.5499999999999159
1662 -0.11499999999991559
1663 4.8199999999998395
1664 -0.7899999999999181
1665 -0.13999999999991627
1666 -0.6349999999999166
1667 -0.8149999999999175
1668 -0.6999999999999176
1669 -0.5399999999999168
1670 -0.27999999999991615
1671 -0.08499999999991556
1672 -0.4099999999999187
1673 -0.07499999999991555
1674 4.484999999999813
1675 4.20000000000011
1676 4.264999999999866
1677 -0.709999999999916
1678 -0.28999999999991727
1679 -0.5549999999999161
1680 -0.5349999999999163
1681 -0.10999999999991558
1682 -1.629999999999905
1683 -0.9799999999999167
1684 -0.6449999999999169
1685 -0.09499999999991557
1686 -0.5699999999999172
1687 -0.4799999999999161
1688 -0.10999999999991557
1689 4.849999999999803
1690 -0.6349999999999169
1691 -0.06999999999991555
1692 9.399999999999459
1693 -0.10999999999991603
1694 -0.11999999999991581
1695 -0.11999999999991558
1696 4.879999999999771
1697 -0.08999999999991556
1698 -0.6699999999999167
1699 4.914999999999756
1700 4.774999999999778
1701 -0.04499999999991555
1702 -0.10499999999991558
1703 -0.06999999999991555
1704 4.2449999999998855
1705 -0.20499999999991567
1706 -0.1749999999999163
1707 -0.20499999999991567
1708 -0.1399999999999156
1709 -0.5199999999999165
1710 -0.04499999999991554
1711 -0.4699999999999159
1712 -0.4749999999999159
1713 9.864999999999215
1714 -0.10499999999991558
1715 -0.27499999999991614
1716 0.030000000000083796
1717 -0.11499999999991559
1718 -0.6199999999999166
1719 -0.05499999999991555
1720 -0.1399999999999156
1721 -0.6749999999999164
1722 -0.09999999999991557
1723 9.32999999999919
1724 -0.5449999999999163
1725 -0.13999999999991558
1726 -0.04999999999991555
1727 14.60000000000035
1728 -0.13499999999991624
1729 -0.38999999999991714
1730 3.954999999999794
1731 -0.7049999999999162
1732 -0.4899999999999161
1733 4.849999999999789
1734 4.544999999999881
1735 -0.06499999999991554
1736 4.889999999999756
1737 -0.20999999999991567
1738 -0.08999999999991579
1739 -0.5849999999999161
1740 -0.5249999999999161
1741 -0.8099999999999197
1742 -0.06499999999991576
1743 -0.729999999999916
1744 -0.2449999999999157
1745 4.420000000000118
1746 -0.1349999999999156
1747 -0.6049999999999164
1748 -0.42499999999991717
1749 -0.5349999999999168
1750 4.914999999999775
1751 -0.5949999999999162
1752 -0.09499999999991557
1753 -0.40499999999991715
1754 -1.084999999999917
1755 -1.124999999999916
1756 -0.4949999999999168
1757 -0.1149999999999157
1758 -0.6449999999999166
1759 -0.06499999999991554
1760 -0.08999999999991579
1761 9.819999999999224
1762 -0.6049999999999162
1763 4.88999999999976
1764 -0.619999999999916
1765 -0.924999999999918
1766 -0.07499999999991577
1767 4.919999999999788
1768 -0.19999999999991633
1769 -0.054999999999915554
1770 -0.15999999999991563
1771 4.8599999999997605
1772 -0.7199999999999165
1773 4.330000000000121
1774 -0.039999999999915554
1775 -0.04999999999991577
1776 4.82500000000011
1777 -0.6349999999999162
1778 -0.05499999999991577
1779 -1.1999999999999131
1780 -0.1449999999999156
1781 -0.1249999999999156
1782 4.929999999999768
1783 9.96999999999922
1784 -0.15499999999991562
1785 4.889999999999781
1786 9.339999999999215
1787 -0.22499999999991635
1788 -0.5249999999999159
1789 -0.10999999999991558
1790 -0.02999999999991556
1791 -0.10499999999991558
1792 -0.18499999999991565
1793 -0.08499999999991556
1794 8.444460408707499e-14
1795 -0.9699999999999174
1796 -1.4949999999999102
1797 9.964999999999232
1798 4.809999999999852
1799 -0.4549999999999161
1800 -0.15499999999991673
1801 -0.059999999999915545
1802 -0.7399999999999167
1803 -0.14999999999991562
1804 4.8399999999997645
1805 14.44500000000047
1806 -1.1699999999999136
1807 -0.9199999999999198
1808 -0.11999999999991559
1809 0.025000000000084448
1810 4.804999999999865
1811 -0.10499999999991558
1812 -0.08499999999991556
1813 -1.1249999999999183
1814 4.064999999999829
1815 -0.1349999999999156
1816 0.03500000000008423
1817 4.829999999999775
1818 4.784999999999798
1819 9.779999999999218
1820 -0.799999999999917
1821 -0.6399999999999166
1822 -0.1349999999999156
1823 -0.6199999999999162
1824 4.879999999999765
1825 -0.22999999999991658
1826 -0.7549999999999167
1827 -0.08499999999991556
1828 -0.11999999999991559
1829 -0.914999999999918
1830 4.489999999999781
1831 -0.5749999999999166
1832 3.7749999999999133
1833 -0.31499999999991596
1834 4.259999999999791
1835 -1.3849999999999083
1836 -0.0999999999999158
1837 -0.11999999999991559
1838 4.7999999999998595
1839 9.444999999999173
1840 -0.10499999999991558
1841 -0.07999999999991556
1842 -0.10999999999991558
1843 4.319999999999832
1844 4.225000000000123
1845 -0.1249999999999156
1846 4.774999999999773
1847 4.539999999999854
1848 3.8599999999999017
1849 -0.7899999999999185
1850 -0.16999999999991608
1851 -0.5699999999999166
1852 4.82499999999979
1853 -0.059999999999915545
1854 -0.09999999999991557
1855 4.800000000000104
1856 4.225000000000048
1857 -0.09499999999991557
1858 -0.17499999999991564
1859 -0.1449999999999156
1860 -0.12499999999991626
1861 -0.039999999999915554
1862 4.989999999999772
1863 -0.35999999999991755
1864 3.9799999999998663
1865 -0.07999999999991578
1866 -0.11999999999991559
1867 -1.6999999999999058
1868 4.35000000000012
1869 -0.11999999999991648
1870 -0.2649999999999157
1871 -0.8699999999999164
1872 -0.08999999999991556
1873 4.144999999999875
1874 -0.5449999999999159
1875 -0.11999999999991559
1876 -0.1299999999999156
1877 -1.329999999999911
1878 4.115000000000088
1879 -0.15499999999991562
1880 4.419999999999825
1881 -0.654999999999916
1882 4.7899999999997895
1883 -0.1299999999999158
1884 -0.6049999999999168
1885 4.874999999999796
1886 4.634999999999904
1887 4.679999999999775
1888 4.030000000000122
1889 3.350000000000091
1890 4.419999999999777
1891 4.285000000000122
1892 4.404999999999832
1893 -0.5349999999999163
1894 -0.38499999999991646
1895 -0.17499999999991564
1896 4.88499999999976
1897 8.924999999999672
1898 8.444460408707499e-14
1899 -0.5599999999999161
1900 -0.4999999999999159
1901 -0.11499999999991559
1902 -0.07999999999991556
1903 14.140000000000384
1904 4.144999999999866
1905 -0.3799999999999171
1906 -0.1449999999999156
1907 -0.1499999999999156
1908 -0.3999999999999165
1909 -0.1249999999999156
1910 -0.08499999999991556
1911 -0.17499999999991586
1912 4.744999999999806
1913 -0.09499999999991557
1914 -0.7449999999999165
1915 4.799999999999769
1916 -0.1249999999999156
1917 -0.6549999999999171
1918 -0.3199999999999164
1919 -0.15499999999991562
1920 4.769999999999777
1921 -0.5299999999999161
1922 3.845000000000131
1923 -0.6049999999999173
1924 -0.08999999999991556
1925 -0.6749999999999173
1926 -0.6199999999999162
1927 -0.9349999999999178
1928 8.444460408707499e-14
1929 -0.4749999999999159
1930 4.504999999999775
1931 4.934999999999782
1932 -0.4799999999999159
1933 -0.06499999999991554
1934 -0.1949999999999163
1935 -0.5399999999999159
1936 9.884999999999208
1937 4.954999999999771
1938 -0.5699999999999166
1939 -0.11499999999991559
1940 4.790000000000111
1941 4.834999999999788
1942 -0.4849999999999161
1943 -0.369999999999916
1944 -0.04999999999991555
1945 4.729999999999833
1946 4.205000000000123
1947 -0.644999999999916
1948 3.7750000000001034
1949 -0.10999999999991558
1950 -0.13999999999991583
1951 -0.059999999999915545
1952 -0.17499999999991564
1953 14.905000000000568
1954 9.944999999999222
1955 -0.014999999999915557
1956 4.274999999999794
1957 -0.5599999999999161
1958 9.744999999999363
1959 -0.1449999999999156
1960 -0.03499999999991556
1961 -0.09999999999991557
1962 4.499999999999793
1963 -0.5549999999999166
1964 -0.9599999999999171
1965 4.715000000000113
1966 -0.06499999999991554
1967 4.809999999999778
1968 -0.1749999999999163
1969 -1.0349999999999167
1970 -0.1349999999999165
1971 -0.04999999999991577
1972 -0.20499999999991567
1973 4.774999999999784
1974 -0.3049999999999157
1975 -0.9899999999999163
1976 -0.4949999999999168
1977 -0.5799999999999161
1978 3.90500000000013
1979 -0.09999999999991557
1980 -0.059999999999915545
1981 -0.619999999999916
1982 -0.3399999999999162
1983 -0.07999999999991578
1984 -0.05499999999991555
1985 -0.2649999999999159
1986 -1.2099999999999165
1987 4.8949999999997615
1988 -0.6449999999999162
1989 -0.5199999999999161
1990 -0.02999999999991556
1991 -0.5299999999999163
1992 -0.07999999999991556
1993 4.035000000000106
1994 -0.16499999999991585
1995 -1.084999999999916
1996 -0.6849999999999165
1997 -0.1549999999999156
1998 -0.15499999999991562
1999 4.6499999999998325
5650.139786720276
