0 -7.61
1 -7.70
2 -5.29
3 -5.26
4 -2.78
5 -7.59
6 -5.12
7 -5.22
8 -5.39
9 -5.17
10 -5.23
11 -7.51
12 -7.73
13 -5.12
14 -7.65
15 -7.63
16 -5.12
17 -7.77
18 -7.67
19 -7.63
20 -5.21
21 -5.05
22 -7.65
23 -7.66
24 -7.64
25 -5.00
26 -7.59
27 -2.58
28 -7.48
29 -5.29
30 -7.67
31 -5.17
32 -7.56
33 -7.74
34 -7.64
35 -7.71
36 -7.75
37 -7.71
38 -7.63
39 -7.60
40 -7.88
41 -7.74
42 -5.15
43 -2.58
44 -7.58
45 -5.19
46 -7.71
47 -7.70
48 -7.50
49 -7.92
50 -2.72
51 -7.67
52 -7.82
53 -2.69
54 -7.79
55 -7.58
56 -7.67
57 -2.74
58 -5.00
59 -2.60
60 -2.52
61 -7.71
62 -7.52
63 -0.23
64 -5.29
65 -7.63
66 -7.83
67 -7.64
68 -2.70
69 -5.16
70 -7.62
71 -7.69
72 -5.06
73 -5.07
74 -7.74
75 -5.44
76 -7.53
77 -7.49
78 -5.97
79 -5.34
80 -7.68
81 -7.75
82 -7.62
83 -7.53
84 -5.20
85 -7.64
86 -7.61
87 -0.39
88 -7.78
89 -8.06
90 -7.77
91 -7.70
92 -2.68
93 -7.65
94 -5.39
95 -5.24
96 -7.59
97 -7.78
98 -5.18
99 -7.64
100 -7.77
101 -7.79
102 -7.56
103 -7.67
104 -7.63
105 -0.15
106 -2.64
107 -7.65
108 -7.75
109 -5.15
110 -5.13
111 -7.69
112 -2.67
113 -7.71
114 -7.70
115 -7.63
116 -5.06
117 -2.65
118 -7.52
119 -5.22
120 -7.75
121 -7.72
122 -7.82
123 -7.64
124 -7.79
125 -7.74
126 -5.17
127 -7.60
128 -7.86
129 -6.30
130 -7.59
131 -7.66
132 -7.69
133 -7.67
134 -7.67
135 -7.54
136 -5.13
137 -7.72
138 -7.59
139 -5.14
140 -5.15
141 -7.82
142 -7.54
143 -5.20
144 -7.72
145 -5.21
146 -5.10
147 -7.60
148 -7.79
149 -7.79
150 -7.59
151 -7.81
152 -7.62
153 -7.65
154 -2.73
155 -7.64
156 -7.57
157 -7.68
158 -7.76
159 -5.14
160 -5.86
161 -7.65
162 -2.64
163 -7.72
164 -7.72
165 -7.61
166 -7.69
167 -7.85
168 -5.19
169 -7.72
170 -7.65
171 -7.68
172 -5.11
173 -7.83
174 -5.29
175 -5.39
176 -5.04
177 -7.64
178 -7.59
179 -7.69
180 -7.68
181 -7.62
182 -5.15
183 -5.06
184 -4.88
185 -5.24
186 -7.58
187 -5.14
188 -7.72
189 -6.06
190 -5.08
191 -5.03
192 -7.60
193 -5.20
194 -7.69
195 -7.65
196 -7.61
197 -7.63
198 -7.63
199 -7.70
200 -7.71
201 -7.72
202 -2.67
203 -7.66
204 -2.64
205 -7.67
206 -7.62
207 -2.74
208 -7.61
209 -5.25
210 -7.39
211 -5.21
212 -7.73
213 -5.11
214 -7.85
215 -7.71
216 -5.17
217 -7.70
218 -5.23
219 -7.69
220 -5.26
221 -7.61
222 -7.90
223 -7.79
224 -7.44
225 -7.73
226 -7.55
227 -5.04
228 -5.27
229 -5.30
230 -7.63
231 -7.67
232 -7.78
233 -5.13
234 -5.21
235 -2.69
236 -7.61
237 -7.73
238 -5.15
239 -7.65
240 -2.61
241 -7.73
242 -5.16
243 -7.75
244 -7.53
245 -0.16
246 -7.80
247 -3.45
248 -5.29
249 -7.85
250 -5.09
251 -7.47
252 -7.59
253 -0.13
254 -7.71
255 -7.72
256 -7.58
257 -7.69
258 -7.65
259 -5.98
260 -7.71
261 -7.72
262 -7.60
263 -7.56
264 -7.64
265 -7.58
266 -7.56
267 -7.70
268 -7.63
269 -7.73
270 -7.72
271 -2.58
272 -7.62
273 -7.74
274 -7.51
275 -2.68
276 -5.09
277 -5.34
278 -7.56
279 -7.77
280 -7.93
281 -7.65
282 -7.62
283 -7.60
284 -7.63
285 -7.77
286 -7.73
287 -7.71
288 -2.76
289 -7.73
290 -7.58
291 -7.66
292 -5.22
293 -7.73
294 -2.61
295 -7.62
296 -7.63
297 -2.61
298 -7.67
299 -7.60
300 -5.11
301 -7.81
302 -7.69
303 -6.01
304 -5.24
305 -7.69
306 -7.63
307 -5.04
308 -7.71
309 -5.16
310 -7.62
311 -7.67
312 -7.76
313 -7.68
314 -7.78
315 -0.22
316 -7.72
317 -7.66
318 -7.54
319 -7.65
320 -5.20
321 -5.23
322 -7.79
323 -7.59
324 -4.02
325 -7.65
326 -7.66
327 -7.60
328 -7.73
329 -7.69
330 -2.61
331 -5.00
332 -7.66
333 -7.78
334 -7.55
335 -5.13
336 -7.61
337 -2.62
338 -8.58
339 -7.71
340 -2.62
341 -5.13
342 -7.66
343 -2.67
344 -7.57
345 -5.16
346 -5.84
347 -5.26
348 -7.79
349 -7.67
350 -7.61
351 -5.13
352 -5.00
353 -7.53
354 -7.58
355 -7.60
356 -5.24
357 -5.12
358 -5.22
359 -7.67
360 -7.85
361 -7.74
362 -7.65
363 -7.57
364 -7.63
365 -7.68
366 -7.81
367 -5.14
368 -7.54
369 -7.72
370 -7.76
371 -7.74
372 -7.63
373 -7.73
374 -7.72
375 -7.69
376 -7.61
377 -5.15
378 -5.14
379 -7.83
380 -5.14
381 -7.56
382 -5.18
383 -2.59
384 -2.63
385 -5.19
386 -7.75
387 -7.79
388 -7.77
389 -7.71
390 -2.58
391 -5.15
392 -7.61
393 -7.79
394 -7.66
395 -7.68
396 -7.64
397 -7.75
398 -5.25
399 -5.21
400 -7.77
401 -5.33
402 -7.66
403 -5.34
404 -7.63
405 -7.62
406 -7.73
407 -7.68
408 -7.86
409 -7.76
410 -5.11
411 -5.07
412 -7.69
413 -2.82
414 -5.36
415 -5.21
416 -7.57
417 -7.70
418 -7.54
419 -7.71
420 -7.64
421 -5.24
422 -5.14
423 -6.00
424 -7.73
425 -7.60
426 -5.17
427 -7.53
428 -7.67
429 -7.84
430 -7.62
431 -7.57
432 -7.72
433 -7.59
434 -5.21
435 -7.58
436 -5.18
437 -7.88
438 -5.19
439 -7.67
440 -7.71
441 -7.67
442 -6.16
443 -5.23
444 -7.53
445 -7.66
446 -5.21
447 -7.67
448 -3.70
449 -7.63
450 -7.58
451 -5.19
452 -0.53
453 -7.65
454 -7.65
455 -7.65
456 -7.68
457 -7.77
458 -7.75
459 -7.78
460 -7.72
461 -7.68
462 -7.63
463 -7.72
464 -7.96
465 -7.66
466 -7.58
467 -5.06
468 -7.83
469 -7.64
470 -7.52
471 -2.84
472 -7.66
473 -5.23
474 -7.54
475 -7.81
476 -5.20
477 -7.75
478 -7.70
479 -7.60
480 -7.72
481 -7.74
482 -5.12
483 -7.77
484 -7.67
485 -7.58
486 -5.27
487 -7.71
488 -7.62
489 -5.25
490 -7.61
491 -7.73
492 -7.71
493 -5.16
494 -7.60
495 -5.27
496 -2.57
497 -7.74
498 -5.16
499 -6.13
500 -5.27
501 -7.74
502 -7.70
503 -2.49
504 -2.70
505 -5.08
506 -7.59
507 -7.64
508 -7.72
509 -7.65
510 -5.10
511 -5.15
512 -5.16
513 -7.68
514 -7.79
515 -7.84
516 -5.10
517 -5.08
518 -7.65
519 -7.56
520 -2.77
521 -2.85
522 -7.80
523 -7.67
524 -7.69
525 -5.12
526 -2.75
527 -7.71
528 -5.25
529 -7.62
530 -7.54
531 -7.69
532 -5.16
533 -7.63
534 -7.69
535 -7.71
536 -7.69
537 -7.77
538 -5.22
539 -5.29
540 -5.03
541 -7.69
542 -7.64
543 -7.66
544 -7.57
545 -7.40
546 -5.02
547 -5.14
548 -5.24
549 -7.81
550 -7.81
551 -5.31
552 -2.70
553 -7.58
554 -5.14
555 -7.65
556 -5.15
557 -7.60
558 -2.70
559 -7.59
560 -5.09
561 -7.55
562 -7.63
563 -7.66
564 -7.70
565 -7.66
566 -7.62
567 -7.51
568 -7.61
569 -7.67
570 -5.14
571 -5.05
572 -7.68
573 -7.75
574 -5.17
575 -7.55
576 -6.40
577 -5.20
578 -0.43
579 -5.06
580 -7.79
581 -7.63
582 -7.73
583 -7.58
584 -7.69
585 -7.61
586 -5.25
587 -7.70
588 -5.14
589 -5.10
590 -5.35
591 -5.11
592 -5.00
593 -5.08
594 -7.71
595 -7.91
596 -7.64
597 -7.68
598 -7.72
599 -5.29
600 -7.75
601 -5.18
602 -5.18
603 -7.69
604 -5.05
605 -7.65
606 -7.68
607 -5.06
608 -7.70
609 -3.50
610 -5.24
611 -7.68
612 -2.61
613 -7.50
614 -5.14
615 -7.55
616 -7.68
617 -7.63
618 -7.72
619 -7.69
620 -7.65
621 -5.41
622 -7.51
623 -7.62
624 -7.55
625 -7.77
626 -7.57
627 -7.59
628 -7.61
629 -7.54
630 -7.67
631 -5.11
632 -7.82
633 -7.72
634 -7.66
635 -7.57
636 -7.75
637 -7.65
638 -7.77
639 -7.65
640 -5.14
641 -5.24
642 -7.69
643 -2.61
644 -7.70
645 -2.70
646 -5.18
647 -7.78
648 -7.76
649 -7.76
650 -7.58
651 -7.77
652 -7.75
653 -7.75
654 -7.65
655 -7.61
656 -2.74
657 -7.77
658 -7.67
659 -5.19
660 -7.57
661 -7.61
662 -7.61
663 -7.63
664 -5.08
665 -7.65
666 -7.70
667 -8.89
668 -7.73
669 -7.80
670 -5.21
671 -7.71
672 -0.24
673 -7.85
674 -7.63
675 -5.09
676 -7.77
677 -7.48
678 -7.75
679 -7.55
680 -7.61
681 -5.11
682 -7.68
683 -7.67
684 -7.66
685 -7.67
686 -7.74
687 -2.60
688 -5.22
689 -5.07
690 -7.77
691 -7.50
692 -7.67
693 -7.59
694 -7.76
695 -0.05
696 -7.63
697 -7.69
698 -5.09
699 -7.56
700 -7.69
701 -7.67
702 -7.77
703 -7.60
704 -7.60
705 -5.18
706 -5.31
707 -7.70
708 -7.72
709 -5.22
710 -2.56
711 -5.31
712 -7.58
713 -7.73
714 -7.68
715 -7.59
716 -7.67
717 -7.69
718 -5.22
719 -7.76
720 -5.10
721 -7.82
722 -7.69
723 -2.53
724 -2.80
725 -7.53
726 -7.79
727 -7.63
728 -7.58
729 -7.82
730 -7.71
731 -2.52
732 -7.81
733 -0.13
734 -7.71
735 -7.79
736 -7.63
737 -5.26
738 -2.64
739 -5.25
740 -2.63
741 -7.76
742 -5.17
743 -7.84
744 -7.70
745 -7.79
746 -7.58
747 -5.17
748 -7.68
749 -5.31
750 -7.65
751 -5.14
752 -5.22
753 -7.65
754 -7.77
755 -7.65
756 -7.67
757 -7.48
758 -7.73
759 -7.72
760 -2.64
761 -2.62
762 -5.10
763 -5.02
764 -5.11
765 -7.99
766 -7.70
767 -5.13
768 -7.83
769 -7.61
770 -7.64
771 -5.26
772 -7.73
773 -7.85
774 -7.72
775 -5.26
776 -5.21
777 -7.75
778 -7.59
779 -7.60
780 -5.10
781 -7.50
782 -7.90
783 -5.14
784 -5.24
785 -7.67
786 -5.19
787 -7.43
788 -7.78
789 -5.21
790 -7.62
791 -7.60
792 -5.21
793 -2.79
794 -2.61
795 -7.63
796 -5.17
797 -7.62
798 -5.98
799 -5.09
800 -7.75
801 -5.12
802 -5.41
803 -7.81
804 -5.06
805 -2.71
806 -7.79
807 -5.19
808 -5.22
809 -7.76
810 -5.31
811 -7.71
812 -7.59
813 -5.13
814 -5.09
815 -7.76
816 -7.57
817 -7.73
818 -7.52
819 -1.02
820 -5.14
821 -7.69
822 -7.66
823 -7.63
824 -5.28
825 -7.65
826 -5.13
827 -7.76
828 -7.71
829 -7.61
830 -5.22
831 -5.11
832 -5.14
833 -5.07
834 -7.68
835 -5.17
836 -7.60
837 -7.73
838 -7.57
839 -7.73
840 -7.74
841 -7.66
842 -5.24
843 -7.79
844 -7.64
845 -5.06
846 -7.69
847 -5.17
848 -5.14
849 -5.18
850 -7.78
851 -7.83
852 -7.73
853 -5.17
854 -7.74
855 -7.84
856 -2.68
857 -7.67
858 -7.69
859 -7.71
860 -7.59
861 -7.72
862 -1.07
863 -5.21
864 -7.58
865 -7.75
866 -5.31
867 -5.19
868 -7.68
869 -5.04
870 -7.63
871 -7.85
872 -7.61
873 -7.68
874 -7.72
875 -7.61
876 -7.68
877 -7.64
878 -7.60
879 -5.16
880 -7.59
881 -7.68
882 -7.71
883 -5.28
884 -7.71
885 -7.71
886 -7.70
887 -5.15
888 -5.07
889 -5.26
890 -7.75
891 -7.58
892 -7.62
893 -6.03
894 -7.73
895 -2.66
896 -7.74
897 -7.75
898 -0.16
899 -7.83
900 -7.65
901 -7.59
902 -7.70
903 -7.62
904 -7.70
905 -5.20
906 -2.72
907 -5.28
908 -7.77
909 -7.70
910 -2.55
911 -5.24
912 -5.29
913 -5.14
914 -5.22
915 -7.70
916 -7.49
917 -5.92
918 -5.24
919 -7.77
920 -5.05
921 -5.23
922 -7.69
923 -7.58
924 -7.62
925 -7.71
926 -2.58
927 -5.07
928 -7.77
929 -7.64
930 -7.76
931 -7.50
932 -5.15
933 -7.65
934 -5.09
935 -2.67
936 -5.32
937 -7.74
938 -5.03
939 -5.02
940 -7.77
941 -7.71
942 -7.49
943 -5.25
944 -7.59
945 -7.68
946 -7.73
947 -4.96
948 -7.69
949 -5.26
950 -7.78
951 -7.63
952 -7.57
953 -5.09
954 -5.14
955 -5.16
956 -5.06
957 -7.56
958 -5.10
959 -7.76
960 -2.62
961 -2.63
962 -7.54
963 -7.72
964 -7.71
965 -5.25
966 -7.78
967 -5.15
968 -5.10
969 -7.49
970 -7.79
971 -7.67
972 -4.98
973 -7.61
974 -5.27
975 -7.70
976 -7.73
977 -7.75
978 -7.68
979 -7.54
980 -7.62
981 -7.72
982 -7.62
983 -7.54
984 -7.51
985 -7.73
986 -7.73
987 -5.22
988 -7.76
989 -5.08
990 -5.13
991 -7.78
992 -5.09
993 -7.79
994 -7.69
995 -3.32
996 -2.64
997 -7.64
998 -5.23
999 -2.80
3828.923689365387
