0 23.059999999999903
1 40.274999999998485
2 17.840000000000185
3 21.77500000000013
4 31.694999999999926
5 36.54999999999924
6 22.829999999999853
7 26.240000000000066
8 46.71499999999943
9 37.73499999999963
10 23.095000000000198
11 22.16500000000025
12 37.58499999999976
13 16.509999999999586
14 31.244999999999756
15 32.095000000000056
16 17.725000000000225
17 12.699999999999838
18 23.169999999999934
19 17.05500000000018
20 23.08500000000053
21 -1.779999999999906
22 3.364999999999945
23 17.469999999999818
24 2.2800000000001033
25 3.1649999999999228
26 13.055000000000028
27 3.810000000000132
28 8.869999999999322
29 21.719999999999512
30 13.89999999999987
31 -1.1349999999999205
32 3.579999999999873
33 -1.0249999999999195
34 -1.4099999999999118
35 13.109999999999733
36 8.279999999999923
37 -0.9299999999999196
38 3.430000000000108
39 12.759999999999621
40 4.054999999999836
41 -1.279999999999914
42 12.404999999999934
43 13.459999999999578
44 8.689999999999943
45 8.08999999999973
46 4.349999999999802
47 3.1400000000001196
48 -0.7349999999999185
49 8.899999999999329
50 8.96999999999935
51 -0.9199999999999187
52 7.884999999999459
53 -1.2749999999999146
54 -0.5399999999999185
55 4.009999999999812
56 9.059999999999183
57 3.879999999999842
58 27.80500000000027
59 -0.8199999999999195
60 3.959999999999881
61 -1.4199999999999084
62 3.870000000000112
63 13.749999999999455
64 3.67999999999988
65 4.005000000000038
66 -1.2699999999999145
67 -0.5399999999999174
68 -0.6549999999999175
69 3.7150000000000976
70 2.820000000000115
71 -1.2199999999999136
72 3.920000000000118
73 4.049999999999842
74 -1.5599999999999146
75 9.124999999999236
76 -1.1849999999999137
77 9.24499999999944
78 -1.0699999999999166
79 4.380000000000116
80 3.8899999999998585
81 -1.0749999999999176
82 -0.564999999999917
83 3.8850000000001303
84 4.269999999999867
85 3.940000000000129
86 -0.6899999999999186
87 3.955000000000097
88 4.744999999999794
89 13.079999999999732
90 -2.034999999999899
91 8.439999999999895
92 -1.0299999999999163
93 -0.6699999999999176
94 -1.0249999999999162
95 -0.5499999999999161
96 4.105000000000124
97 4.359999999999842
98 3.4550000000000587
99 4.274999999999801
100 -1.0849999999999191
101 -0.574999999999917
102 -0.1949999999999161
103 13.264999999999599
104 3.4450000000001397
105 -0.7449999999999174
106 19.21500000000063
107 9.069999999999393
108 -0.6599999999999189
109 -0.9999999999999178
110 -0.5549999999999163
111 -0.5649999999999161
112 -0.7999999999999168
113 -1.5499999999999081
114 -0.9849999999999165
115 -0.9699999999999176
116 -1.0299999999999179
117 4.234999999999792
118 9.13499999999992
119 -1.1849999999999141
120 8.689999999999412
121 -0.9399999999999171
122 4.425000000000119
123 4.484999999999776
124 4.814999999999772
125 -0.2049999999999161
126 -0.8099999999999181
127 3.525000000000138
128 8.184999999999226
129 4.244999999999845
130 23.060000000000798
131 3.8799999999999644
132 4.54499999999978
133 -0.5849999999999168
134 -1.0399999999999157
135 -0.4899999999999161
136 9.079999999999252
137 -1.039999999999917
138 -1.0949999999999165
139 -1.6049999999999065
140 4.189999999999819
141 -0.7649999999999176
142 13.959999999999424
143 4.234999999999815
144 9.179999999999565
145 -0.514999999999917
146 -0.23499999999991636
147 -1.8399999999999004
148 -0.18499999999991673
149 -0.9849999999999174
150 4.759999999999921
151 -1.1949999999999135
152 3.020000000000117
153 -1.2949999999999133
154 -0.5149999999999161
155 -0.4949999999999159
156 3.8199999999997987
157 -0.5949999999999166
158 4.404999999999772
159 13.870000000000207
160 -0.7049999999999171
161 4.264999999999823
162 -0.929999999999918
163 4.189999999999819
164 4.414999999999793
165 -0.4849999999999161
166 -0.10999999999991625
167 -0.15499999999991582
168 14.404999999999664
169 -0.9249999999999182
170 9.774999999999237
171 13.889999999999292
172 9.769999999999254
173 -0.5999999999999164
174 -0.6749999999999178
175 -0.06499999999991554
176 4.129999999999856
177 -0.6649999999999171
178 9.494999999999166
179 -0.6949999999999171
180 3.874999999999938
181 -0.5449999999999168
182 -0.1749999999999163
183 -0.5099999999999161
184 -0.7149999999999174
185 -0.14999999999991562
186 4.530000000000114
187 4.269999999999805
188 -0.7049999999999167
189 -1.0449999999999198
190 -0.13999999999991605
191 -0.604999999999917
192 -0.5899999999999161
193 -0.6349999999999162
194 -0.7299999999999172
195 -0.40499999999991626
196 -0.21499999999991717
197 3.660000000000135
198 -0.4849999999999159
199 -0.5299999999999161
200 -0.0999999999999158
201 4.829999999999834
202 4.409999999999784
203 3.195000000000098
204 -0.18499999999991631
205 -1.1349999999999143
206 4.135000000000125
207 3.640000000000123
208 9.489999999999181
209 9.859999999999241
210 4.679999999999903
211 4.004999999999805
212 9.349999999999184
213 -0.13999999999991605
214 4.669999999999816
215 -0.17999999999991653
216 4.339999999999779
217 -0.08999999999991601
218 -0.7449999999999183
219 -0.10499999999991558
220 4.140000000000122
221 3.9400000000001283
222 -1.1599999999999138
223 9.094999999999906
224 -0.08999999999991555
225 -0.9099999999999178
226 4.72999999999977
227 -1.0849999999999167
228 -0.5399999999999164
229 4.175000000000008
230 -0.5949999999999162
231 -1.6849999999999121
232 4.659999999999845
233 -0.9999999999999192
234 -0.1649999999999163
235 -0.7099999999999183
236 4.844999999999761
237 4.304999999999909
238 -0.5049999999999163
239 7.834999999999832
240 -0.4049999999999165
241 -0.7499999999999187
242 4.864999999999775
243 -0.6999999999999167
244 -0.5099999999999165
245 -0.7899999999999174
246 9.259999999999385
247 -0.5649999999999161
248 -0.11499999999991603
249 3.0800000000001466
250 9.849999999999266
251 -0.11499999999991603
252 -0.5549999999999159
253 4.279999999999828
254 -0.9049999999999193
255 -0.9099999999999182
256 -0.689999999999918
257 -0.4899999999999161
258 -0.8399999999999164
259 3.5900000000001207
260 -0.9449999999999167
261 -0.6399999999999169
262 -0.609999999999917
263 9.124999999999817
264 -0.07999999999991556
265 4.8049999999997866
266 -0.6799999999999162
267 -0.09999999999991557
268 -0.4549999999999161
269 9.789999999999242
270 4.949999999999785
271 -1.0149999999999169
272 4.705000000000066
273 -0.15999999999991563
274 -0.6599999999999162
275 -0.7099999999999163
276 4.165000000000124
277 4.3949999999997935
278 13.849999999999914
279 -0.4949999999999161
280 4.7199999999999305
281 4.8999999999997685
282 -0.6999999999999176
283 -0.16999999999991564
284 3.8799999999999573
285 -0.1299999999999156
286 -0.6449999999999169
287 -1.2949999999999136
288 9.334999999999193
289 -0.5349999999999163
290 -0.6849999999999171
291 -0.09499999999991557
292 -0.5449999999999161
293 -0.07499999999991555
294 4.330000000000121
295 -0.7699999999999181
296 -0.27499999999991726
297 4.319999999999813
298 -1.1949999999999137
299 4.779999999999787
300 4.719999999999968
301 4.839999999999757
302 4.814999999999895
303 -0.5849999999999168
304 -0.4699999999999159
305 4.889999999999772
306 -0.6849999999999189
307 -0.8499999999999186
308 4.364999999999842
309 -0.09999999999991557
310 -0.1499999999999158
311 -0.0999999999999158
312 4.439999999999778
313 9.27499999999943
314 -0.4999999999999159
315 9.589999999999792
316 -0.4949999999999179
317 -1.169999999999913
318 -1.1099999999999157
319 -0.5949999999999164
320 -0.1049999999999158
321 -1.1749999999999137
322 9.109999999999202
323 4.005000000000128
324 4.139999999999815
325 -0.1999999999999161
326 -0.05499999999991555
327 4.099999999999816
328 -0.6549999999999168
329 4.8799999999997885
330 -0.654999999999916
331 3.9699999999999607
332 -0.11499999999991559
333 -0.4799999999999159
334 9.60999999999978
335 -1.2249999999999162
336 3.754999999999818
337 4.484999999999879
338 -0.814999999999917
339 -0.09999999999991557
340 4.439999999999933
341 9.834999999999237
342 3.2300000000001443
343 4.779999999999963
344 -0.09499999999991579
345 -0.5899999999999159
346 -0.5349999999999159
347 3.5300000000001353
348 -0.9199999999999167
349 -1.124999999999914
350 -0.1899999999999161
351 -0.6049999999999159
352 -0.06499999999991576
353 -1.074999999999916
354 -0.6649999999999162
355 4.3800000000001145
356 -0.31999999999991596
357 -0.32499999999991575
358 -1.074999999999919
359 4.044999999999796
360 -0.19499999999991566
361 9.259999999999975
362 -0.1099999999999158
363 4.100000000000124
364 -0.624999999999916
365 4.899999999999772
366 4.240000000000122
367 -0.6199999999999168
368 4.254999999999978
369 -0.6249999999999162
370 -0.10999999999991603
371 -0.2749999999999175
372 -0.5099999999999161
373 -0.4899999999999168
374 -0.12999999999991582
375 4.889999999999794
376 4.489999999999781
377 -0.5399999999999163
378 -0.1299999999999156
379 -0.5349999999999161
380 -0.36499999999991645
381 4.180000000000124
382 -0.5149999999999165
383 -0.5749999999999161
384 -0.6699999999999169
385 -0.7449999999999181
386 -1.7699999999999045
387 -0.5649999999999161
388 -0.5099999999999163
389 -0.3149999999999173
390 9.879999999999233
391 -0.23999999999991678
392 -0.7249999999999198
393 -0.5449999999999159
394 -0.02999999999991556
395 -2.4799999999998885
396 -0.06999999999991555
397 4.879999999999792
398 -0.4749999999999159
399 -0.5149999999999163
400 -0.05499999999991555
401 -0.07499999999991555
402 -0.6949999999999182
403 -0.8249999999999176
404 9.539999999999491
405 -0.6699999999999167
406 4.465000000000091
407 4.705000000000111
408 -0.1349999999999156
409 -0.16499999999991585
410 -0.5649999999999159
411 -0.074999999999916
412 9.43999999999922
413 -0.9249999999999167
414 4.8899999999998185
415 -0.05999999999991599
416 -0.1399999999999156
417 4.589999999999907
418 -0.7549999999999181
419 -1.1449999999999139
420 -0.059999999999915545
421 -1.194999999999915
422 4.2999999999998435
423 4.259999999999802
424 4.879999999999769
425 -0.6899999999999173
426 4.614999999999901
427 -0.5149999999999161
428 -0.09499999999991601
429 -0.20999999999991611
430 -0.10999999999991558
431 -0.10499999999991558
432 -0.3049999999999174
433 -0.5799999999999161
434 3.9800000000001283
435 -0.14999999999991562
436 -0.46499999999991587
437 4.909999999999754
438 4.634999999999794
439 -0.12499999999991582
440 -0.17999999999991564
441 4.939999999999761
442 9.704999999999563
443 -0.4649999999999161
444 -0.7099999999999169
445 4.205000000000014
446 -0.19499999999991563
447 3.7400000000001272
448 9.399999999999162
449 -1.5349999999999082
450 -0.16499999999991652
451 -0.7749999999999179
452 4.869999999999801
453 8.929999999999305
454 -0.17499999999991586
455 4.179999999999825
456 -0.534999999999917
457 9.399999999999206
458 -1.1249999999999158
459 -0.05499999999991555
460 -0.6849999999999167
461 -0.18499999999991562
462 -0.04999999999991555
463 4.794999999999783
464 -0.019999999999915558
465 4.22000000000012
466 -0.5499999999999161
467 -0.08999999999991556
468 -0.10499999999991558
469 -0.1399999999999156
470 -0.9749999999999176
471 -0.5399999999999159
472 -0.1649999999999156
473 -0.04999999999991555
474 -0.5399999999999159
475 4.165000000000124
476 -0.15999999999991563
477 4.834999999999786
478 -0.08499999999991577
479 -0.5399999999999163
480 -0.10999999999991625
481 13.729999999999935
482 4.750000000000098
483 -0.084999999999916
484 4.674999999999848
485 4.364999999999794
486 4.464999999999785
487 -0.15999999999991607
488 -0.19999999999991566
489 -0.2949999999999166
490 -0.09999999999991557
491 4.924999999999759
492 -0.5799999999999161
493 -0.12499999999991648
494 4.395000000000117
495 -0.4149999999999165
496 -0.8849999999999173
497 -0.7849999999999183
498 4.310000000000112
499 4.324999999999811
500 -0.5099999999999161
501 -0.07499999999991555
502 -0.8899999999999171
503 9.64499999999922
504 -0.7249999999999176
505 -0.04999999999991555
506 -0.15499999999991562
507 -0.10999999999991558
508 -0.1049999999999158
509 -0.599999999999917
510 -0.7449999999999167
511 -0.6599999999999173
512 -0.5249999999999165
513 -0.17499999999991697
514 -0.4999999999999161
515 -1.309999999999912
516 -0.11999999999991559
517 -0.11499999999991557
518 4.904999999999756
519 -0.12499999999991582
520 -0.04999999999991555
521 4.919999999999763
522 -0.5599999999999161
523 -1.1399999999999142
524 4.46499999999978
525 4.43499999999977
526 -0.4949999999999161
527 -0.11499999999991559
528 -0.07499999999991577
529 -0.08499999999991556
530 -0.6849999999999173
531 -0.2499999999999166
532 -0.45999999999991587
533 -0.014999999999915557
534 -0.1399999999999165
535 9.479999999999158
536 0.025000000000084226
537 -0.2499999999999157
538 -0.08499999999991556
539 4.8649999999997675
540 8.4399999999993
541 -0.5649999999999159
542 -0.11999999999991559
543 9.299999999999443
544 -0.6799999999999164
545 -0.07499999999991555
546 4.339999999999791
547 -0.5399999999999161
548 3.290000000000142
549 -0.18499999999991587
550 -0.7899999999999163
551 -0.11999999999991559
552 -0.1399999999999156
553 9.709999999999226
554 -0.08499999999991556
555 -0.12999999999991582
556 -0.5999999999999159
557 -0.16499999999991563
558 4.784999999999769
559 -0.4999999999999161
560 4.914999999999759
561 3.550000000000132
562 4.7699999999997855
563 -0.06499999999991554
564 -0.15499999999991562
565 4.44999999999978
566 -0.13999999999991583
567 -0.7099999999999183
568 -0.649999999999918
569 -0.32499999999991686
570 -0.8199999999999181
571 -1.1549999999999154
572 -0.2999999999999164
573 -0.4999999999999161
574 -0.5499999999999159
575 -1.1349999999999156
576 4.039999999999815
577 -0.11499999999991559
578 -0.2149999999999161
579 -0.04999999999991555
580 -0.30499999999991617
581 4.009999999999821
582 -0.4999999999999159
583 9.964999999999224
584 -0.6399999999999162
585 9.794999999999405
586 4.929999999999759
587 4.554999999999775
588 -0.06999999999991555
589 -0.7399999999999165
590 9.18499999999991
591 3.9400000000001283
592 -0.059999999999915545
593 -0.5449999999999161
594 -1.7999999999999003
595 4.90999999999977
596 4.504999999999777
597 -0.07999999999991578
598 -0.09499999999991557
599 -0.6949999999999169
600 4.964999999999765
601 -0.5399999999999161
602 -0.20499999999991567
603 -0.08499999999991556
604 -0.10999999999991558
605 -0.5699999999999161
606 18.90500000000098
607 -0.6649999999999162
608 -0.5149999999999159
609 -1.4399999999999116
610 -0.5099999999999159
611 -0.04999999999991555
612 -0.11499999999991559
613 -0.14999999999991562
614 -0.18999999999991632
615 -0.15999999999991607
616 -0.03999999999991578
617 -0.5549999999999161
618 -0.18499999999991587
619 -0.4399999999999167
620 -0.06499999999991554
621 -0.18499999999991584
622 -0.1249999999999156
623 4.469999999999788
624 4.8549999999997695
625 -0.14999999999991562
626 -0.1399999999999156
627 4.080000000000091
628 4.874999999999776
629 -0.6549999999999162
630 -0.06499999999991554
631 -0.9849999999999172
632 14.895000000000573
633 -0.4749999999999161
634 -0.7249999999999169
635 -0.6249999999999166
636 8.719999999999391
637 -0.829999999999917
638 -0.584999999999917
639 -0.08499999999991578
640 -0.5249999999999159
641 -0.18999999999991588
642 4.279999999999993
643 -0.2149999999999159
644 4.434999999999787
645 -0.11499999999991559
646 9.799999999999253
647 -0.6549999999999164
648 4.255000000000121
649 -0.07999999999991578
650 -0.5899999999999161
651 19.34500000000078
652 -0.08999999999991556
653 -0.5049999999999158
654 -0.49499999999991656
655 -0.09499999999991557
656 4.974999999999758
657 -0.04999999999991577
658 3.9950000000001262
659 4.464999999999774
660 -0.11999999999991559
661 -0.16999999999991675
662 4.919999999999809
663 -0.06499999999991554
664 4.809999999999772
665 -0.1449999999999156
666 4.479999999999785
667 -0.02999999999991556
668 4.810000000000111
669 3.979999999999799
670 -0.059999999999915545
671 4.155000000000125
672 4.46499999999979
673 -0.13999999999991583
674 4.489999999999777
675 -0.09999999999991557
676 -0.5499999999999163
677 9.78999999999924
678 -0.11499999999991559
679 -0.8799999999999202
680 -0.2099999999999159
681 -0.09999999999991557
682 -0.08499999999991556
683 -0.594999999999919
684 -0.4849999999999161
685 -0.07499999999991577
686 4.774999999999785
687 -0.6799999999999164
688 4.2249999999998575
689 4.714999999999813
690 8.834999999999917
691 4.3399999999998995
692 -0.5099999999999159
693 -0.4799999999999163
694 -0.06499999999991554
695 4.289999999999819
696 9.394999999999168
697 -0.41499999999991605
698 -0.039999999999915554
699 -0.14999999999991562
700 -0.09999999999991557
701 -0.5149999999999159
702 -0.5899999999999161
703 -0.08999999999991556
704 4.245000000000123
705 -0.14999999999991562
706 -0.1299999999999156
707 -0.1599999999999163
708 -0.1249999999999156
709 4.324999999999852
710 4.849999999999787
711 -0.5849999999999161
712 -0.0049999999999155555
713 -0.059999999999915545
714 -0.8549999999999166
715 -0.9099999999999184
716 -0.2599999999999157
717 -0.559999999999917
718 -0.7649999999999176
719 4.324999999999832
720 -1.099999999999915
721 -0.0999999999999158
722 -0.15499999999991562
723 -0.07499999999991555
724 -0.05999999999991577
725 -0.7499999999999178
726 -0.8199999999999172
727 -0.03499999999991556
728 -0.6499999999999184
729 -0.6449999999999164
730 -1.209999999999913
731 -0.039999999999915554
732 -0.07999999999991556
733 4.409999999999848
734 -0.16499999999991607
735 -0.08499999999991578
736 -0.6449999999999169
737 -0.5049999999999158
738 4.86499999999976
739 -0.5499999999999159
740 -0.09499999999991601
741 -0.08999999999991556
742 -1.0399999999999159
743 14.170000000000195
744 -0.7349999999999165
745 4.899999999999754
746 9.294999999999197
747 -0.6249999999999173
748 3.944999999999884
749 4.309999999999785
750 -0.9049999999999209
751 -0.02499999999991578
752 4.949999999999757
753 -0.09999999999991557
754 -0.059999999999915545
755 -0.5449999999999161
756 -0.5849999999999173
757 -0.2749999999999157
758 -0.5649999999999168
759 -0.5499999999999159
760 -0.5599999999999166
761 -0.2549999999999188
762 -0.13499999999991583
763 -0.11999999999991559
764 -0.6899999999999176
765 -0.09999999999991557
766 -0.30999999999991573
767 -0.059999999999915545
768 -0.019999999999915558
769 -0.1249999999999156
770 -0.07499999999991555
771 -0.06999999999991555
772 -0.10999999999991558
773 4.854999999999764
774 -0.6199999999999162
775 4.88999999999979
776 4.274999999999832
777 -0.05499999999991555
778 3.8349999999999103
779 -0.8399999999999181
780 -0.5499999999999161
781 4.285000000000122
782 -0.9499999999999162
783 -0.09999999999991557
784 4.514999999999802
785 8.744999999999454
786 4.904999999999772
787 -0.07999999999991556
788 -0.07999999999991556
789 -0.18499999999991565
790 14.850000000000541
791 -0.07499999999991555
792 4.264999999999786
793 -0.5049999999999163
794 -0.11999999999991626
795 4.1250000000001075
796 -0.5299999999999163
797 -0.09499999999991557
798 -0.08999999999991556
799 -0.17499999999991564
800 -0.1299999999999156
801 -0.09499999999991557
802 -0.6499999999999164
803 4.9049999999998
804 -0.08499999999991556
805 -0.18999999999991565
806 -0.5649999999999175
807 13.784999999999128
808 9.254999999999711
809 4.844999999999789
810 -0.11999999999991559
811 -0.05499999999991577
812 4.234999999999859
813 -0.2399999999999157
814 -0.4749999999999159
815 -0.10999999999991558
816 4.359999999999805
817 -0.14499999999991606
818 -0.5899999999999161
819 -0.1799999999999161
820 -0.14999999999991562
821 -0.5049999999999165
822 9.429999999999183
823 -0.02999999999991556
824 -0.08999999999991556
825 -0.10999999999991558
826 -0.5149999999999161
827 -0.07499999999991555
828 -0.49999999999991634
829 -0.8399999999999188
830 -0.2199999999999159
831 -0.15999999999991563
832 4.924999999999763
833 -1.0049999999999168
834 4.7899999999998295
835 -0.07499999999991555
836 9.354999999999443
837 -0.5749999999999159
838 -0.6649999999999171
839 -1.5699999999999041
840 -0.07499999999991577
841 -0.04499999999991555
842 9.394999999999195
843 4.94999999999976
844 -0.05499999999991555
845 0.005000000000084445
846 -0.6549999999999184
847 -0.6199999999999162
848 4.9799999999997935
849 -0.12499999999991582
850 -0.5249999999999159
851 -0.22499999999991568
852 -0.0999999999999158
853 4.994999999999752
854 -0.07499999999991577
855 -0.8699999999999195
856 9.019999999999165
857 4.944999999999764
858 9.904999999999236
859 -0.16999999999991586
860 3.8650000000001308
861 -1.2399999999999125
862 8.714999999999822
863 -0.06999999999991555
864 4.884999999999767
865 -0.9599999999999189
866 -0.8549999999999182
867 4.430000000000015
868 -0.4549999999999163
869 -0.6849999999999171
870 -0.08999999999991556
871 -0.14999999999991562
872 -0.09499999999991557
873 4.52999999999978
874 -0.5299999999999163
875 -0.38999999999991647
876 -0.07999999999991578
877 3.5800000000001067
878 4.860000000000092
879 -0.08499999999991578
880 -0.04999999999991555
881 4.305000000000121
882 -0.1249999999999156
883 4.804999999999801
884 4.894999999999772
885 4.924999999999763
886 -0.12999999999991582
887 -0.13499999999991583
888 0.005000000000084445
889 4.889999999999808
890 -0.04999999999991555
891 9.179999999999191
892 -0.7449999999999165
893 4.394999999999811
894 3.9699999999998434
895 4.829999999999765
896 -0.039999999999915554
897 -0.5949999999999162
898 -0.10499999999991558
899 -0.13999999999991605
900 -0.5799999999999161
901 -0.08999999999991556
902 4.9099999999997666
903 -0.11999999999991559
904 4.829999999999779
905 -0.06499999999991554
906 -0.1399999999999156
907 -0.14999999999991628
908 4.820000000000001
909 -0.6349999999999162
910 -0.619999999999916
911 -0.18999999999991588
912 14.300000000000225
913 -0.5249999999999163
914 -0.1249999999999156
915 -0.12499999999991604
916 -0.1399999999999156
917 -0.2599999999999166
918 4.715000000000111
919 -0.22499999999991568
920 9.799999999999224
921 -0.10999999999991558
922 -0.16499999999991563
923 -0.07999999999991578
924 4.839999999999914
925 -0.15499999999991582
926 14.460000000000484
927 -0.009999999999916
928 -0.11999999999991581
929 -0.05499999999991555
930 -0.09499999999991557
931 -0.8349999999999166
932 -0.5199999999999161
933 -0.49499999999991656
934 -0.43999999999991585
935 0.020000000000084447
936 -0.6949999999999169
937 9.454999999999181
938 -0.019999999999915558
939 -0.08999999999991556
940 4.899999999999843
941 -0.11499999999991559
942 -0.07499999999991555
943 -0.5549999999999161
944 -0.059999999999915545
945 4.899999999999756
946 -0.1449999999999156
947 4.414999999999786
948 4.659999999999807
949 -0.09499999999991557
950 -0.21999999999991568
951 -0.5449999999999163
952 -0.12999999999991624
953 -0.3049999999999157
954 -0.5599999999999172
955 -1.0099999999999165
956 -0.9749999999999167
957 4.854999999999807
958 4.150000000000091
959 -0.08999999999991556
960 4.3700000000001085
961 -0.14999999999991584
962 4.884999999999769
963 -0.9849999999999163
964 -0.6299999999999162
965 4.454999999999858
966 -0.6499999999999164
967 4.964999999999758
968 -0.06999999999991555
969 -0.6249999999999166
970 0.005000000000084445
971 -0.4949999999999159
972 -0.5199999999999159
973 -0.06499999999991554
974 4.45499999999981
975 -0.07499999999991555
976 -0.044999999999915774
977 3.969999999999801
978 -0.08999999999991556
979 -0.08499999999991556
980 -0.5599999999999159
981 -1.1599999999999142
982 -0.10499999999991558
983 4.854999999999771
984 -0.5699999999999159
985 -0.1349999999999156
986 -0.07499999999991555
987 4.299999999999794
988 -0.1249999999999156
989 -0.16499999999991585
990 -0.04499999999991555
991 -0.1399999999999156
992 4.91999999999977
993 -0.04999999999991555
994 -0.059999999999915545
995 -0.5349999999999159
996 -0.03499999999991556
997 -0.4999999999999159
998 -0.14999999999991562
999 -0.1049999999999158
1000 -0.5999999999999159
1001 -0.1249999999999156
1002 -0.12499999999991558
1003 -0.02499999999991578
1004 4.339999999999821
1005 -0.1249999999999156
1006 4.959999999999753
1007 -0.039999999999915554
1008 -0.09999999999991602
1009 4.294999999999831
1010 4.324999999999857
1011 -0.5649999999999161
1012 -0.02999999999991556
1013 -0.5999999999999164
1014 -0.04999999999991555
1015 -0.09499999999991555
1016 -0.09499999999991557
1017 4.49999999999977
1018 -0.09499999999991557
1019 -0.6749999999999187
1020 -0.05499999999991555
1021 -0.1349999999999156
1022 -0.9899999999999178
1023 -0.8099999999999175
1024 -0.5699999999999159
1025 -0.16999999999991564
1026 -0.09499999999991557
1027 14.649999999999618
1028 -0.44999999999991586
1029 -0.10499999999991558
1030 -0.5099999999999167
1031 -0.11499999999991559
1032 -0.04999999999991555
1033 -0.1299999999999156
1034 -0.039999999999915554
1035 -0.6299999999999166
1036 -0.13499999999991583
1037 4.079999999999828
1038 -0.5249999999999161
1039 4.879999999999771
1040 -0.11499999999991559
1041 -1.1949999999999128
1042 9.844999999999244
1043 -0.5849999999999184
1044 4.914999999999763
1045 -0.5099999999999159
1046 -0.654999999999917
1047 4.8949999999997615
1048 4.854999999999757
1049 -0.1349999999999156
1050 -0.06999999999991577
1051 -0.7049999999999165
1052 -0.47999999999991655
1053 -0.5299999999999159
1054 0.010000000000084445
1055 -0.09999999999991557
1056 -0.11499999999991603
1057 -0.5949999999999166
1058 -0.10499999999991558
1059 -0.7199999999999172
1060 -0.9599999999999176
1061 -0.0999999999999158
1062 -0.06999999999991577
1063 4.479999999999783
1064 -0.5699999999999166
1065 -0.8999999999999162
1066 -0.7449999999999165
1067 -0.5299999999999159
1068 -0.1299999999999156
1069 -0.5899999999999161
1070 4.115000000000092
1071 -0.059999999999915545
1072 -0.14499999999991584
1073 -0.07499999999991555
1074 -0.609999999999917
1075 -0.1299999999999156
1076 -0.5549999999999159
1077 -0.059999999999915545
1078 -0.09499999999991578
1079 -0.15999999999991563
1080 -0.10499999999991579
1081 -0.08999999999991556
1082 0.010000000000084223
1083 -0.12999999999991582
1084 -0.07999999999991556
1085 -0.07999999999991556
1086 -0.6899999999999167
1087 9.989999999999224
1088 -0.49999999999991634
1089 -0.11499999999991581
1090 -0.11999999999991559
1091 4.874999999999803
1092 -0.15499999999991562
1093 -0.08499999999991578
1094 -0.1449999999999156
1095 -0.07999999999991556
1096 -0.08499999999991556
1097 -0.04999999999991555
1098 -0.1349999999999156
1099 4.190000000000124
1100 -0.08999999999991556
1101 -0.06499999999991621
1102 4.8449999999997555
1103 -0.5699999999999166
1104 -0.05999999999991577
1105 -0.039999999999915554
1106 4.364999999999789
1107 3.9550000000000995
1108 -0.9449999999999162
1109 4.949999999999753
1110 -0.03499999999991556
1111 -0.09499999999991557
1112 -0.09999999999991557
1113 -0.09999999999991557
1114 9.504999999999587
1115 -0.09499999999991579
1116 -0.42999999999991584
1117 -0.16999999999991564
1118 -0.4999999999999159
1119 -1.299999999999911
1120 -0.19999999999991566
1121 -0.07499999999991555
1122 -0.2199999999999168
1123 -0.17499999999991564
1124 4.8999999999997685
1125 -0.08999999999991556
1126 -0.074999999999916
1127 -0.5099999999999161
1128 -0.5649999999999159
1129 -0.5049999999999158
1130 -0.6699999999999173
1131 -0.05499999999991555
1132 -0.10999999999991558
1133 -0.5499999999999159
1134 4.8699999999997585
1135 -0.19499999999991566
1136 -0.18999999999991565
1137 4.5349999999997745
1138 -0.5499999999999159
1139 -0.1749999999999163
1140 -0.14999999999991628
1141 4.509999999999773
1142 -0.5549999999999161
1143 -0.17499999999991586
1144 9.189999999999216
1145 4.879999999999755
1146 -0.06999999999991555
1147 -0.42499999999991606
1148 4.469999999999788
1149 4.534999999999776
1150 -0.5099999999999159
1151 -0.19999999999991566
1152 -0.849999999999917
1153 -0.4799999999999159
1154 -0.04999999999991555
1155 -0.074999999999916
1156 -0.264999999999917
1157 4.340000000000121
1158 4.834999999999791
1159 -0.09999999999991624
1160 4.404999999999783
1161 -0.10999999999991558
1162 4.749999999999804
1163 4.6499999999998485
1164 3.7800000000001193
1165 -0.1299999999999156
1166 -0.5049999999999158
1167 -0.11499999999991559
1168 -0.02999999999991556
1169 -0.5349999999999161
1170 -0.46499999999991587
1171 4.869999999999767
1172 -0.08999999999991556
1173 -0.11999999999991559
1174 -0.03499999999991556
1175 -0.02999999999991556
1176 -0.43499999999991606
1177 -0.02999999999991556
1178 -0.4249999999999163
1179 -0.06499999999991554
1180 3.7449999999997807
1181 -0.1399999999999156
1182 -0.5449999999999161
1183 -0.1299999999999156
1184 -0.5949999999999166
1185 -0.6099999999999164
1186 4.569999999999763
1187 4.874999999999789
1188 -0.5699999999999161
1189 4.894999999999795
1190 -0.19999999999991566
1191 -0.6299999999999166
1192 4.8799999999997725
1193 -0.09999999999991557
1194 -0.06499999999991554
1195 4.769999999999798
1196 9.394999999999479
1197 -0.1449999999999156
1198 -0.059999999999915545
1199 -0.02499999999991556
1200 -0.11499999999991559
1201 4.35999999999978
1202 -0.11499999999991559
1203 4.2150000000000905
1204 -0.10499999999991558
1205 -0.5999999999999184
1206 -0.08999999999991556
1207 -0.06499999999991554
1208 -0.5299999999999159
1209 -0.5149999999999161
1210 4.905000000000109
1211 -0.4949999999999161
1212 -0.11499999999991559
1213 9.759999999999232
1214 -0.1349999999999156
1215 -0.11999999999991559
1216 -0.1249999999999156
1217 -0.04499999999991555
1218 -0.04999999999991555
1219 -0.11499999999991559
1220 4.439999999999999
1221 -0.15999999999991585
1222 -0.10499999999991558
1223 -0.6299999999999175
1224 4.81499999999979
1225 -0.09999999999991557
1226 -0.10499999999991558
1227 -0.11999999999991559
1228 9.814999999999207
1229 -0.5499999999999161
1230 -0.5749999999999168
1231 -0.09499999999991557
1232 -0.08999999999991556
1233 -0.05499999999991555
1234 -0.1349999999999156
1235 -0.16499999999991563
1236 4.330000000000121
1237 -0.1249999999999156
1238 -0.15499999999991562
1239 -0.17499999999991586
1240 -0.11999999999991581
1241 -0.17499999999991564
1242 -0.16499999999991605
1243 -0.5699999999999166
1244 -0.4699999999999161
1245 -0.9149999999999162
1246 -0.09499999999991557
1247 -0.6149999999999173
1248 -0.079999999999916
1249 -0.16999999999991564
1250 -0.04499999999991555
1251 -0.46499999999991587
1252 4.51499999999978
1253 -0.10499999999991558
1254 -0.019999999999915558
1255 -0.2799999999999157
1256 4.87000000000002
1257 -0.14999999999991562
1258 -0.09999999999991557
1259 4.939999999999759
1260 -0.07499999999991555
1261 -0.5349999999999161
1262 -0.11499999999991603
1263 4.79499999999981
1264 4.3749999999997815
1265 4.0599999999997864
1266 4.899999999999756
1267 -0.1349999999999156
1268 -0.6299999999999177
1269 -0.5399999999999168
1270 -0.06499999999991554
1271 -0.019999999999915558
1272 4.440000000000084
1273 -0.10999999999991557
1274 -0.10499999999991556
1275 -0.08499999999991556
1276 -0.08999999999991556
1277 -0.10499999999991558
1278 -0.09499999999991557
1279 -0.014999999999915557
1280 -0.1349999999999156
1281 -0.13499999999991583
1282 -0.1249999999999156
1283 -0.08999999999991556
1284 -0.5299999999999159
1285 -0.5199999999999159
1286 -0.10499999999991558
1287 4.705000000000112
1288 -0.5949999999999173
1289 -0.09999999999991557
1290 -0.05499999999991555
1291 -0.07999999999991556
1292 -1.6549999999999094
1293 -0.15999999999991563
1294 -0.03499999999991578
1295 -0.06499999999991554
1296 -0.1749999999999172
1297 4.8949999999997615
1298 -0.08999999999991579
1299 -0.1249999999999156
1300 -0.5449999999999163
1301 -0.1449999999999156
1302 -0.02499999999991556
1303 4.9449999999997605
1304 -0.08499999999991556
1305 -0.16499999999991563
1306 -0.46499999999991587
1307 -0.14999999999991562
1308 -0.7349999999999178
1309 -0.4899999999999159
1310 -0.1399999999999156
1311 -0.6349999999999173
1312 -0.1299999999999156
1313 4.759999999999809
1314 4.45999999999989
1315 -0.6349999999999173
1316 -0.514999999999917
1317 -0.06999999999991555
1318 -0.15999999999991563
1319 4.459999999999774
1320 -0.7949999999999177
1321 4.474999999999781
1322 -0.5249999999999159
1323 -0.06999999999991555
1324 -0.5299999999999159
1325 -0.6849999999999173
1326 -0.44999999999991586
1327 -0.5849999999999161
1328 -0.1349999999999156
1329 -0.46499999999991587
1330 -0.1599999999999156
1331 -0.9249999999999169
1332 -0.1399999999999156
1333 -0.09499999999991557
1334 -0.07999999999991556
1335 -0.1449999999999156
1336 -0.5349999999999159
1337 -0.014999999999915557
1338 4.95499999999976
1339 -0.04999999999991555
1340 4.914999999999775
1341 -0.8099999999999183
1342 4.470000000000117
1343 -0.4949999999999159
1344 -0.08499999999991556
1345 -0.11499999999991559
1346 -0.1449999999999156
1347 4.849999999999855
1348 4.414999999999832
1349 4.869999999999796
1350 -0.5549999999999159
1351 -0.06999999999991555
1352 4.954999999999769
1353 -0.009999999999915556
1354 4.794999999999783
1355 4.569999999999774
1356 -0.44999999999991586
1357 -0.14999999999991562
1358 -0.04499999999991555
1359 -0.06999999999991555
1360 -0.21499999999991634
1361 -1.0449999999999184
1362 -0.11999999999991603
1363 4.864999999999792
1364 -1.0249999999999166
1365 4.814999999999792
1366 -0.08999999999991556
1367 4.46499999999978
1368 -0.5249999999999161
1369 -0.6099999999999164
1370 -0.07499999999991555
1371 -0.039999999999915554
1372 -0.21999999999991568
1373 -0.03499999999991556
1374 -0.11999999999991559
1375 -0.5349999999999159
1376 -0.8799999999999162
1377 -0.5049999999999158
1378 -0.1399999999999156
1379 -0.1099999999999158
1380 0.05000000000008444
1381 -0.14999999999991562
1382 -0.03999999999991578
1383 -0.06999999999991555
1384 -0.11499999999991559
1385 -0.06499999999991554
1386 -0.649999999999916
1387 8.444460408707499e-14
1388 -0.039999999999915554
1389 -0.06499999999991554
1390 -0.019999999999915558
1391 -0.09999999999991557
1392 -0.11999999999991559
1393 -0.12999999999991582
1394 -0.8949999999999166
1395 -0.1249999999999156
1396 4.004999999999876
1397 -0.6199999999999162
1398 -0.6299999999999162
1399 -0.04999999999991555
1400 -0.6199999999999164
1401 -0.09999999999991557
1402 -0.1349999999999156
1403 -0.1399999999999156
1404 -0.09499999999991557
1405 -0.1449999999999156
1406 -0.3299999999999172
1407 -0.09499999999991557
1408 -0.02999999999991556
1409 -0.1449999999999158
1410 4.529999999999801
1411 -0.19499999999991566
1412 4.4899999999997755
1413 19.640000000000953
1414 -0.09499999999991557
1415 -0.06999999999991555
1416 -0.1099999999999158
1417 -0.7749999999999179
1418 -0.10499999999991558
1419 -0.07999999999991556
1420 -0.08499999999991556
1421 -0.6049999999999159
1422 4.845000000000031
1423 -0.15499999999991584
1424 -0.05499999999991555
1425 4.964999999999778
1426 -0.01999999999991578
1427 -0.06499999999991554
1428 -0.1049999999999158
1429 -0.1299999999999156
1430 -0.5849999999999175
1431 -1.2749999999999113
1432 4.874999999999767
1433 -0.09999999999991557
1434 4.88999999999976
1435 -0.10999999999991558
1436 -0.10999999999991558
1437 4.944999999999791
1438 9.399999999999174
1439 -0.1249999999999156
1440 -0.5249999999999159
1441 -0.5499999999999159
1442 4.9449999999997605
1443 -0.16499999999991563
1444 -0.06999999999991555
1445 -0.11999999999991559
1446 -0.019999999999915558
1447 -0.2949999999999165
1448 -0.5649999999999163
1449 4.909999999999754
1450 -0.07499999999991555
1451 -0.08999999999991556
1452 4.894999999999769
1453 -0.1299999999999156
1454 4.344999999999793
1455 4.489999999999783
1456 -0.04999999999991555
1457 -0.05499999999991555
1458 4.539999999999806
1459 4.9349999999997625
1460 -0.7649999999999163
1461 -0.06499999999991554
1462 4.954999999999755
1463 -0.039999999999915554
1464 -0.19499999999991585
1465 14.82500000000053
1466 -0.1349999999999156
1467 -0.10499999999991558
1468 9.924999999999223
1469 -0.03499999999991556
1470 -0.5249999999999159
1471 -0.13999999999991605
1472 -0.5149999999999161
1473 -0.4949999999999161
1474 -0.15499999999991562
1475 4.249999999999797
1476 4.939999999999777
1477 -0.07999999999991556
1478 4.359999999999814
1479 4.0999999999997785
1480 -0.019999999999915558
1481 -0.1449999999999156
1482 9.379999999999514
1483 -0.45999999999991587
1484 -1.3199999999999095
1485 -0.08499999999991556
1486 -0.5349999999999159
1487 -0.03499999999991556
1488 -0.04999999999991555
1489 9.529999999999202
1490 -0.08999999999991556
1491 -0.21999999999991568
1492 -0.09499999999991557
1493 4.894999999999767
1494 -0.11499999999991559
1495 -0.15499999999991562
1496 -0.2249999999999159
1497 14.325000000000474
1498 -0.10499999999991558
1499 -0.12999999999991582
1500 -0.04499999999991555
1501 -0.08999999999991556
1502 -0.1649999999999163
1503 -0.10999999999991558
1504 -0.10499999999991558
1505 -0.10999999999991558
1506 4.265000000000122
1507 -0.5599999999999159
1508 3.904999999999948
1509 4.51999999999978
1510 -0.5299999999999161
1511 -0.11999999999991559
1512 9.934999999999226
1513 -0.1299999999999156
1514 -0.05499999999991555
1515 -0.07999999999991556
1516 -0.04499999999991555
1517 -0.15999999999991604
1518 -0.1349999999999156
1519 0.015000000000084446
1520 -0.09499999999991557
1521 -0.6949999999999175
1522 -0.04499999999991555
1523 -0.09499999999991557
1524 -0.5949999999999195
1525 -0.5099999999999161
1526 9.46999999999917
1527 -0.10499999999991558
1528 -0.5649999999999166
1529 -0.09499999999991557
1530 9.989999999999235
1531 -0.08999999999991556
1532 4.94999999999976
1533 -0.05499999999991555
1534 -0.9849999999999165
1535 -0.4699999999999159
1536 -0.5099999999999159
1537 -0.11499999999991559
1538 -0.5249999999999161
1539 -0.5349999999999161
1540 -0.5199999999999159
1541 4.83499999999977
1542 4.135000000000116
1543 -0.1299999999999156
1544 -0.4149999999999158
1545 -0.08499999999991556
1546 9.324999999999472
1547 -0.16999999999991564
1548 -0.08999999999991579
1549 -0.6999999999999167
1550 -0.15499999999991562
1551 0.025000000000084448
1552 -0.009999999999915556
1553 4.944999999999762
1554 -0.22499999999991613
1555 4.93499999999977
1556 -0.08499999999991556
1557 0.005000000000084445
1558 4.944999999999769
1559 -0.059999999999915545
1560 -1.3999999999999078
1561 -0.6149999999999168
1562 -0.5249999999999159
1563 4.96999999999979
1564 -0.02999999999991556
1565 -0.579999999999917
1566 -0.10499999999991558
1567 -0.05999999999991599
1568 -0.4899999999999161
1569 -0.09999999999991557
1570 4.389999999999779
1571 -0.15999999999991585
1572 4.434999999999812
1573 4.934999999999757
1574 -0.5749999999999166
1575 -0.2749999999999159
1576 -1.0149999999999162
1577 -0.07499999999991555
1578 -0.9249999999999164
1579 4.889999999999831
1580 -0.06499999999991554
1581 9.959999999999212
1582 4.924999999999763
1583 4.914999999999765
1584 -0.2599999999999168
1585 -0.5799999999999159
1586 0.025000000000084448
1587 -0.15499999999991584
1588 -0.08999999999991556
1589 -0.08499999999991556
1590 -0.5249999999999159
1591 4.844999999999777
1592 -0.06999999999991555
1593 -0.049999999999915556
1594 -0.6599999999999164
1595 -0.20999999999991567
1596 -0.1249999999999156
1597 4.849999999999784
1598 9.740000000000059
1599 -0.09999999999991557
1600 -0.10499999999991558
1601 -0.04499999999991555
1602 -0.08999999999991556
1603 -0.5249999999999161
1604 4.360000000000095
1605 -1.524999999999908
1606 4.914999999999759
1607 -0.04999999999991555
1608 -0.02499999999991556
1609 4.519999999999771
1610 -0.07499999999991555
1611 9.904999999999212
1612 -1.3049999999999116
1613 -0.059999999999915545
1614 -0.5149999999999161
1615 -0.10999999999991558
1616 -0.5049999999999158
1617 -0.12999999999991582
1618 -0.05499999999991555
1619 9.244999999999248
1620 -0.1399999999999156
1621 -0.2499999999999157
1622 9.894999999999264
1623 -0.1449999999999156
1624 -0.07999999999991556
1625 -0.07999999999991556
1626 4.874999999999755
1627 -0.05499999999991555
1628 -0.02499999999991556
1629 -0.05999999999991577
1630 0.04500000000008444
1631 4.469999999999858
1632 -0.04999999999991555
1633 -0.07499999999991555
1634 -0.5499999999999159
1635 -0.7049999999999162
1636 -0.09499999999991557
1637 4.459999999999783
1638 -0.4699999999999159
1639 4.4349999999997785
1640 -0.14999999999991695
1641 4.400000000000119
1642 -0.9699999999999165
1643 4.9099999999997594
1644 -0.02999999999991556
1645 -0.5049999999999158
1646 -0.1349999999999156
1647 -0.059999999999915545
1648 -1.7899999999999003
1649 -0.9549999999999162
1650 -0.5449999999999159
1651 -0.059999999999915545
1652 4.824999999999797
1653 -0.04499999999991555
1654 4.939999999999775
1655 -0.11999999999991559
1656 -1.069999999999916
1657 4.919999999999768
1658 -0.08499999999991556
1659 -0.1449999999999156
1660 -0.02999999999991556
1661 -0.11499999999991559
1662 -0.9149999999999178
1663 -0.1399999999999156
1664 -1.0949999999999152
1665 -0.11499999999991559
1666 -0.04499999999991555
1667 4.904999999999767
1668 -0.10499999999991558
1669 -0.11499999999991559
1670 -0.1299999999999156
1671 -0.15999999999991563
1672 8.444460408707499e-14
1673 -0.06499999999991554
1674 4.359999999999919
1675 8.444460408707499e-14
1676 -0.6849999999999169
1677 4.879999999999771
1678 -0.084999999999916
1679 -0.5999999999999173
1680 -0.1399999999999156
1681 -0.1499999999999158
1682 -0.07499999999991555
1683 4.8599999999997605
1684 -0.11999999999991559
1685 -0.1349999999999156
1686 -0.5299999999999159
1687 -0.07499999999991555
1688 -0.06999999999991555
1689 -0.07499999999991555
1690 -0.07999999999991556
1691 4.7799999999997835
1692 -0.09499999999991557
1693 -0.07499999999991555
1694 9.809999999999269
1695 -0.02999999999991556
1696 -0.6449999999999171
1697 4.029999999999785
1698 -0.5599999999999163
1699 -0.42499999999991583
1700 -0.05499999999991555
1701 -0.11499999999991559
1702 -0.08499999999991556
1703 -0.07499999999991555
1704 4.854999999999755
1705 -0.07999999999991556
1706 -0.09499999999991557
1707 -0.04499999999991555
1708 4.849999999999802
1709 -0.1299999999999156
1710 -0.20499999999991633
1711 -0.15499999999991562
1712 4.764999999999981
1713 -0.42999999999991584
1714 4.969999999999767
1715 -0.15499999999991562
1716 4.3250000000001085
1717 -0.6199999999999166
1718 -0.19499999999991632
1719 4.939999999999759
1720 -0.15499999999991562
1721 4.4900000000001175
1722 -0.45999999999991587
1723 9.979999999999215
1724 -0.04999999999991555
1725 -0.7399999999999167
1726 -0.8599999999999186
1727 4.335000000000117
1728 4.404999999999768
1729 4.379999999999785
1730 -0.10999999999991558
1731 -0.16499999999991563
1732 -0.7299999999999165
1733 -0.06999999999991555
1734 -0.16499999999991563
1735 -0.09499999999991557
1736 4.909999999999758
1737 -0.0049999999999155555
1738 4.270000000000122
1739 -0.07999999999991556
1740 -0.16999999999991586
1741 -0.06499999999991554
1742 -0.5999999999999162
1743 -0.05499999999991555
1744 -0.17499999999991564
1745 -0.10499999999991558
1746 -0.43499999999991584
1747 -0.5199999999999161
1748 4.8999999999997685
1749 -0.15499999999991562
1750 -0.11499999999991625
1751 9.394999999999154
1752 -0.05499999999991577
1753 -0.06999999999991577
1754 4.829999999999786
1755 -0.059999999999915545
1756 9.439999999999179
1757 -0.5199999999999161
1758 -0.02999999999991556
1759 -0.16499999999991563
1760 4.864999999999771
1761 -0.5299999999999161
1762 -0.059999999999915545
1763 -0.10999999999991558
1764 -0.5199999999999159
1765 -0.17499999999991564
1766 4.429999999999869
1767 4.859999999999766
1768 -0.5099999999999163
1769 -0.11499999999991603
1770 -0.04999999999991555
1771 -0.1299999999999156
1772 -0.1399999999999156
1773 -0.4249999999999163
1774 -0.07999999999991556
1775 -0.16499999999991563
1776 4.3950000000001195
1777 -0.1299999999999156
1778 4.409999999999791
1779 4.420000000000101
1780 -0.4999999999999161
1781 -0.1549999999999163
1782 -0.08999999999991556
1783 -0.1449999999999156
1784 -0.16499999999991563
1785 -0.6299999999999168
1786 -0.11499999999991581
1787 -0.06999999999991555
1788 -0.6299999999999168
1789 -0.10499999999991558
1790 -0.06999999999991555
1791 -0.039999999999915554
1792 -0.4999999999999161
1793 -0.719999999999916
1794 4.564999999999811
1795 -0.07999999999991556
1796 -0.5749999999999159
1797 -0.09499999999991557
1798 -0.7049999999999169
1799 -0.11999999999991559
1800 -0.1599999999999163
1801 -0.08999999999991556
1802 -0.12499999999991604
1803 4.904999999999777
1804 -0.6249999999999164
1805 -0.11499999999991581
1806 4.899999999999765
1807 -0.42999999999991584
1808 -0.04999999999991555
1809 -0.20499999999991567
1810 -0.14999999999991562
1811 -0.1799999999999163
1812 -0.5399999999999159
1813 -0.14999999999991584
1814 4.420000000000119
1815 -0.10999999999991558
1816 -0.10999999999991558
1817 -0.8449999999999162
1818 -0.4799999999999159
1819 -0.5399999999999161
1820 -0.1249999999999156
1821 -0.704999999999918
1822 -0.5349999999999159
1823 -0.04999999999991555
1824 -0.16499999999991596
1825 -0.014999999999915557
1826 4.629999999999826
1827 4.919999999999765
1828 -0.09499999999991557
1829 -0.7299999999999174
1830 9.884999999999218
1831 4.6899999999998085
1832 -0.08499999999991556
1833 -0.15999999999991563
1834 -0.05999999999991599
1835 -0.6699999999999169
1836 -0.6199999999999162
1837 -0.08499999999991556
1838 4.8549999999997855
1839 -0.9199999999999164
1840 -0.10499999999991558
1841 -0.44499999999991585
1842 -0.15999999999991563
1843 -0.06999999999991555
1844 4.4549999999997745
1845 -0.04999999999991555
1846 -0.1299999999999156
1847 -0.4849999999999161
1848 -0.1249999999999156
1849 4.8849999999997635
1850 -0.02499999999991556
1851 -0.06999999999991555
1852 -0.10499999999991558
1853 -0.09499999999991557
1854 4.619999999999803
1855 -0.039999999999915554
1856 -0.6099999999999159
1857 -0.03499999999991556
1858 -0.06999999999991555
1859 -0.2749999999999157
1860 4.4599999999997815
1861 9.864999999999206
1862 -0.08499999999991556
1863 -0.09499999999991557
1864 -0.17999999999991564
1865 -0.5149999999999159
1866 -0.5099999999999161
1867 0.020000000000084447
1868 -0.16499999999991563
1869 4.904999999999777
1870 -0.6849999999999167
1871 -0.07999999999991556
1872 -1.1049999999999145
1873 9.924999999999226
1874 -0.10499999999991558
1875 4.914999999999761
1876 -0.09499999999991557
1877 -0.10999999999991558
1878 4.889999999999758
1879 -0.5399999999999159
1880 -0.10499999999991558
1881 -0.6299999999999166
1882 -0.0049999999999155555
1883 4.339999999999928
1884 -0.06499999999991554
1885 -0.09499999999991557
1886 4.864999999999778
1887 -0.5199999999999165
1888 -0.07999999999991556
1889 -0.32499999999991597
1890 -0.09999999999991557
1891 -0.10499999999991558
1892 -0.09499999999991557
1893 -0.04999999999991555
1894 -0.07499999999991555
1895 -0.05499999999991555
1896 4.959999999999789
1897 -0.059999999999915545
1898 -0.09499999999991557
1899 -0.08999999999991556
1900 4.919999999999786
1901 0.010000000000084445
1902 -0.45499999999991586
1903 -0.6149999999999162
1904 -0.614999999999916
1905 4.894999999999756
1906 -0.10999999999991558
1907 9.914999999999225
1908 -0.5949999999999162
1909 -0.27999999999991815
1910 -0.09999999999991557
1911 -0.059999999999915545
1912 -0.11999999999991559
1913 -0.4749999999999159
1914 -0.1449999999999156
1915 -0.04999999999991555
1916 -0.22499999999991568
1917 -0.15999999999991563
1918 -0.06999999999991555
1919 4.359999999999784
1920 -0.1299999999999156
1921 -0.5149999999999205
1922 -0.10499999999991558
1923 -0.5649999999999159
1924 -0.1249999999999156
1925 -0.5999999999999159
1926 4.444999999999775
1927 -0.10499999999991558
1928 -0.06999999999991555
1929 -0.4949999999999159
1930 4.874999999999769
1931 9.499999999999169
1932 -0.9249999999999164
1933 4.934999999999754
1934 -0.5199999999999159
1935 -0.22999999999991633
1936 -0.1299999999999156
1937 -0.059999999999915545
1938 -0.3599999999999162
1939 -0.07999999999991556
1940 -0.03499999999991556
1941 -0.10999999999991558
1942 -0.559999999999917
1943 4.899999999999765
1944 4.924999999999777
1945 4.8799999999997565
1946 -0.12499999999991582
1947 -0.04999999999991555
1948 -0.5849999999999164
1949 -0.1249999999999156
1950 -0.5199999999999159
1951 -0.15499999999991562
1952 -0.08999999999991556
1953 4.909999999999774
1954 -0.1399999999999156
1955 -0.05499999999991555
1956 4.904999999999772
1957 -0.07999999999991556
1958 -0.09499999999991557
1959 -0.8799999999999168
1960 -0.5349999999999159
1961 4.914999999999759
1962 -0.16499999999991563
1963 -0.059999999999915545
1964 -0.5599999999999161
1965 -0.04499999999991555
1966 -0.06499999999991554
1967 -0.11999999999991559
1968 9.824999999999209
1969 -0.04499999999991555
1970 -0.07499999999991555
1971 4.8049999999997794
1972 -0.1299999999999156
1973 -0.2149999999999159
1974 -0.6099999999999162
1975 -0.07499999999991555
1976 -0.07999999999991556
1977 -0.5049999999999158
1978 -0.09999999999991557
1979 -0.10999999999991558
1980 -0.039999999999915554
1981 -0.05499999999991555
1982 -0.6649999999999164
1983 -0.06999999999991555
1984 -0.06999999999991577
1985 -0.11999999999991559
1986 -0.15999999999991563
1987 -0.04999999999991555
1988 -0.6099999999999179
1989 -0.17499999999991586
1990 -0.10499999999991558
1991 -0.039999999999915554
1992 4.46999999999979
1993 -0.05499999999991555
1994 -0.14999999999991562
1995 -0.11499999999991581
1996 -0.11999999999991559
1997 -0.08499999999991556
1998 -0.009999999999915778
1999 -0.17499999999991564
5578.943274974823
