0 -7.72
1 -7.68
2 -7.75
3 -7.64
4 -7.68
5 -7.68
6 -7.65
7 -2.58
8 -7.59
9 -7.69
10 -7.66
11 -7.64
12 -5.13
13 -7.74
14 -7.63
15 -7.65
16 -7.57
17 -2.77
18 -7.61
19 -2.69
20 -7.71
21 -5.21
22 -7.68
23 -7.56
24 -7.58
25 -5.20
26 -7.90
27 -7.77
28 -7.70
29 -3.10
30 -5.26
31 -7.67
32 -5.16
33 -7.58
34 -7.56
35 -5.10
36 -7.56
37 -7.68
38 -7.53
39 -2.55
40 -7.71
41 -7.73
42 -7.60
43 -7.68
44 -5.25
45 -7.62
46 -5.28
47 -5.38
48 -7.83
49 -7.70
50 -7.58
51 -7.59
52 -5.06
53 -5.01
54 -7.71
55 -5.26
56 -7.74
57 -7.75
58 -7.57
59 -7.55
60 -7.71
61 -7.68
62 -7.57
63 -7.76
64 -7.44
65 -7.81
66 -5.21
67 -7.64
68 -7.71
69 -5.12
70 -5.12
71 -7.60
72 -7.76
73 -7.70
74 -5.06
75 -5.20
76 -7.71
77 -7.70
78 -5.98
79 -7.68
80 -5.10
81 -5.22
82 -7.80
83 -7.56
84 -7.53
85 -3.55
86 -7.69
87 -5.10
88 -7.81
89 -5.13
90 -2.62
91 -7.82
92 -5.44
93 -7.65
94 -7.67
95 -7.59
96 -7.82
97 -5.11
98 -7.70
99 -7.72
100 -7.71
101 -2.55
102 -7.77
103 -2.69
104 -2.66
105 -7.66
106 -7.81
107 -6.07
108 -7.53
109 -5.03
110 -7.51
111 -7.71
112 -7.62
113 -7.60
114 -7.74
115 -7.60
116 -7.61
117 -7.81
118 -7.67
119 -5.15
120 -7.76
121 -7.53
122 -2.58
123 -7.68
124 -7.73
125 -7.65
126 -5.24
127 -7.65
128 -7.62
129 -5.16
130 -7.68
131 -7.88
132 -5.13
133 -7.66
134 -7.53
135 -5.16
136 -7.58
137 -7.62
138 -7.65
139 -5.23
140 -7.59
141 -5.13
142 -7.74
143 -0.20
144 -7.57
145 -7.48
146 -7.65
147 -7.47
148 -5.15
149 -5.21
150 -7.51
151 -7.51
152 -5.11
153 -7.74
154 -7.72
155 -7.60
156 -7.66
157 -7.78
158 -7.89
159 -7.60
160 -7.62
161 -7.69
162 -2.57
163 -5.12
164 -2.61
165 -7.71
166 -5.19
167 -7.73
168 -2.66
169 -7.70
170 -7.67
171 -2.72
172 -7.64
173 -5.20
174 -5.18
175 -0.04
176 -7.76
177 -7.74
178 -5.29
179 -7.66
180 -7.65
181 -7.70
182 -7.56
183 -5.21
184 -5.24
185 -7.68
186 -7.73
187 -5.09
188 -5.17
189 -7.57
190 -0.17
191 -7.61
192 -7.78
193 -7.60
194 -7.62
195 -7.65
196 -7.63
197 -7.73
198 -7.60
199 -7.66
200 -7.50
201 -5.10
202 -7.72
203 -5.10
204 -7.61
205 -7.55
206 -7.82
207 -5.07
208 -7.57
209 -7.78
210 -7.59
211 -5.13
212 -7.68
213 -7.69
214 -7.84
215 -7.80
216 -7.62
217 -7.75
218 -7.66
219 -5.06
220 -7.60
221 -7.64
222 -7.63
223 -5.29
224 -7.67
225 -7.53
226 -7.66
227 -7.69
228 -7.66
229 -7.67
230 -7.75
231 -7.70
232 -7.59
233 -7.53
234 -5.23
235 -7.73
236 -7.69
237 -7.57
238 -7.61
239 -7.54
240 -7.54
241 -7.58
242 -7.74
243 -2.77
244 -7.60
245 -5.26
246 -7.70
247 -7.72
248 -7.75
249 -7.65
250 -7.80
251 -7.77
252 -7.80
253 -2.68
254 -7.48
255 -7.75
256 -7.67
257 -7.73
258 -7.78
259 -7.69
260 -7.75
261 -7.51
262 -7.59
263 -7.63
264 -7.70
265 -2.49
266 -7.76
267 -7.60
268 -5.24
269 -7.57
270 -7.60
271 -5.03
272 -8.66
273 -7.62
274 -7.75
275 -7.65
276 -5.23
277 -5.19
278 -0.19
279 -5.23
280 -7.80
281 -7.67
282 -7.89
283 -7.68
284 -7.56
285 -7.45
286 -7.45
287 -2.63
288 -5.10
289 -7.63
290 -7.79
291 -7.65
292 -7.62
293 -7.61
294 -2.98
295 -7.76
296 -7.55
297 -7.79
298 -7.64
299 -7.92
300 -7.58
301 -5.29
302 -7.68
303 -7.58
304 -7.78
305 -7.65
306 -7.62
307 -7.58
308 -7.68
309 -7.73
310 -7.60
311 -7.64
312 -7.80
313 -7.76
314 -7.65
315 -7.63
316 -5.20
317 -7.72
318 -7.74
319 -7.83
320 -7.74
321 -7.69
322 -7.64
323 -7.70
324 -7.70
325 -7.69
326 -7.80
327 -7.68
328 -7.63
329 -7.73
330 -7.64
331 -7.66
332 -7.84
333 -5.03
334 -5.24
335 -5.07
336 -7.61
337 -7.72
338 -2.78
339 -5.21
340 -6.15
341 -7.69
342 -7.75
343 -5.11
344 -7.72
345 -7.74
346 -5.17
347 -7.46
348 -7.71
349 -5.47
350 -5.12
351 -7.58
352 -7.60
353 -7.59
354 -7.65
355 -5.08
356 -7.79
357 -7.47
358 -7.54
359 -7.59
360 -7.63
361 -7.75
362 -7.70
363 -7.69
364 -7.65
365 -7.61
366 -7.86
367 -7.54
368 -7.59
369 -7.75
370 -7.65
371 -7.72
372 -7.57
373 -5.12
374 -7.64
375 -7.66
376 -7.77
377 -7.76
378 -5.17
379 -7.59
380 -7.61
381 -7.72
382 -5.03
383 -7.61
384 -7.47
385 -7.76
386 -7.72
387 -7.83
388 -7.73
389 -7.82
390 -7.77
391 -7.65
392 -5.15
393 -5.19
394 -7.62
395 -7.57
396 -7.58
397 -7.76
398 -7.66
399 -7.69
400 -5.15
401 -8.38
402 -7.66
403 -7.75
404 -7.61
405 -5.17
406 -7.81
407 -5.14
408 -2.56
409 -7.70
410 -8.01
411 -7.66
412 -7.60
413 -5.14
414 -7.72
415 -7.79
416 -7.70
417 -7.64
418 -7.71
419 -7.47
420 -7.60
421 -7.58
422 -7.52
423 -5.16
424 -7.85
425 -2.63
426 -5.93
427 -7.78
428 -7.70
429 -7.80
430 -7.62
431 -7.58
432 -5.11
433 -5.05
434 -7.74
435 -5.03
436 -5.13
437 -7.71
438 -7.71
439 -5.18
440 -7.59
441 -7.61
442 -7.69
443 -7.51
444 -7.49
445 -8.73
446 -5.11
447 -7.66
448 -5.17
449 -5.07
450 -2.61
451 -7.67
452 -7.65
453 -5.17
454 -2.81
455 -7.49
456 -7.62
457 -7.51
458 -7.75
459 -5.13
460 -7.55
461 -7.73
462 -7.63
463 -7.74
464 -7.63
465 -7.64
466 -4.99
467 -7.67
468 -2.70
469 -7.75
470 -2.39
471 -7.71
472 -7.68
473 -7.78
474 -7.65
475 -7.60
476 -5.20
477 -2.60
478 -7.59
479 -7.71
480 -7.66
481 -7.48
482 -7.66
483 -5.18
484 -5.20
485 -7.67
486 -7.60
487 -7.49
488 -7.85
489 -7.73
490 -7.61
491 -7.77
492 -7.67
493 -5.12
494 -7.64
495 -7.58
496 -7.73
497 -8.92
498 -7.56
499 -5.18
500 -5.10
501 -7.72
502 -7.59
503 -5.07
504 -7.56
505 -7.57
506 -7.69
507 -5.28
508 -5.13
509 -7.74
510 -7.58
511 -5.19
512 -7.67
513 -7.77
514 -5.49
515 -7.67
516 -7.67
517 -7.78
518 -7.63
519 -7.84
520 -7.59
521 -5.00
522 0.01
523 -5.25
524 -7.71
525 -7.65
526 -4.96
527 -7.52
528 -5.15
529 -5.06
530 -7.76
531 -7.64
532 -7.74
533 -7.82
534 -7.72
535 -7.68
536 -7.73
537 -7.72
538 -5.07
539 -7.65
540 -7.71
541 -8.54
542 -7.65
543 -7.73
544 -2.56
545 -7.63
546 -7.79
547 -7.72
548 -7.61
549 -7.64
550 -7.84
551 -7.69
552 -7.75
553 -7.79
554 -7.81
555 -7.66
556 -7.76
557 -7.73
558 -7.68
559 -7.75
560 -2.69
561 -7.65
562 -7.79
563 -5.50
564 -5.03
565 -7.76
566 -7.42
567 -7.52
568 -5.20
569 -7.61
570 -7.60
571 -5.15
572 -7.63
573 -7.68
574 -2.81
575 -5.18
576 -5.50
577 -7.81
578 -7.67
579 -5.06
580 -5.20
581 -1.01
582 -5.27
583 -7.50
584 -5.11
585 -2.55
586 -7.73
587 -7.71
588 -7.61
589 -7.53
590 -7.85
591 -5.23
592 -7.85
593 -7.76
594 -7.63
595 -7.84
596 -7.83
597 -5.20
598 -7.77
599 -7.69
600 -7.62
601 -7.70
602 -7.71
603 -5.28
604 -7.67
605 -7.71
606 -7.74
607 -7.64
608 -5.08
609 -7.66
610 -7.71
611 -7.64
612 -7.56
613 -5.16
614 -5.25
615 -7.66
616 -5.18
617 -7.65
618 -7.75
619 -2.62
620 -7.76
621 -7.59
622 -7.76
623 -7.90
624 -5.18
625 -7.63
626 -7.68
627 -7.58
628 -8.95
629 -7.66
630 -7.76
631 -7.69
632 -7.64
633 -5.07
634 -7.67
635 -7.60
636 -5.24
637 -7.61
638 -7.58
639 -5.11
640 -7.70
641 -5.22
642 -7.76
643 -7.75
644 -2.83
645 -7.77
646 -7.63
647 -7.61
648 -7.74
649 -5.23
650 -7.76
651 -7.78
652 -7.67
653 -7.82
654 -4.95
655 -2.85
656 -7.73
657 -7.61
658 -7.71
659 -5.10
660 -7.53
661 -7.70
662 -7.76
663 -7.62
664 -5.10
665 -7.67
666 -7.83
667 -7.67
668 4.79
669 -7.70
670 -7.94
671 -7.70
672 -7.61
673 -7.79
674 -7.77
675 -7.72
676 -7.68
677 -5.09
678 -2.67
679 -7.77
680 -4.95
681 -7.66
682 -7.74
683 -5.19
684 -7.76
685 -7.75
686 -7.57
687 -7.71
688 -7.58
689 -7.57
690 -7.64
691 -5.46
692 -7.72
693 -7.59
694 -7.55
695 -5.18
696 -7.78
697 -7.58
698 -5.48
699 -7.73
700 -7.81
701 -5.11
702 -7.74
703 -5.20
704 -7.86
705 -7.69
706 -7.67
707 -7.70
708 -7.91
709 -7.67
710 -7.77
711 -7.71
712 -7.68
713 -5.22
714 -7.63
715 -5.05
716 -5.18
717 -7.52
718 -7.65
719 -7.69
720 -7.59
721 -7.63
722 -4.98
723 -7.67
724 -7.62
725 -7.77
726 -7.78
727 -7.61
728 -5.10
729 -7.77
730 -7.62
731 -5.13
732 -4.98
733 -7.73
734 -7.56
735 -7.62
736 -7.82
737 -7.71
738 -5.08
739 -7.60
740 -7.64
741 -7.68
742 -2.58
743 -7.61
744 -5.16
745 -5.08
746 -7.65
747 -7.57
748 -7.62
749 -7.86
750 -7.89
751 -7.74
752 -7.65
753 -2.57
754 -7.70
755 -7.68
756 -5.13
757 -7.49
758 -7.63
759 -2.67
760 -5.14
761 -7.82
762 -5.15
763 -5.15
764 -7.68
765 -7.64
766 -5.22
767 -4.98
768 -7.63
769 -7.75
770 -7.72
771 -5.70
772 -7.64
773 -7.60
774 -7.55
775 -5.31
776 -7.81
777 -5.24
778 -7.55
779 -7.61
780 -7.61
781 -5.60
782 -7.59
783 -7.71
784 -5.19
785 -2.69
786 -5.12
787 -7.67
788 -7.63
789 -2.88
790 -7.75
791 -5.06
792 -2.65
793 -5.03
794 -7.60
795 -7.57
796 -7.63
797 -7.79
798 -7.71
799 -7.58
800 -5.22
801 -7.55
802 -7.64
803 -7.76
804 -7.68
805 -7.58
806 -7.76
807 -7.54
808 -7.60
809 -7.81
810 -7.71
811 -7.68
812 -5.19
813 -7.62
814 -7.71
815 -7.71
816 -7.80
817 -7.68
818 -7.77
819 -5.28
820 -7.63
821 -7.55
822 -7.50
823 -7.63
824 -2.90
825 -7.64
826 -7.82
827 -7.72
828 -7.74
829 -7.79
830 -7.71
831 -7.66
832 -5.03
833 -7.58
834 -5.08
835 -7.77
836 -5.14
837 -7.57
838 -2.66
839 -7.71
840 -5.98
841 -7.59
842 -7.69
843 -5.21
844 -7.75
845 -7.59
846 -7.61
847 -7.81
848 -7.76
849 -7.81
850 -5.21
851 -7.81
852 -7.68
853 -5.26
854 -5.11
855 -7.79
856 -5.06
857 -7.59
858 -5.18
859 -7.72
860 -5.14
861 -7.51
862 -7.61
863 -7.73
864 -7.74
865 -7.57
866 -7.58
867 -2.72
868 -2.54
869 -7.71
870 -7.67
871 -7.60
872 -0.23
873 -2.74
874 -2.62
875 -7.91
876 -7.83
877 -7.78
878 -8.51
879 -7.64
880 -7.66
881 -7.58
882 -7.62
883 -7.74
884 -7.70
885 -5.20
886 -7.63
887 -7.66
888 -7.73
889 -7.70
890 -5.12
891 -7.80
892 -7.64
893 -7.77
894 -5.28
895 -5.14
896 -7.67
897 -7.52
898 -7.67
899 -7.65
900 -5.24
901 -5.29
902 -7.58
903 -7.65
904 -5.51
905 -7.72
906 -7.64
907 -7.69
908 -7.72
909 -7.68
910 -7.69
911 -7.59
912 -7.63
913 -7.44
914 -7.70
915 -7.62
916 -5.33
917 -5.08
918 -7.63
919 -5.17
920 -7.67
921 -7.67
922 -7.72
923 -7.61
924 -7.60
925 -8.08
926 -7.56
927 -7.61
928 -7.62
929 -7.65
930 -5.14
931 -7.62
932 -7.65
933 -7.62
934 -7.62
935 -2.69
936 -7.67
937 -7.62
938 -7.77
939 -7.60
940 -5.19
941 -7.71
942 -5.11
943 -7.68
944 -7.70
945 -7.47
946 -7.42
947 -7.65
948 -8.53
949 -7.64
950 -7.72
951 -7.75
952 -7.65
953 -7.62
954 -5.22
955 -7.58
956 -5.25
957 -7.62
958 -5.18
959 -7.72
960 -7.64
961 -5.41
962 -5.20
963 -7.71
964 -7.75
965 -7.62
966 -7.59
967 -7.72
968 -2.52
969 -7.71
970 -7.54
971 -5.12
972 -5.12
973 -7.65
974 -7.66
975 -7.89
976 -7.77
977 -7.65
978 -2.71
979 -5.13
980 -7.71
981 -7.74
982 -7.74
983 -7.60
984 -5.34
985 -7.61
986 -7.71
987 -7.79
988 -5.09
989 -2.77
990 -7.79
991 -7.76
992 -5.22
993 -7.70
994 -5.71
995 -0.23
996 -5.82
997 -7.65
998 -7.75
999 -5.18
3803.801689386368
