0 -7.66
1 -5.13
2 -4.98
3 -8.28
4 -7.56
5 -7.75
6 -7.56
7 -7.57
8 -7.65
9 -7.60
10 -7.70
11 -7.61
12 -7.55
13 -7.71
14 -7.72
15 -7.57
16 -7.54
17 -7.56
18 -7.68
19 -7.74
20 -5.14
21 -7.60
22 -7.68
23 -7.61
24 -7.73
25 -7.74
26 -7.58
27 -7.68
28 -7.74
29 -7.79
30 -7.70
31 -7.72
32 -7.81
33 -7.54
34 -7.65
35 -7.58
36 -7.77
37 -7.77
38 -5.22
39 -7.61
40 -7.82
41 -7.82
42 -5.41
43 -7.68
44 -2.70
45 -7.71
46 -7.72
47 -7.56
48 -7.60
49 -7.74
50 -7.62
51 -7.55
52 -7.67
53 -2.87
54 -7.58
55 -7.67
56 -7.91
57 -7.70
58 -7.60
59 -7.73
60 -7.74
61 -7.74
62 -7.64
63 -5.17
64 -7.49
65 -5.12
66 -7.71
67 -7.65
68 -7.62
69 -7.66
70 -7.64
71 -7.62
72 -5.07
73 -7.64
74 -7.62
75 -8.34
76 -7.71
77 -7.83
78 -5.10
79 -7.75
80 -7.62
81 -7.67
82 -7.81
83 -7.67
84 -7.68
85 -7.65
86 -7.55
87 -7.77
88 -7.71
89 -7.59
90 -8.13
91 -7.68
92 -7.65
93 -7.68
94 -7.75
95 -7.68
96 -7.65
97 -7.68
98 -7.81
99 -7.73
100 -7.60
101 -7.72
102 -7.50
103 -7.73
104 -7.57
105 -7.45
106 -7.73
107 -5.12
108 -7.75
109 -7.54
110 -7.62
111 -7.54
112 -7.63
113 -7.72
114 -7.70
115 -7.70
116 -0.08
117 -7.67
118 -7.64
119 -7.65
120 -7.65
121 -7.60
122 -7.81
123 -7.63
124 -7.56
125 -7.70
126 -7.71
127 -7.77
128 -7.75
129 -7.71
130 -7.70
131 -7.72
132 -7.72
133 -7.66
134 -6.19
135 -7.63
136 -7.68
137 -7.72
138 -7.76
139 -7.59
140 -7.74
141 -5.08
142 -7.61
143 -7.70
144 -7.70
145 -7.71
146 -7.61
147 -5.17
148 -7.74
149 -7.64
150 -7.83
151 -7.81
152 -7.57
153 -7.70
154 -7.63
155 -7.76
156 -7.71
157 -8.57
158 -7.66
159 -7.76
160 -7.58
161 -7.64
162 -7.71
163 -7.57
164 -7.83
165 -7.64
166 -5.15
167 -7.76
168 -7.57
169 -7.71
170 -7.66
171 -7.48
172 -5.20
173 -7.57
174 -7.59
175 -5.26
176 -6.34
177 -5.17
178 -5.26
179 -7.60
180 -7.60
181 -7.49
182 -7.68
183 -7.60
184 -7.70
185 -7.61
186 -7.56
187 -2.73
188 -7.70
189 -8.70
190 -7.77
191 -7.66
192 -7.70
193 -7.67
194 -7.58
195 -7.84
196 -7.63
197 -7.59
198 -7.67
199 -7.60
200 -7.69
201 -7.67
202 -7.74
203 -7.67
204 -5.03
205 -7.63
206 -7.71
207 -7.77
208 -7.58
209 -7.73
210 -7.63
211 -2.65
212 -7.69
213 -7.59
214 -7.76
215 -7.55
216 -7.81
217 -7.75
218 -7.61
219 -7.81
220 -7.67
221 -7.76
222 -7.84
223 -7.67
224 -7.77
225 -5.20
226 -7.73
227 -7.64
228 -7.59
229 -7.77
230 -5.13
231 -7.71
232 -2.67
233 -5.03
234 -7.77
235 -7.74
236 -5.21
237 -7.89
238 -7.71
239 -7.69
240 -7.70
241 -7.71
242 -5.34
243 -7.58
244 -7.56
245 -7.60
246 -7.77
247 -7.79
248 -7.51
249 -7.66
250 -7.67
251 -7.65
252 -2.58
253 -7.75
254 -7.73
255 -7.74
256 -7.70
257 -7.68
258 -7.70
259 -7.67
260 -7.70
261 -7.63
262 -7.60
263 -7.74
264 -2.64
265 -7.64
266 -8.13
267 -7.57
268 -7.67
269 -7.80
270 -7.64
271 -7.68
272 -7.90
273 -7.66
274 -7.73
275 -7.67
276 -7.66
277 -7.63
278 -7.73
279 -7.65
280 -7.58
281 -7.62
282 -7.67
283 -7.62
284 -7.64
285 -5.17
286 -7.55
287 -5.32
288 -7.69
289 -7.59
290 -5.18
291 -7.84
292 -7.78
293 -7.76
294 -7.67
295 -5.22
296 -5.17
297 -7.59
298 -7.58
299 -7.63
300 -2.79
301 -4.99
302 -7.65
303 -5.20
304 -7.55
305 -7.64
306 -5.41
307 -7.55
308 -7.70
309 -7.59
310 -7.77
311 -7.72
312 -7.64
313 -7.65
314 -7.58
315 -7.80
316 -7.60
317 -7.91
318 -7.56
319 -7.55
320 -7.84
321 -7.61
322 -7.64
323 -7.83
324 -2.62
325 -7.67
326 -2.61
327 -7.80
328 -5.33
329 -5.31
330 -7.52
331 -7.74
332 -7.64
333 -5.10
334 -5.84
335 -7.78
336 -7.78
337 -7.81
338 -7.79
339 -7.65
340 -7.67
341 -7.74
342 -7.58
343 -7.65
344 -7.64
345 -7.66
346 -7.48
347 -7.54
348 -7.58
349 -5.16
350 -7.75
351 -5.07
352 -7.60
353 -5.08
354 -5.29
355 -7.46
356 -7.51
357 -7.64
358 -7.60
359 -7.76
360 -7.64
361 -7.79
362 -5.72
363 -5.46
364 -7.59
365 -6.28
366 -7.74
367 -2.68
368 -7.54
369 -5.05
370 -7.98
371 -7.79
372 -7.78
373 -7.61
374 -7.62
375 -7.71
376 -7.67
377 -7.71
378 -7.67
379 -7.55
380 -7.93
381 -5.16
382 -7.62
383 -7.55
384 -7.67
385 -7.57
386 -7.55
387 -7.66
388 -7.75
389 -7.68
390 -7.67
391 -7.67
392 -7.60
393 -7.82
394 -7.71
395 -7.66
396 -7.68
397 -7.80
398 -7.61
399 -7.76
400 -7.73
401 -8.79
402 -7.71
403 -7.67
404 -7.60
405 -7.59
406 -7.69
407 -7.78
408 -7.58
409 -7.74
410 -7.72
411 -7.70
412 -7.62
413 -7.62
414 -7.73
415 -7.48
416 -7.70
417 -7.72
418 -7.63
419 -7.68
420 -5.26
421 -5.37
422 -7.54
423 -7.66
424 -7.58
425 -7.65
426 -7.62
427 -7.51
428 -7.65
429 -7.56
430 -7.66
431 -7.76
432 -7.61
433 -5.22
434 -7.87
435 -7.64
436 -7.70
437 -7.65
438 -7.74
439 -7.69
440 -7.77
441 -7.66
442 -7.68
443 -7.68
444 -7.62
445 -7.60
446 -7.70
447 -7.76
448 -7.63
449 -7.61
450 -8.67
451 -7.65
452 -7.67
453 -7.81
454 -7.68
455 -7.76
456 -7.66
457 -7.55
458 -5.19
459 -7.63
460 -7.66
461 -7.71
462 -5.02
463 -7.71
464 -7.81
465 -7.71
466 -5.18
467 -7.68
468 -7.60
469 -7.67
470 -5.12
471 -7.59
472 -7.76
473 -7.72
474 -7.61
475 -4.99
476 -5.12
477 -5.55
478 -7.58
479 -7.65
480 -7.76
481 -7.74
482 -7.64
483 -7.45
484 -7.78
485 -7.76
486 -7.75
487 -7.77
488 -7.63
489 -7.71
490 -7.61
491 -7.75
492 -7.65
493 -7.48
494 -2.68
495 -5.14
496 -7.58
497 -7.56
498 -7.72
499 -5.07
500 -5.20
501 -7.71
502 -7.87
503 -5.34
504 -7.63
505 -7.73
506 -7.72
507 -7.64
508 -7.52
509 -7.77
510 -7.64
511 -5.27
512 -7.66
513 -7.74
514 -5.13
515 -7.53
516 -5.10
517 -7.61
518 -7.65
519 -7.54
520 -7.68
521 -5.43
522 -7.52
523 -7.57
524 -7.84
525 -7.71
526 -7.59
527 -7.81
528 -7.86
529 -7.57
530 -7.71
531 -7.62
532 -7.52
533 -7.58
534 -7.74
535 -7.59
536 -7.71
537 -7.58
538 -3.79
539 -5.26
540 -2.58
541 -7.64
542 -5.13
543 -7.79
544 -7.57
545 -7.63
546 -5.11
547 -7.68
548 -7.67
549 -7.69
550 -7.47
551 -5.60
552 -7.61
553 -7.71
554 -2.80
555 -7.69
556 -7.59
557 -7.66
558 -7.64
559 -8.66
560 -7.82
561 -7.73
562 -7.70
563 -7.72
564 -7.77
565 -7.74
566 -7.88
567 -7.74
568 -7.74
569 -7.66
570 -8.16
571 -7.75
572 -7.62
573 -7.80
574 -8.66
575 -7.72
576 -7.82
577 -7.48
578 -7.65
579 -7.53
580 -8.74
581 -7.52
582 -5.08
583 -7.54
584 -7.67
585 -7.73
586 -7.65
587 -7.82
588 -7.58
589 -7.74
590 -8.73
591 -7.62
592 -7.68
593 -7.73
594 -7.75
595 -5.04
596 -5.21
597 -7.73
598 -7.70
599 -7.60
600 -5.39
601 -5.24
602 -7.79
603 -7.66
604 -7.60
605 -7.80
606 -7.62
607 -7.57
608 -7.71
609 -7.74
610 -7.70
611 -7.71
612 -7.49
613 -7.70
614 -8.72
615 -7.74
616 -7.62
617 -7.59
618 -7.66
619 -7.73
620 -7.64
621 -5.04
622 -7.82
623 -7.70
624 -7.61
625 -7.64
626 -5.18
627 -7.70
628 -7.49
629 -4.98
630 -7.68
631 -7.58
632 -7.53
633 -7.70
634 -7.75
635 -7.65
636 -5.10
637 -7.63
638 -7.54
639 -7.64
640 -7.74
641 -7.75
642 -7.50
643 -7.80
644 -7.72
645 -7.55
646 -7.80
647 -7.55
648 -7.74
649 -7.65
650 -7.70
651 -7.58
652 -7.63
653 -7.63
654 -7.63
655 -7.68
656 -7.71
657 -7.61
658 -7.79
659 -7.59
660 -7.61
661 -5.16
662 -7.78
663 -7.60
664 -5.17
665 -7.73
666 -2.72
667 -7.75
668 -7.64
669 -7.85
670 -7.69
671 -5.19
672 -7.67
673 -7.75
674 -7.56
675 -7.59
676 -7.75
677 -7.74
678 -5.30
679 -7.73
680 -7.66
681 -7.60
682 -5.06
683 -7.64
684 -7.71
685 -7.65
686 -7.67
687 -5.07
688 -8.47
689 -7.59
690 -7.64
691 -7.74
692 -7.83
693 -5.18
694 -7.80
695 -7.78
696 -7.65
697 -7.64
698 -7.62
699 -7.63
700 -7.57
701 -7.76
702 -7.59
703 -8.29
704 -5.20
705 -7.57
706 -7.63
707 -7.62
708 -7.74
709 -7.56
710 -7.69
711 -7.69
712 -7.62
713 -7.46
714 -7.82
715 -7.61
716 -7.78
717 -7.72
718 -7.68
719 -7.57
720 -7.78
721 -7.67
722 -7.58
723 -7.71
724 -7.50
725 -5.02
726 -7.59
727 -5.04
728 -7.76
729 -8.66
730 -7.77
731 -7.76
732 -7.65
733 -7.69
734 -7.69
735 -7.67
736 -7.70
737 -3.43
738 -5.21
739 -7.69
740 -7.58
741 -7.67
742 -5.30
743 -7.61
744 -7.78
745 -7.76
746 -7.63
747 -5.27
748 -7.60
749 -7.74
750 -5.17
751 -7.63
752 -7.60
753 -7.78
754 -7.76
755 -7.73
756 -7.64
757 -7.74
758 -7.82
759 -6.30
760 -4.94
761 -7.74
762 -0.16
763 -7.63
764 -7.50
765 -8.72
766 -2.77
767 -7.73
768 -7.58
769 -7.70
770 -7.59
771 -7.68
772 -7.67
773 -7.53
774 -7.60
775 -5.15
776 -5.04
777 -7.70
778 -7.65
779 -7.67
780 -7.51
781 -7.70
782 -7.86
783 -7.63
784 -7.61
785 -7.70
786 -7.78
787 -7.71
788 -6.28
789 -7.67
790 -7.60
791 -7.68
792 -7.78
793 -7.66
794 -7.52
795 -7.73
796 -5.17
797 -8.40
798 -5.25
799 -2.72
800 -5.03
801 -7.69
802 -2.57
803 -5.18
804 -5.17
805 -7.71
806 -7.64
807 -2.65
808 -7.67
809 -7.66
810 -5.19
811 -5.19
812 -7.58
813 -7.69
814 -2.12
815 -7.65
816 -5.33
817 -5.11
818 -7.59
819 -7.72
820 -5.12
821 -7.47
822 -7.71
823 -7.69
824 -7.66
825 -7.87
826 -7.66
827 -7.68
828 -7.62
829 -7.66
830 -5.22
831 -7.41
832 -5.35
833 -7.77
834 -7.81
835 -7.56
836 -7.78
837 -7.69
838 -7.62
839 -7.75
840 -7.66
841 -7.70
842 -7.77
843 -7.69
844 -7.51
845 -7.73
846 -7.54
847 -7.75
848 -7.64
849 -7.63
850 -7.69
851 -7.70
852 -7.69
853 -7.80
854 -7.69
855 -7.73
856 -7.80
857 -7.87
858 -7.77
859 -7.61
860 -7.77
861 -7.68
862 -5.30
863 -7.60
864 -7.55
865 -8.68
866 -7.61
867 -7.67
868 -7.60
869 -8.75
870 -7.50
871 -7.54
872 -7.61
873 -7.83
874 -7.56
875 -7.57
876 -7.49
877 -7.66
878 -7.58
879 -7.66
880 -5.14
881 -7.62
882 -7.58
883 -7.62
884 -7.84
885 -8.00
886 -7.62
887 -7.84
888 -7.76
889 -7.73
890 -7.71
891 -7.65
892 -7.61
893 -8.73
894 -7.51
895 -7.66
896 -7.60
897 -7.65
898 -7.74
899 -5.11
900 -7.81
901 -7.56
902 -7.59
903 -7.59
904 -7.75
905 -7.81
906 -7.64
907 -7.82
908 -7.79
909 -7.67
910 -7.69
911 -7.74
912 -7.74
913 -7.59
914 -7.63
915 -7.72
916 -7.56
917 -5.19
918 -7.78
919 -7.62
920 -7.75
921 -7.66
922 -7.69
923 -7.72
924 -5.09
925 -7.69
926 -7.79
927 -7.70
928 -7.77
929 -7.79
930 -7.55
931 -7.76
932 -7.67
933 -7.79
934 -5.20
935 -7.65
936 -7.75
937 -7.66
938 -5.23
939 -7.49
940 -7.72
941 -7.61
942 -7.53
943 -7.63
944 -7.62
945 -7.64
946 -7.61
947 -5.21
948 -7.97
949 -7.71
950 -7.83
951 -5.28
952 -7.47
953 -7.69
954 -7.83
955 -7.64
956 -7.76
957 -7.78
958 -5.17
959 -6.15
960 -7.71
961 -7.62
962 -7.77
963 -7.58
964 -7.70
965 -7.64
966 -7.73
967 -7.57
968 -7.65
969 -7.72
970 -7.61
971 -7.83
972 -7.69
973 -7.52
974 -3.25
975 -7.65
976 -7.65
977 -7.70
978 -5.27
979 -7.61
980 -7.70
981 -5.16
982 -7.83
983 -7.56
984 -7.65
985 -7.61
986 -5.08
987 -7.60
988 -7.67
989 -7.77
990 -7.67
991 -7.65
992 -7.70
993 -8.68
994 -8.14
995 -5.11
996 -7.77
997 -7.74
998 -7.66
999 -5.17
3805.9999001026154
