0 2.8800000000001305
1 7.28000000000001
2 2.520000000000052
3 56.374999999999424
4 8.08500000000007
5 2.9300000000001507
6 11.74499999999987
7 6.765000000000061
8 2.28500000000009
9 17.354999999999716
10 13.119999999999647
11 -2.204999999999914
12 17.889999999999905
13 13.769999999999506
14 2.280000000000096
15 -3.2749999999998947
16 7.310000000000087
17 34.119999999999926
18 31.76500000000012
19 2.1650000000000955
20 -2.719999999999905
21 6.915000000000025
22 40.22499999999934
23 6.774999999999766
24 7.7699999999997535
25 7.849999999999754
26 12.794999999999698
27 -2.139999999999918
28 21.374999999999883
29 -2.044999999999919
30 -2.0949999999999154
31 7.9149999999996625
32 3.0550000000001214
33 27.9999999999998
34 8.149999999999615
35 27.135000000000012
36 12.389999999999706
37 25.27999999999996
38 18.194999999999947
39 7.964999999999605
40 33.194999999999965
41 16.319999999999684
42 22.974999999999664
43 18.110000000000024
44 13.035000000000068
45 7.375000000000071
46 6.999999999999973
47 7.919999999999633
48 7.9400000000000475
49 8.0000000000001
50 -2.1849999999999152
51 26.35999999999994
52 8.024999999999874
53 13.194999999999625
54 21.849999999999937
55 21.234999999999822
56 33.02499999999995
57 8.014999999999997
58 27.165000000000095
59 16.79999999999976
60 37.164999999999665
61 26.029999999999934
62 12.909999999999858
63 20.629999999999658
64 7.864999999999917
65 7.39999999999977
66 10.91000000000005
67 22.409999999999844
68 16.059999999999576
69 11.769999999999854
70 17.16999999999995
71 13.120000000000037
72 0.5850000000001803
73 29.83499999999984
74 12.704999999999657
75 17.414999999999704
76 6.7300000000000555
77 12.604999999999807
78 48.16499999999961
79 13.09499999999993
80 2.5950000000000992
81 11.780000000000088
82 10.854999999999439
83 8.034999999999595
84 7.864999999999997
85 2.990000000000081
86 15.730000000000137
87 2.890000000000086
88 22.184999999999704
89 27.46999999999994
90 23.039999999999697
91 32.74999999999994
92 28.094999999999953
93 2.9350000000000502
94 9.864999999999556
95 12.85999999999977
96 20.6599999999998
97 27.66999999999966
98 3.150000000000132
99 22.419999999999952
100 16.474999999999596
101 -1.8399999999999186
102 22.42499999999966
103 27.62499999999991
104 26.510000000000037
105 6.969999999999902
106 12.194999999999535
107 9.414999999999962
108 42.48499999999965
109 3.0200000000000067
110 32.47999999999965
111 35.809999999999675
112 11.969999999999816
113 13.039999999999855
114 25.914999999999843
115 37.86499999999912
116 17.559999999999853
117 21.62000000000009
118 7.624999999999613
119 35.844999999999715
120 11.934999999999606
121 22.174999999999656
122 32.834999999999894
123 12.70999999999976
124 33.02999999999953
125 15.22999999999984
126 22.699999999999722
127 16.979999999999954
128 22.71500000000012
129 21.814999999999944
130 17.15499999999996
131 12.404999999999744
132 17.584999999999624
133 -3.4399999999998925
134 2.6850000000000414
135 -1.8399999999999208
136 32.1749999999999
137 7.345000000000122
138 37.34999999999961
139 37.40999999999986
140 13.094999999999864
141 6.639999999999721
142 26.814999999999934
143 15.574999999999669
144 12.639999999999723
145 12.699999999999543
146 2.390000000000097
147 14.629999999999665
148 5.575000000000201
149 2.990000000000107
150 12.279999999999713
151 11.984999999999783
152 2.589999999999999
153 3.3400000000001375
154 -1.9349999999999197
155 -2.2449999999999086
156 12.274999999999707
157 12.564999999999689
158 10.314999999999507
159 15.994999999999905
160 7.964999999999907
161 41.530000000000065
162 47.744999999999834
163 32.06
164 8.064999999999733
165 27.57499999999993
166 22.654999999999657
167 32.639999999999674
168 31.854999999999755
169 17.299999999999766
170 16.340000000000042
171 10.754999999999454
172 37.47499999999954
173 40.71499999999951
174 24.945000000000135
175 7.234999999999597
176 22.71999999999995
177 11.769999999999525
178 12.249999999999629
179 22.469999999999857
180 12.694999999999729
181 17.13999999999964
182 11.994999999999854
183 26.2099999999999
184 13.07999999999976
185 17.98999999999984
186 3.225000000000093
187 17.86000000000006
188 7.234999999999578
189 2.6050000000000626
190 8.844999999999795
191 16.335000000000033
192 2.085000000000152
193 24.09000000000013
194 3.250000000000144
195 13.124999999999693
196 8.010000000000142
197 7.584999999999952
198 25.939999999999863
199 11.61999999999987
200 22.020000000000067
201 39.894999999999925
202 18.18999999999984
203 26.06999999999986
204 29.745000000000037
205 31.659999999999446
206 2.720000000000094
207 16.599999999999905
208 0.8749999999999882
209 17.589999999999872
210 25.96500000000004
211 18.275000000000002
212 22.33000000000001
213 3.1849999999999916
214 16.839999999999996
215 8.0899999999998
216 12.149999999999787
217 12.124999999999572
218 16.730000000000015
219 15.60999999999954
220 21.59999999999987
221 20.599999999999874
222 46.72499999999883
223 3.300000000000143
224 37.11999999999956
225 22.629999999999935
226 15.899999999999514
227 25.800000000000146
228 7.995000000000048
229 21.59000000000008
230 18.07000000000004
231 12.199999999999726
232 14.419999999999611
233 23.295000000000094
234 16.97999999999967
235 32.499999999999865
236 5.649999999999718
237 26.490000000000155
238 33.20999999999989
239 32.53999999999973
240 5.76500000000018
241 17.340000000000117
242 12.539999999999717
243 17.57
244 15.42499999999944
245 17.54999999999993
246 26.364999999999924
247 42.85499999999938
248 12.370000000000017
249 35.740000000000045
250 -2.3699999999999086
251 3.1200000000000907
252 17.46999999999983
253 18.179999999999804
254 22.19000000000002
255 17.93999999999971
256 33.0849999999999
257 2.660000000000137
258 13.244999999999685
259 8.28000000000008
260 16.909999999999677
261 13.039999999999623
262 18.174999999999944
263 26.705000000000112
264 39.48499999999922
265 16.04499999999959
266 22.37499999999983
267 17.665000000000074
268 7.714999999999816
269 27.72500000000008
270 32.20999999999984
271 12.529999999999715
272 36.77499999999964
273 3.2599999999999882
274 7.709999999999575
275 12.484999999999909
276 27.265000000000068
277 21.6699999999997
278 17.6949999999997
279 7.654999999999987
280 1.5250000000001631
281 -1.8799999999999182
282 23.379999999999832
283 13.249999999999854
284 15.059999999999938
285 27.89500000000009
286 22.27500000000002
287 17.17499999999986
288 33.389999999999596
289 16.29999999999991
290 7.805000000000105
291 49.85999999999935
292 21.989999999999633
293 26.955000000000084
294 12.679999999999715
295 13.12499999999991
296 26.30499999999995
297 26.335000000000026
298 29.93500000000017
299 16.68999999999972
300 32.2899999999994
301 21.39500000000003
302 -1.7549999999999195
303 20.48500000000019
304 13.069999999999784
305 12.329999999999744
306 18.349999999999785
307 52.75499999999952
308 17.240000000000002
309 -2.2149999999999115
310 12.734999999999632
311 -1.909999999999919
312 38.234999999999616
313 26.28499999999975
314 12.499999999999922
315 40.245000000000054
316 11.829999999999988
317 13.119999999999553
318 5.69000000000011
319 28.15500000000012
320 27.724999999999877
321 6.790000000000157
322 42.69999999999938
323 17.844999999999807
324 16.7649999999999
325 11.65999999999992
326 11.42999999999991
327 7.6499999999996495
328 7.049999999999881
329 22.18999999999983
330 9.74499999999981
331 24.755000000000326
332 23.165000000000102
333 32.95999999999918
334 44.834999999999944
335 28.235000000000134
336 27.03000000000001
337 6.075000000000137
338 23.109999999999893
339 17.06999999999992
340 22.1950000000001
341 1.7400000000000386
342 4.700000000000208
343 8.219999999999898
344 28.37500000000002
345 22.810000000000006
346 16.889999999999766
347 14.854999999999574
348 3.165000000000103
349 17.94500000000007
350 16.579999999999984
351 17.17999999999962
352 43.08499999999954
353 52.379999999999576
354 1.7650000000001345
355 27.409999999999915
356 6.625000000000141
357 23.32000000000002
358 15.29499999999965
359 20.3549999999999
360 15.560000000000112
361 12.164999999999624
362 13.094999999999708
363 46.91999999999938
364 20.724999999999664
365 22.089999999999886
366 35.819999999999396
367 17.36000000000006
368 7.629999999999945
369 7.515000000000099
370 2.3700000000001094
371 17.77999999999958
372 26.48499999999984
373 -1.879999999999919
374 57.90499999999884
375 36.234999999999346
376 8.209999999999924
377 21.954999999999917
378 32.2349999999995
379 11.619999999999516
380 21.684999999999793
381 7.469999999999956
382 2.7450000000001546
383 1.7750000000001716
384 16.789999999999765
385 26.895000000000252
386 45.09999999999942
387 25.615000000000173
388 19.66499999999934
389 11.964999999999778
390 8.29999999999995
391 15.574999999999505
392 22.01000000000003
393 11.939999999999706
394 21.164999999999765
395 7.314999999999676
396 10.844999999999855
397 4.88000000000011
398 12.124999999999815
399 15.829999999999691
400 31.52499999999954
401 12.754999999999967
402 11.709999999999706
403 18.429999999999996
404 11.305
405 17.815000000000055
406 26.35500000000018
407 12.204999999999488
408 28.149999999999913
409 30.28499999999998
410 17.429999999999833
411 27.70000000000008
412 27.560000000000148
413 18.340000000000067
414 31.4549999999999
415 22.899999999999892
416 12.049999999999805
417 21.254999999999978
418 22.014999999999958
419 32.779999999999745
420 31.529999999999628
421 31.51999999999985
422 39.05500000000001
423 32.590000000000046
424 2.1050000000001443
425 5.6050000000001825
426 6.885000000000132
427 16.63999999999997
428 3.350000000000079
429 17.219999999999974
430 36.53499999999997
431 23.27
432 12.469999999999777
433 7.8249999999995445
434 12.84499999999969
435 17.964999999999815
436 21.295000000000126
437 26.584999999999738
438 5.89000000000017
439 12.059999999999695
440 7.660000000000101
441 20.689999999999937
442 22.255000000000113
443 19.57499999999971
444 19.62999999999978
445 8.229999999999553
446 12.794999999999552
447 40.509999999999636
448 20.975000000000062
449 -1.8649999999999183
450 22.815000000000076
451 17.799999999999915
452 7.979999999999891
453 27.665000000000095
454 12.16999999999997
455 3.1250000000000844
456 7.754999999999974
457 2.7850000000001307
458 21.125000000000107
459 23.24999999999993
460 21.94499999999977
461 16.620000000000093
462 12.219999999999466
463 41.959999999999994
464 20.940000000000122
465 27.75000000000012
466 18.23499999999993
467 26.73500000000008
468 21.759999999999657
469 62.20499999999885
470 32.23999999999987
471 12.249999999999824
472 23.014999999999763
473 15.769999999999525
474 12.949999999999907
475 27.330000000000258
476 37.42499999999959
477 47.17499999999947
478 1.7250000000001002
479 7.484999999999627
480 28.76499999999994
481 27.980000000000008
482 32.134999999999366
483 11.459999999999718
484 -1.6399999999999175
485 5.835000000000034
486 43.31999999999996
487 1.1300000000001464
488 23.309999999999793
489 42.67999999999945
490 12.88499999999992
491 29.70499999999981
492 18.309999999999782
493 23.094999999999903
494 11.075000000000111
495 26.86000000000013
496 11.23499999999978
497 32.74999999999988
498 36.22499999999935
499 7.780000000000127
500 27.23000000000028
501 21.744999999999806
502 30.79000000000012
503 29.999999999999957
504 27.630000000000127
505 37.21499999999938
506 23.149999999999928
507 26.51499999999991
508 26.999999999999847
509 10.71999999999971
510 12.839999999999721
511 37.79999999999971
512 12.9549999999998
513 37.269999999999804
514 16.465000000000032
515 16.994999999999955
516 22.62000000000003
517 21.56500000000003
518 27.459999999999873
519 -3.5099999999998834
520 7.204999999999979
521 2.105000000000148
522 28.18499999999984
523 16.955000000000048
524 8.36999999999979
525 16.569999999999666
526 21.150000000000098
527 11.014999999999867
528 19.884999999999817
529 -1.7549999999999186
530 13.034999999999837
531 26.76000000000014
532 11.819999999999991
533 35.82499999999939
534 5.5749999999998625
535 31.530000000000083
536 7.134999999999961
537 27.089999999999776
538 32.4349999999999
539 16.269999999999655
540 18.934999999999626
541 17.814999999999856
542 11.359999999999982
543 21.99999999999992
544 16.78999999999967
545 7.690000000000065
546 16.429999999999527
547 12.799999999999708
548 16.744999999999944
549 28.175
550 21.914999999999985
551 46.41499999999924
552 5.7049999999999
553 31.384999999999728
554 7.690000000000156
555 27.779999999999923
556 21.279999999999664
557 27.03
558 32.40500000000002
559 2.6600000000001547
560 28.205000000000222
561 12.364999999999736
562 19.950000000000088
563 60.66499999999913
564 30.880000000000113
565 32.75999999999989
566 21.16499999999996
567 26.540000000000074
568 18.37500000000006
569 22.49999999999993
570 16.884999999999977
571 6.754999999999553
572 19.58000000000003
573 21.654999999999628
574 12.004999999999951
575 11.439999999999708
576 39.99999999999915
577 27.434999999999928
578 20.71999999999949
579 22.164999999999917
580 16.064999999999944
581 26.425000000000015
582 36.40999999999963
583 1.6950000000000327
584 45.27499999999967
585 -0.40499999999985736
586 12.924999999999898
587 12.854999999999722
588 12.379999999999775
589 27.910000000000064
590 17.16000000000001
591 32.479999999999606
592 36.10999999999974
593 34.689999999999834
594 38.33499999999977
595 11.029999999999681
596 16.650000000000073
597 17.76499999999973
598 33.87999999999985
599 15.684999999999825
600 37.189999999999685
601 2.5800000000000747
602 12.67499999999998
603 36.879999999999605
604 12.489999999999874
605 20.13000000000016
606 26.94999999999953
607 31.964999999999907
608 22.39499999999969
609 22.31000000000013
610 46.58499999999942
611 36.17999999999967
612 23.200000000000067
613 7.974999999999862
614 21.23500000000027
615 12.089999999999486
616 27.00500000000021
617 37.40500000000001
618 41.10999999999948
619 22.719999999999875
620 20.7699999999998
621 12.194999999999814
622 12.77499999999964
623 7.194999999999896
624 14.544999999999897
625 16.24999999999984
626 17.334999999999873
627 31.08000000000006
628 21.469999999999988
629 7.240000000000103
630 31.804999999999847
631 2.5450000000001465
632 37.40499999999996
633 16.695000000000103
634 9.634999999999605
635 41.91999999999966
636 12.149999999999785
637 36.820000000000185
638 7.265000000000157
639 19.689999999999483
640 21.41000000000009
641 17.909999999999854
642 22.775000000000084
643 8.34999999999985
644 11.164999999999694
645 12.394999999999804
646 18.359999999999616
647 31.87999999999978
648 23.155000000000204
649 1.645000000000105
650 7.6750000000000425
651 1.8550000000001121
652 37.14999999999874
653 22.3200000000002
654 7.394999999999639
655 41.35499999999964
656 12.009999999999806
657 17.914999999999857
658 22.27999999999997
659 7.360000000000053
660 23.154999999999873
661 26.4950000000002
662 22.830000000000005
663 6.975000000000139
664 -1.8199999999999197
665 22.744999999999994
666 37.75999999999992
667 7.770000000000088
668 8.105000000000114
669 16.98499999999983
670 38.01499999999973
671 21.20500000000014
672 42.104999999999414
673 23.515000000000057
674 38.09999999999961
675 17.295000000000055
676 3.069999999999964
677 27.100000000000186
678 18.34999999999982
679 27.959999999999933
680 17.78499999999994
681 15.599999999999586
682 22.935000000000155
683 30.97499999999985
684 56.36499999999949
685 25.979999999999727
686 15.694999999999865
687 13.029999999999607
688 6.564999999999634
689 12.275000000000015
690 22.369999999999802
691 17.959999999999653
692 27.57499999999992
693 2.945000000000146
694 37.81499999999956
695 12.295000000000137
696 30.020000000000262
697 12.874999999999622
698 26.720000000000148
699 20.679999999999666
700 6.844999999999892
701 12.374999999999494
702 7.070000000000157
703 22.474999999999618
704 42.84999999999953
705 11.854999999999684
706 12.969999999999631
707 11.90499999999972
708 26.92000000000006
709 9.469999999999736
710 26.415000000000145
711 27.494999999999948
712 26.890000000000075
713 16.29
714 27.33499999999994
715 12.824999999999564
716 11.22499999999975
717 -1.7199999999999165
718 35.15499999999958
719 42.0599999999995
720 45.01499999999994
721 27.27499999999975
722 21.454999999999917
723 12.264999999999882
724 37.74
725 10.459999999999546
726 21.834999999999965
727 56.7249999999996
728 21.764999999999837
729 32.11999999999965
730 22.974999999999902
731 33.424999999999734
732 31.53999999999944
733 22.820000000000096
734 8.784999999999654
735 26.68499999999995
736 7.714999999999863
737 22.129999999999686
738 16.839999999999815
739 13.87499999999943
740 2.4300000000001023
741 -2.2249999999999117
742 22.894999999999747
743 46.97499999999943
744 17.56000000000001
745 12.669999999999742
746 26.9249999999999
747 12.804999999999962
748 6.070000000000009
749 12.130000000000111
750 22.53499999999965
751 17.715000000000124
752 37.06499999999961
753 31.839999999999538
754 36.10999999999953
755 30.76500000000028
756 5.6550000000001415
757 11.314999999999495
758 7.769999999999919
759 27.66500000000002
760 20.53000000000032
761 42.135000000000055
762 7.249999999999919
763 12.649999999999885
764 47.07499999999973
765 0.980000000000124
766 36.11999999999976
767 12.129999999999578
768 21.689999999999866
769 3.44000000000014
770 37.72999999999928
771 20.570000000000018
772 19.92500000000014
773 31.26499999999989
774 21.420000000000044
775 37.10499999999975
776 17.17499999999979
777 31.405000000000058
778 2.390000000000162
779 39.84999999999951
780 37.444999999999574
781 31.78499999999991
782 22.014999999999667
783 7.599999999999914
784 13.229999999999734
785 22.064999999999955
786 20.509999999999597
787 7.454999999999455
788 25.719999999999867
789 37.20499999999974
790 16.300000000000107
791 7.234999999999884
792 27.104999999999855
793 18.175000000000285
794 39.979999999999414
795 21.159999999999734
796 5.4399999999995545
797 27.575000000000273
798 22.459999999999805
799 26.239999999999817
800 7.899999999999907
801 2.610000000000065
802 34.93999999999951
803 13.079999999999716
804 8.315000000000115
805 -2.299999999999905
806 18.11000000000002
807 5.930000000000135
808 4.800000000000135
809 32.449999999999726
810 27.749999999999687
811 33.299999999999805
812 11.809999999999796
813 11.924999999999384
814 28.049999999999734
815 12.90999999999949
816 22.870000000000005
817 1.790000000000165
818 7.5200000000001594
819 16.22999999999983
820 8.02999999999989
821 37.704999999999984
822 40.80999999999943
823 18.005000000000173
824 22.655000000000182
825 31.65500000000006
826 38.28999999999987
827 11.599999999999445
828 22.860000000000053
829 16.909999999999986
830 18.43000000000004
831 -1.744999999999915
832 10.559999999999429
833 3.4449999999999523
834 12.679999999999495
835 22.470000000000024
836 8.370000000000076
837 21.384999999999597
838 13.234999999999523
839 -3.6799999999998754
840 26.935000000000162
841 1.9700000000001303
842 27.0599999999999
843 17.019999999999893
844 17.419999999999725
845 22.725000000000097
846 26.079999999999796
847 2.2850000000001645
848 27.360000000000106
849 21.1950000000001
850 18.064999999999486
851 17.079999999999618
852 12.029999999999415
853 39.38499999999916
854 36.86499999999945
855 46.17499999999969
856 46.05999999999939
857 11.86500000000004
858 6.335000000000173
859 6.97500000000001
860 22.849999999999774
861 6.7449999999998465
862 47.599999999999405
863 22.28000000000021
864 2.3900000000001604
865 23.104999999999933
866 3.365000000000136
867 -1.724999999999915
868 30.834999999999784
869 22.969999999999807
870 28.23499999999989
871 32.77500000000003
872 26.855000000000317
873 26.295000000000144
874 15.98499999999987
875 18.15500000000006
876 15.539999999999752
877 1.9449999999999692
878 20.804999999999982
879 7.40999999999947
880 6.3400000000001455
881 23.36999999999992
882 23.04999999999996
883 23.249999999999936
884 36.074999999999534
885 16.494999999999898
886 2.750000000000149
887 24.130000000000237
888 17.074999999999868
889 17.674999999999923
890 9.639999999999215
891 22.785000000000394
892 31.86999999999982
893 18.005000000000067
894 7.1199999999999095
895 -2.2199999999999065
896 7.384999999999662
897 27.025000000000084
898 1.9300000000000441
899 16.149999999999835
900 11.369999999999683
901 18.279999999999838
902 23.199999999999804
903 2.8400000000001526
904 46.929999999999715
905 16.974999999999778
906 53.01999999999934
907 18.070000000000434
908 17.1649999999998
909 32.8749999999996
910 32.08499999999978
911 6.66999999999983
912 27.715000000000007
913 22.690000000000047
914 2.8450000000001525
915 22.159999999999933
916 16.300000000000363
917 28.090000000000376
918 7.209999999999671
919 36.83999999999979
920 40.594999999999914
921 2.4450000000000234
922 8.469999999999887
923 2.935000000000146
924 25.71000000000023
925 12.269999999999664
926 16.7750000000001
927 42.684999999999974
928 25.79500000000001
929 21.294999999999813
930 22.405000000000104
931 7.134999999999941
932 22.960000000000182
933 36.009999999999415
934 8.019999999999413
935 -2.2849999999999016
936 22.274999999999785
937 12.409999999999746
938 26.84500000000006
939 22.995000000000072
940 16.839999999999893
941 27.47500000000003
942 32.33999999999935
943 26.14499999999999
944 6.5199999999995875
945 17.93999999999992
946 3.2200000000000193
947 22.620000000000083
948 7.489999999999914
949 26.069999999999947
950 10.879999999999852
951 30.85999999999928
952 12.604999999999908
953 26.979999999999603
954 37.15499999999937
955 17.684999999999853
956 37.54499999999958
957 6.775000000000097
958 26.27499999999984
959 12.404999999999486
960 7.554999999999625
961 13.074999999999726
962 8.244999999999461
963 25.90500000000004
964 7.329999999999939
965 11.640000000000008
966 28.26000000000025
967 15.359999999999747
968 11.399999999999386
969 26.374999999999908
970 36.30999999999995
971 13.259999999999616
972 6.754999999999976
973 0.5500000000001273
974 32.104999999999386
975 30.624999999999844
976 30.66000000000002
977 27.59000000000006
978 16.31999999999955
979 17.669999999999515
980 12.034999999999407
981 3.429999999999932
982 32.41499999999988
983 6.580000000000161
984 27.584999999999955
985 1.6950000000000687
986 -2.2599999999999034
987 7.5550000000001
988 18.26500000000015
989 42.70499999999924
990 12.579999999999785
991 17.76499999999979
992 17.719999999999672
993 12.334999999999622
994 32.224999999999795
995 27.804999999999968
996 21.685000000000272
997 20.180000000000096
998 17.2249999999997
999 31.504999999999892
1000 17.915000000000035
1001 31.66499999999988
1002 13.249999999999535
1003 8.234999999999571
1004 27.285000000000327
1005 46.05999999999979
1006 26.995000000000292
1007 27.770000000000213
1008 12.744999999999479
1009 7.475000000000079
1010 53.10499999999883
1011 18.104999999999567
1012 16.12499999999954
1013 33.17999999999986
1014 7.414999999999881
1015 12.129999999999455
1016 6.205000000000129
1017 12.679999999999806
1018 13.03999999999973
1019 7.980000000000089
1020 7.734999999999909
1021 20.899999999999807
1022 7.984999999999819
1023 32.9999999999997
1024 16.40000000000006
1025 17.42500000000006
1026 18.045000000000083
1027 3.429999999999966
1028 12.54999999999949
1029 18.14499999999988
1030 17.050000000000146
1031 7.414999999999932
1032 12.649999999999924
1033 12.289999999999692
1034 11.944999999999489
1035 2.6650000000001226
1036 41.164999999999345
1037 11.794999999999643
1038 2.1100000000001105
1039 21.589999999999595
1040 16.924999999999958
1041 17.27500000000003
1042 18.279999999999937
1043 28.380000000000187
1044 31.250000000000146
1045 15.615000000000162
1046 3.2800000000000997
1047 16.67999999999982
1048 46.81499999999938
1049 12.814999999999502
1050 11.904999999999642
1051 12.359999999999813
1052 5.594999999999864
1053 7.955000000000024
1054 27.15999999999979
1055 13.059999999999638
1056 10.074999999999992
1057 31.245000000000353
1058 2.735000000000083
1059 27.699999999999918
1060 13.174999999999764
1061 31.72999999999978
1062 2.574999999999947
1063 6.5550000000000415
1064 33.35999999999979
1065 23.325000000000138
1066 7.179999999999667
1067 3.2150000000001446
1068 2.405000000000139
1069 7.484999999999808
1070 13.334999999999493
1071 13.25499999999982
1072 3.3950000000000875
1073 6.770000000000175
1074 21.679999999999986
1075 -1.6249999999999136
1076 6.210000000000122
1077 42.114999999999974
1078 -0.47000000000000264
1079 12.3149999999998
1080 7.924999999999913
1081 6.195000000000094
1082 -1.934999999999908
1083 -2.294999999999905
1084 30.770000000000245
1085 32.46000000000015
1086 -2.949999999999889
1087 22.26500000000006
1088 21.940000000000165
1089 18.674999999999724
1090 28.269999999999996
1091 31.459999999999447
1092 11.064999999999726
1093 26.440000000000055
1094 20.994999999999415
1095 18.495000000000367
1096 3.1600000000001423
1097 12.449999999999726
1098 11.46999999999977
1099 8.324999999999415
1100 10.429999999999733
1101 22.96999999999971
1102 24.780000000000275
1103 16.459999999999987
1104 14.919999999999522
1105 17.824999999999992
1106 -1.389999999999917
1107 13.334999999999868
1108 5.139999999999455
1109 13.009999999999975
1110 22.049999999999685
1111 12.73499999999982
1112 26.710000000000157
1113 6.199999999999623
1114 12.414999999999571
1115 -2.824999999999895
1116 1.9400000000001647
1117 1.595000000000123
1118 2.5349999999999726
1119 22.87500000000003
1120 18.48999999999995
1121 2.5800000000000027
1122 12.919999999999833
1123 16.835000000000225
1124 27.024999999999856
1125 -1.7199999999999147
1126 3.520000000000085
1127 26.95500000000034
1128 2.5700000000000154
1129 11.009999999999811
1130 12.57999999999988
1131 17.07999999999961
1132 -3.164999999999883
1133 -4.16999999999987
1134 37.37499999999976
1135 6.620000000000162
1136 11.299999999999851
1137 7.8949999999993405
1138 27.45999999999993
1139 21.840000000000042
1140 28.004999999999786
1141 6.765000000000053
1142 0.960000000000123
1143 3.4649999999999075
1144 6.774999999999425
1145 19.840000000000447
1146 21.570000000000224
1147 26.570000000000125
1148 18.150000000000123
1149 3.0149999999998904
1150 24.94999999999966
1151 7.764999999999546
1152 12.469999999999605
1153 2.1550000000001397
1154 8.514999999999516
1155 36.38000000000006
1156 8.699999999999484
1157 30.715000000000014
1158 11.329999999999716
1159 32.30499999999978
1160 25.239999999999746
1161 11.665000000000006
1162 47.599999999999746
1163 3.330000000000142
1164 12.319999999999604
1165 11.779999999999912
1166 28.440000000000232
1167 16.835000000000036
1168 31.595000000000102
1169 7.529999999999547
1170 32.30999999999969
1171 17.63000000000001
1172 7.849999999999889
1173 17.379999999999605
1174 35.82999999999979
1175 17.944999999999553
1176 7.509999999999837
1177 15.81500000000048
1178 3.7300000000000457
1179 3.62500000000008
1180 13.164999999999798
1181 13.584999999999573
1182 37.484999999999175
1183 27.355000000000352
1184 -1.5949999999999143
1185 3.2649999999999446
1186 12.634999999999565
1187 41.44999999999924
1188 22.5449999999999
1189 7.889999999999952
1190 18.38999999999957
1191 12.989999999999451
1192 17.870000000000143
1193 16.024999999999924
1194 21.385000000000097
1195 20.305000000000156
1196 26.865000000000123
1197 12.799999999999953
1198 42.92999999999968
1199 16.19500000000004
1200 -1.2849999999999202
1201 23.15500000000021
1202 16.14500000000052
1203 3.5449999999999484
1204 16.340000000000416
1205 16.73499999999963
1206 51.089999999999534
1207 46.03499999999943
1208 26.21000000000043
1209 7.215000000000166
1210 36.91499999999935
1211 3.0300000000000913
1212 5.869999999999558
1213 17.10499999999998
1214 -1.1199999999999222
1215 17.135000000000193
1216 8.064999999999939
1217 17.3800000000001
1218 17.620000000000005
1219 15.839999999999804
1220 7.60499999999971
1221 22.099999999999994
1222 3.7399999999999043
1223 16.759999999999625
1224 17.505000000000607
1225 21.984999999999907
1226 12.214999999999607
1227 -1.389999999999917
1228 25.37999999999972
1229 1.8050000000000932
1230 12.804999999999886
1231 21.439999999999635
1232 6.970000000000171
1233 26.089999999999623
1234 6.550000000000002
1235 18.050000000000075
1236 13.019999999999714
1237 8.50499999999982
1238 12.84499999999938
1239 13.049999999999514
1240 31.694999999999386
1241 3.4699999999999234
1242 13.279999999999772
1243 12.979999999999674
1244 26.505000000000116
1245 12.469999999999702
1246 2.7250000000001497
1247 22.885000000000023
1248 16.119999999999578
1249 7.319999999999832
1250 23.61500000000048
1251 30.919999999999884
1252 7.904999999999918
1253 7.014999999999366
1254 17.559999999999686
1255 12.45999999999977
1256 22.704999999999472
1257 2.4400000000001354
1258 12.659999999999737
1259 12.559999999999423
1260 13.754999999999482
1261 11.994999999999784
1262 12.214999999999733
1263 7.485000000000115
1264 11.005000000000177
1265 21.645000000000202
1266 2.630000000000144
1267 21.080000000000368
1268 27.61000000000003
1269 27.775000000000045
1270 7.534999999999641
1271 6.784999999999396
1272 21.339999999999986
1273 12.134999999999595
1274 27.705000000000023
1275 8.214999999999913
1276 1.0150000000000534
1277 12.6549999999997
1278 12.404999999999658
1279 -1.4749999999999128
1280 -2.214999999999911
1281 30.374999999999773
1282 18.340000000000416
1283 7.95999999999938
1284 22.444999999999702
1285 26.905000000000076
1286 -0.9749999999999218
1287 8.474999999999648
1288 37.24999999999901
1289 -1.454999999999915
1290 8.554999999999726
1291 12.404999999999772
1292 22.8750000000004
1293 27.74499999999999
1294 18.36500000000049
1295 7.9649999999996925
1296 6.8049999999994695
1297 3.2849999999999984
1298 38.599999999999845
1299 -1.4349999999999163
1300 7.124999999999734
1301 23.490000000000496
1302 -1.96499999999991
1303 46.47999999999995
1304 18.250000000000398
1305 17.52499999999947
1306 8.414999999999806
1307 27.485000000000312
1308 3.005000000000079
1309 7.319999999999545
1310 13.454999999999572
1311 21.439999999999948
1312 3.3750000000000977
1313 11.404999999999632
1314 13.64499999999976
1315 16.034999999999748
1316 16.565000000000154
1317 12.729999999999317
1318 22.134999999999852
1319 26.99000000000013
1320 31.6000000000004
1321 32.409999999999734
1322 21.685000000000347
1323 17.01000000000053
1324 2.7750000000000927
1325 13.179999999999417
1326 32.84000000000015
1327 32.840000000000025
1328 -2.1549999999999057
1329 4.875000000000131
1330 17.540000000000106
1331 3.1700000000001305
1332 22.664999999999853
1333 12.954999999999785
1334 27.164999999999946
1335 12.789999999999814
1336 11.719999999999692
1337 27.79500000000008
1338 17.484999999999655
1339 37.99999999999959
1340 37.019999999999534
1341 -2.4449999999999066
1342 3.575000000000137
1343 3.5750000000000295
1344 12.799999999999727
1345 2.805000000000126
1346 28.46500000000053
1347 18.02000000000035
1348 7.974999999999459
1349 11.999999999999806
1350 6.900000000000151
1351 -1.979999999999911
1352 7.440000000000039
1353 12.624999999999906
1354 -1.2349999999999186
1355 2.7700000000000182
1356 12.139999999999382
1357 7.854999999999476
1358 32.76999999999962
1359 8.609999999999792
1360 20.995000000000147
1361 0.7200000000001252
1362 -1.6299999999999144
1363 1.6050000000001754
1364 1.5550000000001274
1365 2.1900000000000377
1366 -2.964999999999887
1367 1.4500000000001192
1368 17.940000000000424
1369 11.624999999999966
1370 15.354999999999636
1371 27.750000000000114
1372 17.89000000000011
1373 26.810000000000233
1374 2.2850000000001014
1375 7.154999999999843
1376 13.289999999999825
1377 16.169999999999717
1378 3.4650000000001393
1379 32.759999999999955
1380 3.0700000000001344
1381 -1.3549999999999154
1382 2.210000000000157
1383 27.70000000000026
1384 12.24999999999983
1385 13.474999999999985
1386 23.46000000000047
1387 3.325000000000104
1388 31.48499999999925
1389 22.604999999999936
1390 7.9999999999994085
1391 1.5850000000001152
1392 -2.1249999999999045
1393 23.73000000000053
1394 7.075000000000001
1395 12.579999999999936
1396 37.40499999999942
1397 7.775000000000106
1398 -1.3649999999999156
1399 21.784999999999854
1400 22.990000000000325
1401 -1.9149999999999066
1402 3.1100000000000767
1403 2.09500000000002
1404 -3.014999999999892
1405 8.444999999999654
1406 2.4399999999999435
1407 2.7500000000001226
1408 18.10500000000003
1409 3.410000000000128
1410 3.229999999999875
1411 18.8050000000004
1412 -1.274999999999916
1413 23.53500000000004
1414 7.640000000000125
1415 7.989999999999982
1416 3.529999999999945
1417 3.0400000000001484
1418 33.61999999999977
1419 12.589999999999886
1420 17.184999999999974
1421 18.380000000000422
1422 -1.539999999999914
1423 30.98499999999996
1424 26.97999999999964
1425 13.124999999999778
1426 -3.1799999999998803
1427 2.705000000000112
1428 13.385000000000067
1429 26.759999999999774
1430 3.3400000000001153
1431 21.98999999999965
1432 41.134999999999586
1433 33.159999999999755
1434 2.8150000000000244
1435 13.349999999999769
1436 18.02999999999963
1437 22.870000000000136
1438 16.640000000000008
1439 13.564999999999666
1440 -1.9049999999999063
1441 2.2500000000001226
1442 3.3500000000001418
1443 18.51499999999979
1444 11.144999999999323
1445 2.7950000000001536
1446 12.21499999999985
1447 27.600000000000215
1448 7.725000000000091
1449 3.2299999999998965
1450 3.6850000000000844
1451 13.229999999999636
1452 13.419999999999822
1453 3.1499999999999835
1454 28.09000000000001
1455 3.2199999999998754
1456 26.845000000000166
1457 28.025000000000002
1458 17.52999999999996
1459 23.219999999999708
1460 -1.0449999999999209
1461 18.5950000000001
1462 3.4450000000001193
1463 42.27999999999935
1464 7.885000000000086
1465 18.034999999999688
1466 12.359999999999552
1467 17.830000000000375
1468 22.569999999999943
1469 17.639999999999844
1470 23.285000000000114
1471 13.51999999999965
1472 3.839999999999921
1473 12.449999999999378
1474 23.255000000000283
1475 1.8050000000000026
1476 6.4899999999994655
1477 12.709999999999733
1478 -1.3549999999999138
1479 7.219999999999552
1480 -1.2299999999999174
1481 12.98499999999961
1482 3.9499999999999664
1483 7.714999999999434
1484 2.8300000000001306
1485 18.58999999999992
1486 7.829999999999769
1487 -1.344999999999916
1488 3.6849999999999126
1489 8.074999999999498
1490 18.474999999999994
1491 2.0150000000001294
1492 -1.7899999999999106
1493 27.36000000000014
1494 -1.6649999999999099
1495 20.600000000000296
1496 -2.4149999999999
1497 2.645000000000155
1498 47.33999999999877
1499 7.554999999999925
1500 2.250000000000165
1501 8.73999999999974
1502 3.3150000000001425
1503 32.73999999999932
1504 3.6600000000001085
1505 8.119999999999822
1506 8.129999999999802
1507 13.32999999999964
1508 8.189999999999257
1509 13.404999999999783
1510 -1.014999999999921
1511 16.734999999999967
1512 -1.74999999999991
1513 7.74499999999969
1514 11.619999999999475
1515 -0.9899999999999218
1516 32.25500000000033
1517 17.434999999999427
1518 18.464999999999623
1519 27.77499999999997
1520 13.199999999999484
1521 18.170000000000506
1522 31.0200000000002
1523 21.515000000000196
1524 7.099999999999487
1525 26.854999999999713
1526 3.6800000000000646
1527 1.8100000000001732
1528 27.94500000000054
1529 -1.2949999999999169
1530 8.484999999999625
1531 -0.859999999999921
1532 18.3000000000003
1533 26.635000000000236
1534 18.300000000000107
1535 -1.4049999999999156
1536 17.83000000000029
1537 6.749999999999987
1538 6.645000000000124
1539 7.794999999999639
1540 -1.4099999999999155
1541 7.509999999999544
1542 28.230000000000395
1543 17.600000000000477
1544 3.154999999999937
1545 13.649999999999581
1546 13.199999999999665
1547 3.7000000000001014
1548 2.4250000000000997
1549 1.7750000000001178
1550 22.810000000000134
1551 17.440000000000154
1552 3.91000000000013
1553 -0.9249999999999193
1554 27.425000000000367
1555 -1.4999999999999145
1556 8.09999999999937
1557 18.020000000000056
1558 8.575000000000063
1559 7.6000000000001515
1560 13.559999999999686
1561 22.474999999999607
1562 8.10499999999973
1563 7.174999999999661
1564 3.3700000000001005
1565 3.07000000000012
1566 7.880000000000017
1567 7.779999999999479
1568 8.150000000000054
1569 23.495000000000047
1570 -1.2399999999999178
1571 12.899999999999675
1572 3.349999999999871
1573 13.724999999999774
1574 3.674999999999917
1575 12.829999999999407
1576 7.959999999999266
1577 8.244999999999314
1578 -1.8499999999999068
1579 22.34500000000054
1580 -0.8499999999999237
1581 -1.6649999999999092
1582 -1.4349999999999161
1583 8.809999999999425
1584 -1.3249999999999154
1585 -1.6199999999999204
1586 4.099999999999846
1587 2.014999999999943
1588 17.440000000000275
1589 -1.1499999999999184
1590 8.644999999999323
1591 26.640000000000203
1592 -1.3499999999999162
1593 -1.09499999999992
1594 13.539999999999505
1595 6.19499999999975
1596 2.27499999999997
1597 -1.2399999999999183
1598 24.214999999999986
1599 6.780000000000141
1600 22.799999999999592
1601 8.7099999999995
1602 -1.0199999999999214
1603 -1.2849999999999162
1604 8.599999999999353
1605 8.010000000000051
1606 3.4000000000001025
1607 37.61499999999986
1608 -2.0249999999999124
1609 17.135000000000268
1610 -1.6749999999999097
1611 1.1150000000000253
1612 3.604999999999917
1613 3.8249999999999584
1614 17.585000000000488
1615 -1.0049999999999217
1616 13.19999999999972
1617 2.8050000000001454
1618 -1.8149999999999074
1619 -1.964999999999907
1620 17.040000000000017
1621 9.069999999999341
1622 8.29499999999947
1623 2.1850000000001026
1624 12.894999999999662
1625 7.329999999999999
1626 18.250000000000167
1627 12.51499999999948
1628 3.2650000000000423
1629 13.104999999999707
1630 18.420000000000222
1631 2.2549999999999937
1632 -1.8349999999999063
1633 23.010000000000186
1634 -1.0999999999999186
1635 3.479999999999918
1636 21.07499999999992
1637 30.725000000000108
1638 16.424999999999685
1639 18.2649999999998
1640 -2.669999999999902
1641 -1.1449999999999165
1642 8.214999999999748
1643 8.449999999999658
1644 -2.1649999999999006
1645 -2.534999999999891
1646 -1.0899999999999201
1647 -1.529999999999913
1648 -0.7249999999999196
1649 18.435000000000546
1650 -1.04499999999992
1651 22.37000000000019
1652 7.4899999999999824
1653 3.2100000000001447
1654 32.820000000000334
1655 22.745000000000182
1656 8.395000000000017
1657 11.914999999999722
1658 -0.9749999999999192
1659 12.93499999999986
1660 3.185000000000125
1661 8.319999999999794
1662 18.160000000000426
1663 -3.549999999999879
1664 8.649999999999313
1665 12.46999999999974
1666 13.710000000000093
1667 -1.089999999999918
1668 18.705000000000528
1669 -1.2599999999999163
1670 3.789999999999986
1671 7.484999999999868
1672 21.70000000000034
1673 8.334999999999308
1674 3.640000000000007
1675 -1.1949999999999172
1676 2.659999999999976
1677 14.750000000000083
1678 6.120000000000185
1679 3.884999999999893
1680 8.899999999999332
1681 8.409999999999409
1682 3.454999999999848
1683 -1.2699999999999168
1684 -1.3299999999999175
1685 -0.9449999999999207
1686 -1.2599999999999196
1687 -1.8199999999999075
1688 17.040000000000063
1689 -1.3099999999999148
1690 7.204999999999799
1691 7.304999999999858
1692 -2.1749999999999003
1693 3.810000000000083
1694 1.42500000000013
1695 8.149999999999384
1696 3.725000000000086
1697 2.245000000000151
1698 -0.9799999999999218
1699 -1.83999999999991
1700 -1.2499999999999154
1701 3.9999999999998375
1702 3.7900000000001324
1703 17.780000000000268
1704 8.789999999999392
1705 -1.429999999999915
1706 13.449999999999724
1707 -1.5349999999999098
1708 6.55499999999981
1709 3.535000000000009
1710 3.9299999999998585
1711 8.645000000000111
1712 8.65999999999947
1713 12.204999999999334
1714 7.069999999999678
1715 3.42500000000014
1716 8.44999999999931
1717 8.849999999999385
1718 12.309999999999311
1719 13.709999999999646
1720 7.620000000000035
1721 -1.4999999999999145
1722 -1.1249999999999172
1723 7.659999999999452
1724 -1.2549999999999155
1725 -1.0949999999999174
1726 13.054999999999772
1727 8.019999999999376
1728 8.074999999999369
1729 8.789999999999296
1730 3.035000000000137
1731 -2.849999999999885
1732 26.850000000000122
1733 3.789999999999968
1734 7.449999999999416
1735 -0.7899999999999201
1736 -1.1349999999999194
1737 3.0400000000000977
1738 7.874999999999298
1739 3.8349999999999387
1740 17.905000000000037
1741 3.4799999999999836
1742 3.5799999999999743
1743 -2.5399999999998926
1744 3.6899999999998743
1745 3.2699999999999436
1746 13.359999999999616
1747 27.450000000000166
1748 32.3299999999993
1749 8.939999999999257
1750 -1.4749999999999126
1751 8.01999999999934
1752 23.404999999999838
1753 3.709999999999866
1754 12.029999999999312
1755 3.1399999999999597
1756 8.999999999999353
1757 13.839999999999662
1758 -2.019999999999908
1759 11.504999999999589
1760 3.274999999999979
1761 -1.2199999999999196
1762 7.645000000000125
1763 8.509999999999348
1764 3.729999999999996
1765 17.745000000000196
1766 3.6899999999999125
1767 12.67499999999965
1768 -1.02999999999992
1769 8.66499999999941
1770 -1.5249999999999115
1771 -1.949999999999906
1772 3.71000000000008
1773 -1.2949999999999142
1774 18.679999999999602
1775 -1.1699999999999195
1776 2.4350000000001453
1777 -0.9399999999999191
1778 17.71499999999973
1779 -1.0999999999999184
1780 5.61999999999932
1781 3.0149999999999615
1782 4.259999999999844
1783 7.359999999999986
1784 2.5350000000001343
1785 13.174999999999931
1786 3.604999999999892
1787 -1.2249999999999166
1788 3.8249999999998874
1789 18.690000000000353
1790 -1.344999999999915
1791 -1.3799999999999133
1792 1.5750000000001425
1793 -2.8799999999998986
1794 13.634999999999474
1795 8.524999999999254
1796 14.069999999999672
1797 2.740000000000105
1798 18.175000000000427
1799 -1.019999999999921
1800 -0.9849999999999214
1801 12.999999999999645
1802 13.744999999999637
1803 -1.0649999999999162
1804 8.65499999999965
1805 0.8750000000001291
1806 4.004999999999832
1807 -0.7899999999999194
1808 -1.019999999999924
1809 3.5200000000001133
1810 23.610000000000458
1811 31.92499999999959
1812 -0.8199999999999203
1813 8.319999999999233
1814 37.87499999999975
1815 8.59499999999956
1816 3.944999999999835
1817 22.795000000000194
1818 8.114999999999462
1819 26.10500000000045
1820 23.06000000000047
1821 22.580000000000478
1822 -0.9149999999999198
1823 14.010000000000232
1824 13.404999999999522
1825 0.4150000000001245
1826 -1.119999999999917
1827 -1.7999999999999112
1828 42.20499999999977
1829 3.554999999999887
1830 1.8600000000000774
1831 13.34999999999985
1832 -2.8499999999998873
1833 -1.5749999999999116
1834 -1.004999999999922
1835 -1.8449999999999076
1836 8.32499999999937
1837 18.235000000000262
1838 -2.1799999999998994
1839 7.8449999999994775
1840 17.420000000000147
1841 31.750000000000025
1842 3.3850000000001303
1843 16.209999999999603
1844 9.054999999999307
1845 13.864999999999824
1846 -0.9849999999999203
1847 13.604999999999583
1848 2.6749999999999012
1849 18.279999999999745
1850 -1.8999999999999035
1851 12.979999999999725
1852 9.039999999999472
1853 7.684999999999855
1854 35.08499999999915
1855 28.25500000000042
1856 13.524999999999563
1857 3.050000000000148
1858 -0.67499999999992
1859 13.344999999999619
1860 3.2899999999998846
1861 21.83500000000032
1862 13.229999999999842
1863 11.314999999999175
1864 8.479999999999952
1865 2.9000000000001513
1866 -0.959999999999918
1867 -1.5699999999999135
1868 8.149999999999148
1869 13.575000000000095
1870 -1.0449999999999198
1871 7.9399999999993325
1872 3.10500000000009
1873 8.754999999999276
1874 3.9749999999998558
1875 2.894999999999939
1876 -0.9199999999999191
1877 12.184999999999873
1878 8.374999999999897
1879 3.5699999999999212
1880 12.174999999999518
1881 -1.3149999999999158
1882 3.5700000000001157
1883 4.049999999999835
1884 -1.0799999999999188
1885 4.024999999999848
1886 22.93000000000012
1887 3.710000000000025
1888 -1.4399999999999127
1889 16.89999999999996
1890 3.615000000000025
1891 13.33999999999953
1892 -1.5499999999999112
1893 2.2650000000001365
1894 3.7349999999999746
1895 -1.0299999999999199
1896 8.234999999999516
1897 3.8349999999999707
1898 3.7749999999998547
1899 3.480000000000139
1900 -3.029999999999884
1901 3.969999999999847
1902 -2.1449999999999014
1903 18.364999999999675
1904 -0.94999999999992
1905 7.32999999999991
1906 4.019999999999842
1907 3.299999999999879
1908 3.3150000000001336
1909 17.504999999999843
1910 2.7600000000001543
1911 38.71499999999946
1912 -0.9449999999999227
1913 -1.5049999999999137
1914 -1.1799999999999184
1915 3.155000000000145
1916 6.594999999999961
1917 -2.374999999999902
1918 27.670000000000016
1919 8.974999999999259
1920 -0.8999999999999211
1921 7.834999999999212
1922 -0.8999999999999186
1923 -0.6099999999999188
1924 -1.0499999999999203
1925 23.255000000000422
1926 8.929999999999248
1927 -0.9599999999999185
1928 -1.2049999999999175
1929 13.409999999999888
1930 6.3750000000000275
1931 3.805000000000132
1932 -0.5799999999999197
1933 -1.449999999999914
1934 37.50499999999983
1935 4.099999999999862
1936 18.405000000000275
1937 -1.0799999999999188
1938 -1.1399999999999175
1939 23.30999999999993
1940 -1.0049999999999242
1941 7.6749999999999545
1942 8.189999999999369
1943 17.055000000000256
1944 -1.259999999999923
1945 8.434999999999443
1946 2.420000000000133
1947 3.0349999999998865
1948 18.124999999999982
1949 2.4050000000001246
1950 2.770000000000154
1951 -1.2199999999999183
1952 -1.4549999999999104
1953 1.0550000000001365
1954 4.1299999999999475
1955 12.429999999999813
1956 -1.974999999999903
1957 8.294999999999908
1958 -1.7099999999999114
1959 3.215000000000142
1960 3.684999999999972
1961 6.029999999999542
1962 2.665000000000102
1963 4.00000000000007
1964 -2.2599999999998968
1965 -0.6349999999999186
1966 13.224999999999566
1967 4.034999999999872
1968 13.535000000000094
1969 8.714999999999256
1970 3.329999999999897
1971 2.3200000000000207
1972 -0.9249999999999184
1973 3.5049999999999235
1974 3.9099999999999193
1975 28.474999999999927
1976 3.6250000000001057
1977 3.639999999999991
1978 13.754999999999818
1979 3.4699999999999713
1980 7.629999999999355
1981 12.909999999999581
1982 -0.8549999999999179
1983 7.4749999999995325
1984 -0.9399999999999191
1985 7.45500000000009
1986 2.7500000000001545
1987 8.414999999999836
1988 6.880000000000173
1989 3.760000000000133
1990 4.1599999999999575
1991 13.039999999999747
1992 3.010000000000148
1993 3.8400000000000327
1994 12.684999999999572
1995 3.9799999999998272
1996 3.100000000000086
1997 3.8249999999998447
1998 -0.9899999999999215
1999 7.579999999999958
5817.641285419464
