0 22.224999999999895
1 6.770000000000065
2 2.9200000000000967
3 26.344999999999672
4 16.809999999999896
5 26.384999999999987
6 2.2100000000001563
7 16.624999999999982
8 22.87500000000017
9 29.99000000000003
10 55.79999999999956
11 -1.8799999999999153
12 27.25499999999972
13 -2.4649999999999004
14 17.61000000000045
15 7.969999999999851
16 7.85499999999935
17 -1.3249999999999182
18 7.419999999999562
19 2.7150000000001553
20 37.17499999999913
21 7.86499999999979
22 16.64999999999997
23 23.560000000000173
24 2.5650000000001194
25 18.00999999999986
26 -1.0499999999999214
27 22.900000000000205
28 2.935000000000098
29 8.874999999999352
30 12.424999999999496
31 -1.3049999999999184
32 18.345000000000457
33 18.56499999999983
34 28.200000000000408
35 12.529999999999792
36 -1.0649999999999198
37 8.259999999999723
38 7.409999999999472
39 8.314999999999829
40 17.73499999999996
41 22.325000000000134
42 2.49000000000016
43 27.310000000000116
44 -2.664999999999895
45 -1.14999999999992
46 7.404999999999701
47 17.765000000000306
48 6.474999999999396
49 18.49500000000044
50 19.150000000000674
51 -2.7899999999998903
52 4.069999999999875
53 3.3400000000001366
54 17.69000000000059
55 -0.8899999999999209
56 3.274999999999908
57 31.9199999999985
58 3.805000000000021
59 3.314999999999925
60 -1.1699999999999184
61 7.984999999999532
62 7.334999999999997
63 -1.4199999999999164
64 13.134999999999627
65 -1.7849999999999093
66 4.309999999999843
67 -1.4849999999999117
68 9.054999999999891
69 3.94999999999986
70 -1.1499999999999178
71 -1.199999999999918
72 4.354999999999839
73 3.0799999999998837
74 -1.8649999999999103
75 3.5400000000001164
76 -1.2599999999999185
77 -1.0049999999999208
78 3.3699999999999273
79 2.7650000000000556
80 3.4149999999999903
81 -1.079999999999918
82 -1.1349999999999194
83 3.335000000000142
84 9.01499999999936
85 -0.9599999999999196
86 13.81000000000011
87 6.734999999999527
88 13.049999999999821
89 8.874999999999282
90 -1.0599999999999208
91 8.209999999999303
92 8.549999999999287
93 3.475000000000123
94 18.880000000000646
95 -1.0349999999999184
96 4.204999999999856
97 -1.4349999999999141
98 -0.8349999999999175
99 -1.4449999999999112
100 -1.2199999999999154
101 4.5749999999998145
102 3.7950000000001296
103 8.389999999999482
104 -1.1099999999999177
105 -0.9599999999999196
106 7.129999999999968
107 13.329999999999742
108 12.414999999999168
109 12.804999999999295
110 -1.3349999999999123
111 8.344999999999342
112 -1.144999999999923
113 23.600000000000403
114 -1.0899999999999188
115 13.849999999999516
116 -0.9799999999999197
117 4.059999999999838
118 -1.6449999999999112
119 -0.9149999999999184
120 -0.9999999999999194
121 -1.1899999999999173
122 -1.0149999999999193
123 -1.2999999999999177
124 -1.284999999999916
125 -1.439999999999916
126 2.595000000000158
127 -1.5399999999999179
128 8.54000000000003
129 8.054999999999703
130 4.154999999999823
131 13.944999999999958
132 8.744999999999495
133 3.829999999999864
134 4.054999999999822
135 3.950000000000129
136 22.69500000000064
137 -1.879999999999903
138 -0.88499999999992
139 9.159999999999364
140 3.949999999999897
141 3.8849999999998506
142 -1.2049999999999164
143 -1.5099999999999125
144 18.830000000000634
145 -1.6099999999999086
146 -0.8749999999999188
147 -1.0799999999999186
148 9.234999999999784
149 -0.9349999999999207
150 9.059999999999471
151 -1.104999999999919
152 4.0950000000000415
153 -0.9999999999999196
154 8.614999999999172
155 -1.0499999999999199
156 -0.9299999999999184
157 3.9099999999998873
158 -1.0049999999999206
159 3.8349999999998694
160 -0.2949999999999208
161 8.654999999999674
162 -0.7749999999999181
163 3.570000000000137
164 3.549999999999941
165 -1.204999999999916
166 12.39999999999993
167 8.184999999999595
168 4.115000000000085
169 -1.5449999999999096
170 -1.1599999999999178
171 -1.0399999999999194
172 -0.9349999999999193
173 3.4300000000001383
174 8.744999999999278
175 3.1600000000000925
176 -0.7949999999999194
177 8.969999999999255
178 14.05999999999991
179 -0.21499999999991656
180 -1.3149999999999191
181 8.464999999999904
182 3.9199999999998267
183 8.644999999999259
184 -1.409999999999912
185 -0.9049999999999198
186 -0.8349999999999193
187 -0.5449999999999199
188 -1.7649999999999073
189 8.274999999999212
190 -0.5799999999999184
191 4.069999999999836
192 3.7899999999998597
193 -0.8499999999999186
194 -1.154999999999919
195 -1.4949999999999148
196 4.125000000000005
197 4.269999999999803
198 4.034999999999878
199 3.160000000000058
200 -0.8249999999999199
201 -1.069999999999918
202 -0.8049999999999177
203 3.740000000000123
204 -1.1199999999999168
205 -0.24499999999991812
206 -1.0199999999999194
207 -0.28999999999991816
208 -0.32999999999991686
209 3.7899999999998704
210 -0.909999999999918
211 8.369999999999397
212 -1.2749999999999155
213 3.5500000000000913
214 4.139999999999836
215 4.480000000000047
216 -0.6599999999999187
217 3.8249999999998554
218 4.054999999999901
219 -0.45999999999991875
220 4.244999999999793
221 -1.0949999999999176
222 -0.8049999999999179
223 4.414999999999981
224 -0.894999999999918
225 9.339999999999279
226 8.714999999999806
227 3.7750000000001327
228 8.93499999999942
229 -0.829999999999919
230 9.16499999999962
231 -0.8849999999999187
232 -0.9449999999999201
233 -0.7349999999999176
234 3.4300000000000876
235 -1.5799999999999097
236 -0.7199999999999198
237 2.8450000000001525
238 -1.1099999999999215
239 3.1199999999999273
240 13.965
241 3.9849999999998413
242 8.23999999999992
243 -0.8399999999999186
244 4.029999999999824
245 3.7399999999999194
246 4.254999999999816
247 -1.579999999999909
248 3.289999999999906
249 13.7500000000002
250 9.019999999999724
251 4.094999999999834
252 -0.6949999999999167
253 -0.9249999999999178
254 -0.3049999999999166
255 -0.93499999999992
256 -0.7299999999999169
257 13.20000000000005
258 -0.7649999999999186
259 8.844999999999285
260 13.89999999999971
261 -1.784999999999905
262 -0.9049999999999175
263 8.469999999999471
264 18.645000000000458
265 4.075000000000124
266 8.064999999999305
267 -0.7499999999999187
268 -0.17999999999991695
269 -0.9549999999999196
270 -0.8349999999999177
271 -0.48999999999991745
272 8.354999999999508
273 8.88999999999928
274 4.3649999999998546
275 -0.6799999999999173
276 3.9849999999999035
277 -0.9249999999999196
278 3.505000000000095
279 -0.8099999999999186
280 9.739999999999307
281 -0.7649999999999196
282 -0.86999999999992
283 -0.7999999999999181
284 -0.7099999999999171
285 -0.6249999999999193
286 13.464999999999634
287 9.74499999999926
288 4.6749999999998035
289 3.2600000000001375
290 -0.29499999999991705
291 -1.4749999999999128
292 -0.859999999999919
293 -1.4099999999999115
294 4.399999999999788
295 3.899999999999854
296 9.389999999999274
297 4.149999999999829
298 -0.5499999999999188
299 -2.069999999999911
300 24.2350000000007
301 -0.6249999999999186
302 -1.2349999999999164
303 4.219999999999819
304 -0.6649999999999173
305 -0.32499999999991785
306 -1.464999999999912
307 -1.3799999999999113
308 -0.9399999999999182
309 2.9499999999998936
310 8.67999999999984
311 -1.8399999999999033
312 23.454999999999632
313 -0.779999999999917
314 -0.8349999999999184
315 4.3650000000000695
316 -0.7349999999999185
317 -1.1899999999999151
318 14.270000000000266
319 4.2149999999998435
320 3.290000000000143
321 -0.5699999999999179
322 -0.8899999999999191
323 -0.16499999999991674
324 4.144999999999834
325 -0.24999999999991704
326 -1.5099999999999087
327 -0.6999999999999171
328 -0.21999999999991635
329 -1.154999999999917
330 4.509999999999823
331 -0.5499999999999181
332 3.2399999999999247
333 4.170000000000124
334 3.955000000000129
335 -0.5249999999999179
336 9.43499999999927
337 -1.1049999999999187
338 9.239999999999172
339 3.4249999999998657
340 -1.3199999999999203
341 -0.8799999999999177
342 3.0800000000001475
343 -2.389999999999894
344 -0.6249999999999173
345 3.660000000000114
346 3.9150000000001297
347 -0.1949999999999172
348 14.479999999999999
349 -0.5699999999999175
350 3.7750000000001327
351 -0.874999999999918
352 -0.3249999999999175
353 -1.4499999999999127
354 -0.9399999999999193
355 3.9050000000001273
356 4.259999999999798
357 -1.9549999999999021
358 -0.8149999999999195
359 4.710000000000077
360 -0.2949999999999177
361 13.589999999999353
362 -0.3299999999999171
363 3.87999999999981
364 -0.9349999999999189
365 13.484999999999998
366 -1.3449999999999105
367 3.8749999999998597
368 -0.4449999999999165
369 8.729999999999203
370 9.709999999999251
371 -0.6549999999999175
372 -0.38499999999991624
373 4.844999999999795
374 9.219999999999187
375 -0.5899999999999166
376 -0.27999999999991637
377 -0.33499999999991753
378 3.8850000000001303
379 -1.2299999999999158
380 -0.5999999999999177
381 -0.8049999999999186
382 -1.2749999999999189
383 -1.3349999999999111
384 -0.8049999999999174
385 -0.6999999999999171
386 -1.1299999999999164
387 4.1000000000001195
388 4.330000000000094
389 -0.804999999999919
390 3.90000000000013
391 4.669999999999784
392 3.654999999999921
393 -0.8749999999999191
394 -0.7999999999999248
395 14.175000000000136
396 -0.3849999999999169
397 -0.2899999999999168
398 9.294999999999177
399 -0.8499999999999195
400 4.484999999999792
401 9.63499999999928
402 -1.249999999999918
403 -0.22999999999991702
404 -0.8749999999999188
405 -0.9299999999999193
406 -0.43999999999991674
407 3.724999999999836
408 -0.33999999999991665
409 13.61999999999987
410 9.309999999999292
411 3.2900000000001093
412 -0.4449999999999172
413 4.390000000000118
414 14.065000000000287
415 -0.1799999999999163
416 4.504999999999837
417 -0.8899999999999191
418 8.78999999999965
419 3.909999999999851
420 -0.7049999999999167
421 -0.9599999999999185
422 -0.9999999999999187
423 3.7700000000001292
424 4.284999999999794
425 -1.3199999999999137
426 4.009999999999883
427 -0.2399999999999168
428 -0.6049999999999173
429 -0.45499999999991764
430 -0.7899999999999181
431 -0.8749999999999226
432 -0.6699999999999178
433 4.025000000000108
434 -0.14999999999991673
435 3.6950000000000847
436 -0.8199999999999177
437 3.7599999999998674
438 8.714999999999472
439 -0.1099999999999158
440 -0.9749999999999174
441 4.229999999999838
442 -0.2999999999999177
443 -1.009999999999919
444 -0.2849999999999175
445 3.1850000000001177
446 -0.8799999999999186
447 3.6500000000001354
448 -0.7649999999999192
449 4.774999999999764
450 -0.22999999999991702
451 -1.5449999999999118
452 3.970000000000123
453 -0.29499999999991594
454 4.474999999999907
455 -0.47999999999991766
456 -0.1899999999999172
457 -0.1849999999999172
458 3.6899999999998583
459 -0.1449999999999176
460 4.2050000000001235
461 4.514999999999846
462 -0.18499999999991584
463 4.794999999999794
464 -0.7799999999999165
465 -1.1299999999999173
466 13.850000000000001
467 8.999999999999199
468 4.609999999999789
469 -0.6549999999999175
470 3.3899999999998576
471 4.62000000000009
472 -0.6849999999999202
473 -0.5999999999999193
474 -0.22999999999991658
475 -0.2649999999999179
476 -0.5799999999999192
477 -0.8749999999999184
478 3.9049999999998626
479 -0.21499999999991723
480 3.965000000000126
481 -0.42499999999991717
482 4.150000000000123
483 3.8650000000001246
484 4.014999999999929
485 4.164999999999802
486 -0.7449999999999174
487 -0.21499999999991634
488 18.459999999999958
489 -0.23999999999991747
490 4.299999999999819
491 -0.30499999999991706
492 -0.43499999999991756
493 -0.14499999999991672
494 -0.09999999999991713
495 4.229999999999799
496 -0.7349999999999189
497 -0.15999999999991607
498 -0.8099999999999188
499 9.064999999999884
500 -0.6899999999999165
501 -1.0849999999999203
502 4.199999999999831
503 -0.829999999999917
504 -0.3249999999999164
505 -1.4749999999999102
506 -0.5049999999999172
507 -0.9649999999999216
508 -0.8199999999999183
509 -0.814999999999919
510 -0.31499999999991907
511 -0.1449999999999167
512 4.139999999999861
513 -0.23999999999991656
514 -0.5149999999999176
515 4.679999999999814
516 4.869999999999769
517 -0.594999999999917
518 -1.1199999999999186
519 -1.2049999999999164
520 -0.14999999999991584
521 -0.484999999999917
522 -0.23999999999991745
523 4.729999999999836
524 -1.1949999999999141
525 -0.3699999999999169
526 -0.8649999999999188
527 4.249999999999917
528 3.574999999999873
529 4.124999999999995
530 4.214999999999806
531 4.759999999999805
532 -2.2849999999998936
533 -1.0799999999999204
534 -0.3499999999999173
535 -1.409999999999913
536 -0.219999999999917
537 -1.349999999999913
538 -0.4499999999999165
539 4.420000000000116
540 -1.5699999999999057
541 -0.8199999999999192
542 14.280000000000381
543 8.814999999999566
544 3.6950000000001344
545 4.814999999999774
546 -0.7449999999999176
547 -0.18999999999991588
548 4.764999999999844
549 4.160000000000049
550 -0.7399999999999176
551 -0.5199999999999172
552 -0.7049999999999174
553 -0.1849999999999163
554 -0.5399999999999163
555 9.914999999999225
556 4.079999999999909
557 -0.8049999999999183
558 -0.16499999999991652
559 4.425000000000119
560 9.80499999999924
561 9.189999999999381
562 4.6399999999998895
563 -1.2899999999999128
564 -0.1999999999999161
565 -0.5249999999999174
566 -0.6699999999999162
567 -1.0949999999999185
568 4.264999999999805
569 -1.5949999999999123
570 -1.1149999999999147
571 -0.6799999999999176
572 4.30499999999998
573 -0.9349999999999189
574 3.9200000000001296
575 3.2400000000001334
576 8.259999999999927
577 -0.6599999999999173
578 -0.2549999999999161
579 -0.1449999999999156
580 4.05500000000012
581 -0.36499999999991734
582 -0.2249999999999168
583 4.244999999999791
584 3.8649999999998776
585 9.589999999999275
586 -0.7749999999999168
587 -0.13999999999991605
588 -0.27499999999991703
589 3.7649999999998798
590 -0.834999999999919
591 -0.27999999999991637
592 -1.2249999999999175
593 -0.07999999999991578
594 -0.3899999999999167
595 -0.19499999999991566
596 -0.1549999999999163
597 -0.18999999999991588
598 9.099999999999437
599 -0.10499999999991624
600 4.115000000000123
601 -0.48499999999991633
602 4.570000000000046
603 -0.2349999999999161
604 9.134999999999623
605 -0.1349999999999169
606 4.224999999999815
607 -1.014999999999919
608 4.090000000000122
609 -0.8899999999999184
610 -0.2499999999999177
611 -0.9699999999999191
612 -0.3649999999999168
613 -0.7949999999999183
614 -0.15499999999991695
615 -0.09499999999991601
616 -0.10499999999991558
617 -1.184999999999915
618 3.860000000000128
619 -0.8049999999999179
620 -0.8199999999999177
621 8.819999999999235
622 -0.16999999999991586
623 -0.16999999999991627
624 -0.6899999999999165
625 4.345000000000114
626 3.695000000000104
627 -0.13999999999991605
628 -0.8049999999999172
629 -0.3649999999999169
630 -0.16499999999991607
631 9.149999999999247
632 -0.9249999999999196
633 19.065000000000847
634 -0.6899999999999167
635 -0.2199999999999159
636 -0.6449999999999166
637 -0.37499999999991857
638 -0.10499999999991624
639 -0.07999999999991578
640 -0.13999999999991627
641 -0.224999999999917
642 -0.37999999999991624
643 -0.19999999999991608
644 -0.09999999999991602
645 4.124999999999911
646 -0.27999999999991637
647 4.055000000000127
648 -0.2249999999999159
649 -0.1799999999999161
650 -0.7099999999999178
651 3.5600000000001337
652 4.759999999999812
653 -0.8699999999999196
654 4.195000000000117
655 3.9850000000000367
656 3.6799999999998585
657 -0.7799999999999168
658 4.844999999999786
659 -0.14499999999991606
660 -0.689999999999918
661 8.509999999999215
662 -1.1549999999999165
663 4.254999999999804
664 -0.20499999999991633
665 3.8500000000001258
666 -1.2599999999999159
667 13.945000000000158
668 -0.27499999999991637
669 -0.8699999999999171
670 -0.7749999999999172
671 -0.9649999999999196
672 -0.1849999999999163
673 -1.0599999999999152
674 -0.9149999999999187
675 -0.1549999999999163
676 -1.3149999999999145
677 3.770000000000108
678 -0.2949999999999176
679 14.740000000000114
680 -0.4049999999999158
681 -1.0599999999999175
682 -0.32499999999991663
683 4.155000000000125
684 9.199999999999328
685 -0.14999999999991606
686 4.789999999999771
687 -0.89999999999992
688 -1.0799999999999148
689 8.61499999999984
690 4.239999999999869
691 -0.7799999999999183
692 -0.6949999999999174
693 -0.8199999999999177
694 -0.994999999999917
695 -0.5349999999999174
696 -0.9699999999999196
697 -0.10499999999991647
698 8.82499999999969
699 -0.14499999999991606
700 -0.13499999999991605
701 -0.8249999999999177
702 -0.7549999999999178
703 4.434999999999803
704 -0.06499999999991576
705 -0.25999999999991635
706 -1.0399999999999185
707 -0.7099999999999174
708 13.795000000000263
709 -0.15999999999991585
710 -0.9499999999999186
711 14.11500000000029
712 -0.384999999999917
713 3.384999999999822
714 -0.14999999999991606
715 -0.12499999999991647
716 13.465000000000032
717 4.879999999999767
718 -0.7849999999999179
719 -0.6749999999999167
720 -0.6949999999999176
721 8.374999999999178
722 -0.12499999999991582
723 -0.14999999999991584
724 -0.3049999999999164
725 -0.2699999999999166
726 -0.754999999999917
727 -0.5099999999999172
728 3.744999999999873
729 -0.9549999999999187
730 -1.4199999999999118
731 -0.5099999999999167
732 -0.2299999999999159
733 3.9350000000000467
734 9.789999999999305
735 -0.2899999999999174
736 4.899999999999808
737 -0.10499999999991624
738 4.219999999999806
739 -0.8649999999999177
740 4.200000000000093
741 -0.5999999999999168
742 -0.5149999999999165
743 4.134999999999822
744 -0.10999999999991558
745 -0.7849999999999181
746 -1.8099999999999061
747 8.964999999999225
748 -1.0649999999999187
749 4.4350000000000716
750 -1.1249999999999145
751 -0.9499999999999198
752 8.529999999999726
753 4.889999999999763
754 -1.0899999999999193
755 4.779999999999816
756 -0.14999999999991562
757 9.224999999999865
758 -0.4999999999999181
759 -1.4149999999999117
760 -0.534999999999917
761 -0.5949999999999164
762 -0.11499999999991625
763 4.090000000000126
764 4.704999999999989
765 -0.29999999999991794
766 4.764999999999771
767 -0.13999999999991602
768 -0.969999999999918
769 9.779999999999214
770 -0.7399999999999163
771 -0.6049999999999186
772 -0.2599999999999159
773 -0.15999999999991607
774 -0.7749999999999192
775 -0.1049999999999158
776 8.934999999999752
777 -1.2249999999999155
778 4.710000000000113
779 -0.7849999999999185
780 3.6400000000000983
781 9.129999999999395
782 -0.38499999999991646
783 9.30499999999916
784 -0.6899999999999165
785 -1.7999999999999077
786 -0.16999999999991586
787 -0.9349999999999191
788 -0.8149999999999188
789 4.645000000000065
790 -0.9799999999999189
791 4.330000000000038
792 4.429999999999787
793 4.709999999999925
794 -0.5999999999999168
795 -0.264999999999917
796 -0.8399999999999184
797 -0.34499999999991754
798 8.73499999999966
799 -0.7449999999999176
800 -0.8349999999999181
801 -0.6799999999999164
802 -0.15999999999991607
803 9.284999999999252
804 -0.8549999999999168
805 -0.16999999999991605
806 -0.8049999999999181
807 4.085000000000031
808 4.13000000000012
809 -0.819999999999917
810 -0.1299999999999156
811 -0.03999999999991578
812 -0.6799999999999162
813 -1.774999999999907
814 -0.604999999999917
815 4.829999999999827
816 -0.1399999999999156
817 -0.46999999999991743
818 -0.1249999999999156
819 4.899999999999761
820 4.919999999999765
821 -0.09999999999991557
822 -0.20999999999991634
823 -0.5099999999999165
824 -0.16499999999991627
825 -0.23499999999991725
826 2.8300000000001333
827 -0.13999999999991583
828 4.814999999999797
829 -0.7699999999999216
830 -1.2699999999999154
831 9.019999999999255
832 14.004999999999628
833 4.164999999999926
834 -0.09999999999991559
835 4.784999999999769
836 8.654999999999367
837 -0.17999999999991742
838 -0.6399999999999169
839 -0.19999999999991722
840 4.820000000000056
841 -1.044999999999917
842 4.769999999999846
843 -0.12499999999991604
844 -0.6199999999999171
845 -0.14499999999991584
846 4.844999999999784
847 4.550000000000116
848 4.7649999999999615
849 -0.6249999999999168
850 4.155000000000125
851 -0.5349999999999168
852 -0.13499999999991583
853 -0.3949999999999169
854 9.164999999999976
855 -0.10499999999991555
856 -0.6149999999999162
857 -0.15999999999991563
858 -0.8399999999999206
859 -0.784999999999919
860 -0.5649999999999176
861 9.139999999999691
862 14.69000000000002
863 -0.044999999999915774
864 -0.10999999999991603
865 -1.3449999999999118
866 4.814999999999824
867 -0.074999999999916
868 -0.14999999999991606
869 -0.11499999999991603
870 4.814999999999811
871 -0.824999999999917
872 4.40499999999985
873 -0.5699999999999168
874 4.030000000000083
875 9.289999999999146
876 3.9850000000000874
877 4.7250000000000565
878 -0.2099999999999159
879 -0.07999999999991556
880 -0.15999999999991604
881 4.544999999999968
882 4.2899999999998135
883 -0.13499999999991583
884 4.649999999999798
885 -0.16499999999991652
886 -0.1699999999999163
887 -0.1399999999999165
888 -1.379999999999915
889 -0.06499999999991597
890 -0.9949999999999181
891 9.794999999999304
892 4.694999999999769
893 -0.06999999999991555
894 -0.7099999999999167
895 -0.45999999999992097
896 -0.7599999999999165
897 4.349999999999807
898 3.845000000000102
899 -0.07999999999991556
900 -0.08999999999991623
901 -0.6849999999999198
902 -0.9599999999999198
903 -0.1099999999999158
904 -0.3899999999999158
905 -0.7199999999999172
906 -0.14499999999991584
907 -0.5749999999999161
908 -0.06499999999991554
909 -1.3399999999999137
910 -0.13499999999991627
911 -0.6099999999999166
912 4.95499999999976
913 -0.09499999999991579
914 -0.6699999999999182
915 4.695000000000059
916 -0.07499999999991588
917 4.304999999999948
918 4.540000000000114
919 -0.9849999999999189
920 -0.10499999999991602
921 -0.23499999999991614
922 4.714999999999883
923 4.83499999999977
924 4.809999999999778
925 -0.16999999999991583
926 4.759999999999784
927 4.854999999999773
928 -0.06499999999991643
929 -0.6349999999999164
930 -0.23499999999991636
931 -2.0349999999999
932 -0.214999999999917
933 -0.22999999999991702
934 -0.6749999999999171
935 -0.10999999999991558
936 4.630000000000081
937 -0.9949999999999167
938 -0.08999999999991577
939 -1.0599999999999175
940 -0.4699999999999192
941 -0.2599999999999166
942 9.719999999999397
943 4.360000000000115
944 9.284999999999194
945 -0.2549999999999165
946 -1.1899999999999187
947 4.88499999999976
948 -0.2999999999999177
949 4.779999999999801
950 4.310000000000121
951 -0.13999999999991625
952 -0.5199999999999163
953 -0.12499999999991648
954 -0.14499999999991606
955 18.35999999999998
956 4.864999999999773
957 4.879999999999776
958 -0.339999999999916
959 -0.16999999999991586
960 -0.16499999999991563
961 -0.16499999999991563
962 3.7599999999998337
963 -0.15499999999991607
964 -0.4049999999999178
965 -0.10999999999991601
966 4.674999999999958
967 -0.24999999999991704
968 4.669999999999795
969 13.719999999999711
970 4.84499999999978
971 -0.0999999999999158
972 -0.17999999999991606
973 9.179999999999394
974 -0.7349999999999183
975 -0.05999999999991577
976 -0.6249999999999166
977 -0.7649999999999163
978 -0.7049999999999174
979 -0.8749999999999193
980 -0.19999999999991652
981 -0.6099999999999169
982 4.729999999999786
983 -0.6699999999999184
984 9.284999999999153
985 -0.9649999999999176
986 -0.1849999999999161
987 -1.364999999999912
988 14.810000000000556
989 -0.7949999999999172
990 -0.7149999999999183
991 -0.039999999999915554
992 3.955000000000121
993 4.864999999999789
994 -0.48999999999991634
995 4.4750000000000405
996 -0.31499999999991773
997 -0.11499999999991603
998 -0.5649999999999163
999 8.759999999999255
1000 4.779999999999842
1001 4.055000000000096
1002 -0.6649999999999167
1003 -0.09499999999991647
1004 4.134999999999826
1005 3.990000000000128
1006 -0.23499999999991766
1007 4.824999999999788
1008 4.864999999999764
1009 -0.1549999999999163
1010 -0.5449999999999166
1011 4.334999999999807
1012 -1.4649999999999148
1013 -1.9899999999999012
1014 -0.3049999999999166
1015 -0.16999999999991608
1016 -0.09499999999991601
1017 -0.2799999999999166
1018 -0.6549999999999164
1019 -0.9949999999999192
1020 -0.12499999999991582
1021 -0.2749999999999168
1022 -0.10999999999991558
1023 -0.15499999999991607
1024 -0.17499999999991564
1025 4.580000000000098
1026 -0.1849999999999172
1027 4.449999999999812
1028 -0.06499999999991553
1029 -0.6699999999999171
1030 -0.649999999999916
1031 4.555000000000116
1032 4.034999999999872
1033 4.889999999999774
1034 3.78000000000013
1035 -0.7049999999999167
1036 -0.044999999999915774
1037 4.359999999999803
1038 -0.1449999999999158
1039 -0.7599999999999183
1040 -0.39499999999991714
1041 -0.1099999999999158
1042 -0.1399999999999158
1043 -0.7949999999999163
1044 4.094999999999862
1045 4.854999999999759
1046 -0.4999999999999159
1047 -0.11999999999991581
1048 -0.8949999999999197
1049 -0.6899999999999169
1050 4.644999999999786
1051 4.864999999999769
1052 4.610000000000081
1053 -0.1349999999999165
1054 9.264999999999398
1055 -0.374999999999916
1056 4.86499999999976
1057 -0.20499999999991586
1058 -0.17499999999991586
1059 -0.21499999999991587
1060 -0.06499999999991554
1061 -0.24499999999991726
1062 -0.6499999999999164
1063 -0.1499999999999156
1064 -0.7699999999999176
1065 -0.8199999999999176
1066 -0.15999999999991563
1067 4.260000000000122
1068 -0.19999999999991588
1069 -0.17499999999991628
1070 4.7349999999998005
1071 4.064999999999839
1072 4.329999999999811
1073 4.625000000000005
1074 -0.19499999999991566
1075 9.094999999999706
1076 4.409999999999777
1077 -0.1299999999999156
1078 -0.2599999999999168
1079 -0.9799999999999183
1080 -0.869999999999918
1081 -0.1099999999999158
1082 -0.19499999999991588
1083 4.729999999999788
1084 -1.2049999999999128
1085 -0.10499999999991558
1086 -0.14999999999991584
1087 -0.6449999999999164
1088 -0.5049999999999163
1089 -0.16999999999991608
1090 9.009999999999788
1091 -0.609999999999917
1092 -0.859999999999917
1093 4.844999999999882
1094 -0.40499999999991604
1095 -0.5999999999999166
1096 -0.13999999999991583
1097 -0.16499999999991585
1098 -0.7549999999999172
1099 -0.16499999999991605
1100 -0.1349999999999158
1101 3.570000000000136
1102 -0.08999999999991556
1103 -0.18499999999991587
1104 -0.08499999999991578
1105 -0.6249999999999177
1106 9.239999999999203
1107 -0.689999999999918
1108 -0.6449999999999166
1109 -0.11499999999991603
1110 4.794999999999966
1111 -0.07499999999991577
1112 4.274999999999823
1113 -0.24999999999991682
1114 -1.0649999999999151
1115 -0.1749999999999165
1116 4.0699999999998395
1117 -0.7349999999999172
1118 4.719999999999856
1119 -0.11499999999991624
1120 -0.13499999999991605
1121 -0.8649999999999182
1122 -0.1299999999999156
1123 -0.354999999999918
1124 9.299999999999239
1125 -0.22999999999991633
1126 -0.13499999999991624
1127 3.829999999999825
1128 4.869999999999766
1129 4.364999999999771
1130 -0.1849999999999161
1131 -1.0599999999999172
1132 -0.1999999999999163
1133 -1.0649999999999207
1134 -0.09999999999991556
1135 -0.469999999999917
1136 9.439999999999253
1137 -0.7899999999999168
1138 -0.5749999999999172
1139 4.924999999999779
1140 -0.07999999999991556
1141 -1.1799999999999187
1142 -0.6049999999999168
1143 -0.1799999999999161
1144 -0.014999999999915557
1145 -0.18499999999991562
1146 4.089999999999827
1147 -0.9349999999999169
1148 -0.2799999999999177
1149 4.334999999999896
1150 -0.17999999999991587
1151 -0.17999999999991653
1152 -0.2299999999999159
1153 -0.6699999999999182
1154 9.189999999999808
1155 4.259999999999793
1156 -0.1749999999999165
1157 -0.10999999999991557
1158 -0.9299999999999176
1159 4.345000000000086
1160 -0.38499999999991646
1161 -0.08999999999991579
1162 -0.2899999999999177
1163 9.32999999999938
1164 -0.044999999999915774
1165 -0.04999999999991577
1166 -0.18999999999991785
1167 -1.2999999999999123
1168 -0.22499999999991613
1169 -0.16999999999991652
1170 14.515000000000413
1171 4.7699999999997855
1172 -0.09999999999991625
1173 -0.17999999999991653
1174 -0.5649999999999163
1175 4.794999999999797
1176 -0.21499999999991634
1177 14.509999999999577
1178 -0.6349999999999164
1179 4.569999999999783
1180 4.394999999999774
1181 3.7799999999998137
1182 -0.16499999999991607
1183 -0.1249999999999156
1184 4.439999999999781
1185 -0.559999999999917
1186 4.695000000000113
1187 -0.29499999999991816
1188 -0.5299999999999163
1189 -0.13999999999991583
1190 4.284999999999887
1191 -0.8549999999999195
1192 -0.7549999999999167
1193 -0.08499999999991577
1194 4.364999999999775
1195 -0.2799999999999177
1196 -0.21499999999991654
1197 -0.09499999999991623
1198 -0.1399999999999156
1199 9.524999999999455
1200 -1.0149999999999182
1201 -0.11999999999991581
1202 4.869999999999771
1203 -0.24499999999991612
1204 -0.14999999999991562
1205 -0.5949999999999164
1206 -0.10499999999991558
1207 3.815000000000132
1208 -0.11999999999991603
1209 -0.11999999999991648
1210 9.44499999999962
1211 -0.3949999999999179
1212 -0.7099999999999171
1213 -0.16499999999991563
1214 4.729999999999948
1215 -0.8299999999999172
1216 8.444460408707499e-14
1217 8.399999999999691
1218 -0.9049999999999211
1219 -0.09499999999991601
1220 -0.6249999999999173
1221 -0.3899999999999166
1222 9.749999999999543
1223 4.345000000000094
1224 14.765000000000178
1225 9.309999999999151
1226 -0.17499999999991608
1227 -0.209999999999917
1228 14.759999999999259
1229 4.215000000000123
1230 -1.2299999999999143
1231 -0.1899999999999171
1232 -0.20999999999991656
1233 4.8149999999997775
1234 -0.23499999999991614
1235 4.189999999999821
1236 -0.6949999999999171
1237 -0.1449999999999156
1238 -0.11999999999991581
1239 3.8150000000001256
1240 -0.4249999999999174
1241 -0.08999999999991556
1242 -0.8199999999999172
1243 4.2549999999999475
1244 -0.6149999999999166
1245 -0.17999999999991587
1246 -0.7649999999999165
1247 4.919999999999773
1248 -0.1399999999999156
1249 -0.12499999999991604
1250 -0.7549999999999178
1251 -0.1399999999999165
1252 -0.2149999999999159
1253 -0.6099999999999166
1254 -0.10499999999991579
1255 4.844999999999763
1256 4.324999999999786
1257 -0.7849999999999168
1258 -0.11999999999991581
1259 -0.2849999999999184
1260 -0.1049999999999158
1261 -0.9399999999999167
1262 -0.9949999999999178
1263 -0.5249999999999161
1264 3.6400000000001294
1265 -0.07499999999991555
1266 4.4849999999997685
1267 -0.14499999999991584
1268 -0.16499999999991563
1269 -0.7599999999999174
1270 -0.629999999999916
1271 -0.24499999999991723
1272 19.87000000000095
1273 3.8950000000001284
1274 9.064999999999795
1275 4.76000000000008
1276 -0.23499999999991633
1277 -0.1249999999999156
1278 4.904999999999767
1279 -0.46999999999991676
1280 -0.29499999999991794
1281 -0.2449999999999157
1282 -0.08499999999991578
1283 -0.6049999999999177
1284 -0.1899999999999161
1285 -0.8049999999999181
1286 -0.7149999999999171
1287 4.315000000000108
1288 4.804999999999769
1289 -0.13499999999991616
1290 -0.5499999999999159
1291 4.8949999999997615
1292 -0.5799999999999177
1293 -0.8949999999999175
1294 -0.12499999999991582
1295 -0.14999999999991562
1296 -1.4049999999999117
1297 -0.7349999999999183
1298 4.480000000000118
1299 -0.07999999999991556
1300 -0.1449999999999156
1301 -0.1049999999999158
1302 4.8999999999997765
1303 -0.08999999999991602
1304 4.854999999999773
1305 -0.06499999999991554
1306 -0.9249999999999184
1307 -0.1699999999999163
1308 -0.09499999999991579
1309 4.314999999999808
1310 4.78999999999981
1311 -0.11499999999991559
1312 -1.0999999999999144
1313 -0.07499999999991555
1314 4.464999999999867
1315 4.394999999999962
1316 -1.0899999999999197
1317 -1.3449999999999136
1318 -0.16499999999991607
1319 -0.11999999999991581
1320 -0.6349999999999166
1321 -1.0149999999999177
1322 -0.7849999999999179
1323 -0.1249999999999156
1324 -0.2299999999999168
1325 -0.12499999999991647
1326 -0.5449999999999161
1327 4.88999999999976
1328 4.0300000000001255
1329 -0.23999999999991614
1330 4.844999999999784
1331 -0.04999999999991555
1332 -0.6099999999999168
1333 4.125000000000124
1334 -0.1899999999999161
1335 -0.7049999999999174
1336 -0.14499999999991695
1337 4.205000000000106
1338 3.535000000000138
1339 4.589999999999818
1340 -0.10999999999991582
1341 -0.5799999999999168
1342 -0.36999999999991645
1343 8.76499999999962
1344 9.284999999999561
1345 -0.634999999999917
1346 4.025000000000105
1347 -0.6149999999999191
1348 -0.7999999999999168
1349 -0.014999999999916
1350 4.8649999999997675
1351 9.794999999999263
1352 -0.1399999999999156
1353 -0.10999999999991558
1354 -0.19999999999991633
1355 4.290000000000005
1356 -0.12499999999991648
1357 4.314999999999779
1358 4.814999999999779
1359 9.124999999999327
1360 -0.16999999999991564
1361 -0.7199999999999165
1362 8.444460408707499e-14
1363 4.060000000000097
1364 -0.5899999999999175
1365 -0.23999999999991636
1366 -0.3249999999999164
1367 -0.1449999999999156
1368 -0.1099999999999158
1369 -0.7999999999999168
1370 -0.6099999999999162
1371 -0.8349999999999164
1372 -0.16499999999991563
1373 -0.039999999999915554
1374 -0.0999999999999158
1375 -0.10499999999991602
1376 -0.11999999999991592
1377 3.485000000000139
1378 -0.5949999999999162
1379 -0.1299999999999156
1380 -0.05999999999991599
1381 4.994999999999765
1382 -0.6499999999999162
1383 -0.6149999999999162
1384 -0.20999999999991634
1385 -0.17999999999991587
1386 9.504999999999235
1387 -0.6599999999999167
1388 -0.08499999999991578
1389 14.71500000000045
1390 4.6300000000001145
1391 -0.09999999999991624
1392 4.6649999999998535
1393 -0.9549999999999205
1394 -0.8549999999999175
1395 -0.8899999999999175
1396 4.620000000000113
1397 4.924999999999761
1398 -0.23999999999991592
1399 -0.3199999999999173
1400 -0.06999999999991623
1401 -0.27999999999991815
1402 -0.07999999999991556
1403 -0.07999999999991578
1404 13.925000000000418
1405 -0.09999999999991557
1406 -0.2249999999999161
1407 9.504999999999821
1408 -0.10999999999991558
1409 -0.11499999999991625
1410 -0.18499999999991565
1411 -0.1549999999999163
1412 -0.27499999999991614
1413 -0.17999999999991698
1414 -1.059999999999917
1415 -0.6399999999999184
1416 4.889999999999762
1417 -0.7599999999999183
1418 -0.36499999999991734
1419 4.7099999999997815
1420 -0.13999999999991583
1421 14.305000000000497
1422 -0.1399999999999156
1423 4.9549999999997585
1424 -0.15499999999991584
1425 -0.1449999999999156
1426 -0.08999999999991579
1427 -0.1249999999999156
1428 -0.12499999999991648
1429 -0.1799999999999163
1430 -0.1399999999999169
1431 -1.1499999999999146
1432 4.235000000000098
1433 -0.21999999999991723
1434 -0.03499999999991556
1435 -0.11499999999991559
1436 -0.2799999999999175
1437 -0.27499999999991614
1438 -0.374999999999916
1439 -0.5999999999999164
1440 4.304999999999978
1441 5.024999999999752
1442 -0.08499999999991578
1443 -0.5899999999999166
1444 -0.12999999999991582
1445 -0.8899999999999184
1446 -0.059999999999915545
1447 -0.14999999999991562
1448 4.570000000000116
1449 -0.1949999999999161
1450 -0.3099999999999175
1451 4.489999999999781
1452 -0.6849999999999165
1453 -0.10499999999991558
1454 -0.6999999999999185
1455 4.760000000000109
1456 -0.8999999999999191
1457 9.814999999999225
1458 -0.889999999999918
1459 -0.11499999999991627
1460 4.784999999999764
1461 -0.15499999999991584
1462 4.075000000000106
1463 -0.5249999999999159
1464 -0.2149999999999163
1465 8.559999999999734
1466 -0.15499999999991562
1467 -0.15499999999991607
1468 -0.11999999999991626
1469 -0.7949999999999179
1470 -0.15499999999991562
1471 -0.19499999999991588
1472 -0.7299999999999165
1473 -0.15499999999991584
1474 4.644999999999795
1475 -0.21499999999991612
1476 -0.1949999999999161
1477 -0.039999999999915554
1478 -0.09499999999991579
1479 9.049999999999292
1480 -0.7349999999999203
1481 4.919999999999761
1482 -0.3399999999999164
1483 -0.7849999999999199
1484 -0.8049999999999181
1485 4.000000000000117
1486 -0.7649999999999167
1487 -0.13999999999991583
1488 -0.06999999999991555
1489 -0.12999999999991602
1490 -0.14999999999991584
1491 4.7200000000001
1492 -0.25999999999991746
1493 -0.09999999999991624
1494 -0.4299999999999165
1495 -0.11999999999991558
1496 -0.1049999999999158
1497 -0.10999999999991558
1498 -0.15999999999991626
1499 -0.6649999999999162
1500 -0.37499999999991734
1501 -0.7649999999999172
1502 -0.05499999999991577
1503 4.034999999999824
1504 -0.03499999999991578
1505 4.3199999999998235
1506 -0.1299999999999156
1507 4.61
1508 -0.08999999999991556
1509 -0.10999999999991558
1510 -0.05499999999991555
1511 -0.46499999999991676
1512 -0.4549999999999165
1513 4.520000000000085
1514 -0.5699999999999161
1515 -0.1299999999999156
1516 -0.2049999999999159
1517 -0.1399999999999156
1518 -0.16999999999991586
1519 -0.3049999999999175
1520 -0.5399999999999162
1521 -0.019999999999915558
1522 -0.17499999999991564
1523 -0.11499999999991603
1524 -1.1649999999999179
1525 4.6799999999998
1526 -0.06999999999991599
1527 -0.12999999999991604
1528 -0.04999999999991555
1529 -0.05499999999991555
1530 9.724999999999216
1531 -0.2949999999999175
1532 4.66999999999985
1533 13.93999999999996
1534 -0.18499999999991587
1535 4.275000000000095
1536 4.664999999999802
1537 -0.21999999999991612
1538 -0.10999999999991603
1539 -1.1299999999999142
1540 4.859999999999769
1541 -0.11499999999991581
1542 -0.2649999999999179
1543 -0.17999999999991587
1544 -0.28999999999991727
1545 4.764999999999784
1546 -0.0999999999999158
1547 -0.2649999999999159
1548 4.8899999999997705
1549 -0.4399999999999174
1550 4.374999999999833
1551 -0.06999999999991577
1552 -0.4949999999999181
1553 -0.20999999999991634
1554 -0.19999999999991588
1555 -0.01999999999991578
1556 -0.4999999999999177
1557 4.204999999999816
1558 -0.059999999999915545
1559 -0.4899999999999161
1560 -0.13499999999991605
1561 -0.6549999999999162
1562 -0.849999999999917
1563 4.160000000000121
1564 -0.17499999999991606
1565 -0.6849999999999171
1566 -0.1649999999999163
1567 -0.14499999999991584
1568 -0.3799999999999187
1569 4.095000000000124
1570 -0.5749999999999164
1571 4.455000000000115
1572 -0.16499999999991605
1573 -0.09999999999991557
1574 -1.0299999999999165
1575 -0.2999999999999164
1576 -0.20499999999991667
1577 4.6950000000001095
1578 -0.21499999999991612
1579 -0.16999999999991605
1580 -0.9099999999999191
1581 -0.1249999999999156
1582 -0.06499999999991554
1583 4.149999999999863
1584 -1.7749999999999058
1585 -0.21999999999991623
1586 -0.20499999999991567
1587 -0.08999999999991556
1588 -0.5899999999999159
1589 -0.059999999999915545
1590 -0.2399999999999161
1591 -0.7649999999999179
1592 4.204999999999847
1593 -0.11999999999991581
1594 -0.09999999999991557
1595 -0.11499999999991582
1596 -0.2049999999999161
1597 -0.07999999999991578
1598 -0.09999999999991602
1599 -0.03999999999991556
1600 -0.16499999999991583
1601 -0.06999999999991555
1602 -0.0999999999999158
1603 -0.1049999999999158
1604 -0.1299999999999156
1605 -0.18499999999991606
1606 4.339999999999788
1607 -0.5649999999999163
1608 -0.6249999999999164
1609 -0.1999999999999161
1610 -0.1099999999999158
1611 4.869999999999773
1612 -0.10499999999991558
1613 -0.16499999999991585
1614 -0.09499999999991558
1615 -0.10999999999991558
1616 3.730000000000122
1617 -0.18499999999991565
1618 -0.20999999999991611
1619 -0.2049999999999159
1620 -0.08499999999991556
1621 -0.7299999999999167
1622 -0.14499999999991628
1623 4.454999999999766
1624 -0.1399999999999156
1625 -0.07999999999991578
1626 -0.11999999999991559
1627 4.934999999999759
1628 -0.09499999999991557
1629 -0.3149999999999162
1630 -0.6499999999999169
1631 4.769999999999812
1632 -0.084999999999916
1633 4.879999999999776
1634 -0.14999999999991584
1635 -0.12999999999991582
1636 4.884999999999756
1637 -0.48499999999991766
1638 3.9099999999998127
1639 -0.17999999999991673
1640 -0.6799999999999187
1641 -0.09499999999991579
1642 -0.074999999999916
1643 4.834999999999775
1644 -0.4249999999999187
1645 -0.06999999999991599
1646 -0.12499999999991615
1647 -0.11999999999991559
1648 4.2750000000001025
1649 -0.27999999999991726
1650 -0.15499999999991626
1651 4.260000000000122
1652 4.97499999999976
1653 4.105000000000126
1654 -0.8449999999999181
1655 4.065000000000125
1656 -0.2899999999999166
1657 -0.20499999999991567
1658 -0.14999999999991562
1659 9.79999999999924
1660 -0.20999999999991634
1661 -0.17999999999991562
1662 4.030000000000125
1663 0.005000000000084445
1664 -0.8149999999999166
1665 -0.14999999999991562
1666 -0.1749999999999163
1667 -0.06499999999991554
1668 -0.1699999999999163
1669 3.819999999999811
1670 4.89999999999977
1671 -0.08499999999991599
1672 9.74499999999926
1673 -0.22999999999991635
1674 14.765000000000484
1675 4.744999999999777
1676 9.104999999999176
1677 4.949999999999755
1678 -0.2649999999999168
1679 -0.17499999999991672
1680 -0.1299999999999156
1681 -0.14499999999991628
1682 -0.11999999999991615
1683 -0.16499999999991563
1684 -0.13499999999991646
1685 -0.5799999999999161
1686 -0.16999999999991564
1687 -0.6299999999999164
1688 -0.0999999999999158
1689 -0.02999999999991578
1690 -0.6149999999999166
1691 -0.2749999999999157
1692 9.999999999999227
1693 -0.13499999999991605
1694 -0.16999999999991586
1695 -0.11999999999991581
1696 -0.07499999999991556
1697 4.76500000000002
1698 4.339999999999773
1699 -0.11499999999991559
1700 0.03000000000008445
1701 -0.8599999999999173
1702 -0.05999999999991577
1703 -0.13499999999991583
1704 -0.06999999999991555
1705 4.195000000000098
1706 -0.2749999999999177
1707 -0.11999999999991559
1708 4.2700000000001195
1709 -0.35999999999991644
1710 -0.16999999999991586
1711 -1.369999999999911
1712 -0.8999999999999169
1713 4.77000000000011
1714 -0.08499999999991556
1715 -1.004999999999919
1716 4.275000000000113
1717 -0.14999999999991584
1718 -0.1299999999999156
1719 4.884999999999755
1720 -0.6349999999999166
1721 4.199999999999819
1722 4.2250000000000965
1723 -0.10999999999991603
1724 4.944999999999769
1725 -0.26499999999991636
1726 -0.16999999999991564
1727 -0.3149999999999173
1728 -0.1999999999999161
1729 -0.08999999999991556
1730 4.8449999999998195
1731 3.9600000000001288
1732 -0.1399999999999156
1733 -0.13999999999991583
1734 -0.5499999999999163
1735 9.284999999999364
1736 4.745000000000047
1737 -0.20499999999991567
1738 -0.6499999999999162
1739 -1.1299999999999146
1740 -0.2099999999999163
1741 -0.3749999999999173
1742 4.2099999999997975
1743 -0.01999999999991578
1744 -0.8149999999999183
1745 4.549999999999776
1746 -1.5499999999999088
1747 -0.1449999999999156
1748 4.8749999999997975
1749 -0.09499999999991601
1750 9.789999999999226
1751 -0.7999999999999168
1752 -0.6149999999999168
1753 -0.08999999999991556
1754 -0.8299999999999172
1755 -0.0999999999999158
1756 -0.05999999999991643
1757 -0.6099999999999159
1758 -0.04999999999991555
1759 -0.10999999999991625
1760 -0.5249999999999163
1761 4.309999999999792
1762 4.725000000000112
1763 -0.05499999999991577
1764 -0.05999999999991555
1765 -0.1249999999999156
1766 4.824999999999783
1767 4.680000000000113
1768 -0.5549999999999161
1769 -0.6899999999999162
1770 4.904999999999761
1771 -1.3699999999999102
1772 -0.09499999999991557
1773 4.310000000000121
1774 -0.6649999999999162
1775 -0.08499999999991556
1776 -0.10999999999991558
1777 4.71999999999976
1778 4.024999999999791
1779 -0.1599999999999163
1780 4.240000000000091
1781 -0.14999999999991562
1782 -0.16999999999991564
1783 4.924999999999759
1784 4.6750000000001135
1785 -0.06499999999991553
1786 4.834999999999823
1787 9.374999999999213
1788 9.324999999999202
1789 -0.06499999999991554
1790 -0.08499999999991556
1791 -0.039999999999915554
1792 -0.06499999999991597
1793 4.564999999999797
1794 -0.12499999999991583
1795 -0.19499999999991677
1796 -0.509999999999917
1797 -0.3349999999999162
1798 -0.37499999999991623
1799 -0.07999999999991556
1800 -0.599999999999917
1801 -0.6649999999999164
1802 -0.21999999999991612
1803 4.140000000000123
1804 -0.8999999999999198
1805 -0.17999999999991653
1806 -0.15999999999991585
1807 -0.2199999999999159
1808 -0.1299999999999156
1809 -0.15499999999991562
1810 -0.1299999999999156
1811 4.735000000000112
1812 -0.10999999999991558
1813 -0.2399999999999168
1814 -0.2149999999999163
1815 -0.20999999999991611
1816 -0.12499999999991582
1817 -0.23499999999991614
1818 -0.7099999999999167
1819 -0.14499999999991584
1820 -0.17499999999991586
1821 -0.8849999999999184
1822 -0.574999999999917
1823 -0.43499999999991695
1824 -0.1399999999999156
1825 4.719999999999794
1826 -0.5199999999999163
1827 4.295000000000121
1828 -0.6349999999999173
1829 -0.15999999999991718
1830 -1.094999999999915
1831 4.83000000000011
1832 -0.15499999999991562
1833 -0.05999999999991577
1834 -0.1949999999999161
1835 -0.10999999999991558
1836 -0.7299999999999174
1837 -0.6099999999999159
1838 -0.1399999999999156
1839 4.7250000000000805
1840 -0.09999999999991557
1841 -0.11999999999991559
1842 -0.5149999999999163
1843 -0.7749999999999174
1844 3.850000000000131
1845 4.819999999999774
1846 -0.1249999999999156
1847 -0.15999999999991607
1848 -0.6099999999999162
1849 -0.3749999999999158
1850 -0.08999999999991579
1851 -0.13999999999991583
1852 -0.1249999999999156
1853 -0.03499999999991578
1854 -0.10499999999991602
1855 -0.06999999999991555
1856 -0.10999999999991625
1857 4.779999999999773
1858 -0.07499999999991555
1859 -0.6449999999999171
1860 4.859999999999769
1861 4.874999999999776
1862 4.884999999999774
1863 -0.40499999999991715
1864 -0.05999999999991577
1865 -0.10999999999991603
1866 4.194999999999821
1867 -0.22999999999991722
1868 4.8449999999997555
1869 4.849999999999768
1870 4.954999999999755
1871 4.854999999999768
1872 -0.044999999999915774
1873 -0.6549999999999164
1874 -0.97999999999992
1875 -0.11999999999991559
1876 -0.1449999999999156
1877 -0.40999999999991704
1878 4.679999999999816
1879 4.205000000000122
1880 -0.044999999999915774
1881 -0.09499999999991579
1882 4.37499999999981
1883 -0.08499999999991556
1884 -0.1049999999999158
1885 -0.09999999999991557
1886 -0.19499999999991652
1887 -0.2599999999999179
1888 -0.12999999999991604
1889 4.869999999999776
1890 -0.21499999999991656
1891 -0.16999999999991608
1892 4.704999999999803
1893 -0.18499999999991587
1894 4.305000000000121
1895 -0.21499999999991568
1896 4.734999999999797
1897 -0.06499999999991554
1898 -0.11999999999991559
1899 -0.7299999999999176
1900 -0.5749999999999164
1901 4.304999999999774
1902 -0.09999999999991557
1903 -0.6449999999999164
1904 4.769999999999784
1905 -0.17499999999991564
1906 4.744999999999813
1907 -0.6749999999999167
1908 -0.9149999999999189
1909 -0.12999999999991557
1910 -1.3649999999999112
1911 4.404999999999799
1912 4.359999999999826
1913 4.834999999999775
1914 4.790000000000036
1915 4.864999999999769
1916 -0.10499999999991647
1917 -0.11499999999991559
1918 -0.5849999999999164
1919 -0.8299999999999181
1920 -0.16499999999991563
1921 -0.05499999999991555
1922 -0.14499999999991606
1923 3.710000000000086
1924 -0.42499999999991583
1925 -0.08499999999991578
1926 4.2949999999997885
1927 -0.11999999999991559
1928 -0.1249999999999156
1929 -0.11999999999991559
1930 -0.06999999999991555
1931 -1.8999999999999009
1932 4.979999999999756
1933 4.384999999999772
1934 -0.1249999999999156
1935 -0.059999999999915545
1936 -0.5799999999999164
1937 -0.06499999999991554
1938 -0.39499999999991736
1939 8.379234806010771e-14
1940 -0.09499999999991557
1941 -0.25499999999991724
1942 -0.12999999999991646
1943 4.524999999999784
1944 -0.3299999999999171
1945 -0.2549999999999159
1946 -0.16999999999991583
1947 -0.8699999999999175
1948 4.859999999999768
1949 4.045000000000124
1950 -0.014999999999915779
1951 -0.1449999999999156
1952 -0.05499999999991555
1953 4.924999999999763
1954 4.859999999999762
1955 -0.08499999999991578
1956 -0.02499999999991556
1957 4.864999999999872
1958 9.90499999999921
1959 -0.5049999999999176
1960 9.354999999999446
1961 -0.07499999999991555
1962 -0.03999999999991578
1963 -0.08999999999991623
1964 -0.7049999999999176
1965 4.889999999999788
1966 -0.6399999999999166
1967 4.7949999999998205
1968 -0.19999999999991633
1969 -0.11499999999991581
1970 4.894999999999806
1971 -0.4199999999999187
1972 -0.10999999999991579
1973 -0.10499999999991558
1974 -0.16999999999991608
1975 -0.619999999999916
1976 -0.11499999999991559
1977 -1.3049999999999131
1978 -0.5899999999999164
1979 13.840000000000012
1980 -0.14999999999991562
1981 -0.1299999999999156
1982 -0.10499999999991558
1983 -0.1949999999999161
1984 -0.29499999999991683
1985 -0.1299999999999156
1986 -0.15999999999991585
1987 -0.6499999999999166
1988 -0.10499999999991558
1989 -1.014999999999919
1990 -0.09499999999991623
1991 4.145000000000107
1992 4.844999999999914
1993 -0.10999999999991557
1994 -0.08499999999991556
1995 -0.589999999999917
1996 -0.10499999999991558
1997 -0.16999999999991586
1998 4.854999999999764
1999 -0.07999999999991556
5604.240003585815
