0 19.404999999999937
1 17.029999999999596
2 16.99000000000006
3 26.709999999999987
4 16.764999999999997
5 12.480000000000041
6 22.564999999999937
7 86.39999999999941
8 22.515000000000022
9 27.84499999999971
10 33.054999999999794
11 42.70499999999979
12 22.989999999999945
13 22.51499999999967
14 8.19999999999992
15 42.55999999999972
16 37.15999999999958
17 22.300000000000104
18 28.110000000000053
19 46.54999999999948
20 32.304999999999595
21 -3.6649999999998837
22 37.55999999999991
23 26.535000000000117
24 29.710000000000072
25 26.46
26 42.674999999999635
27 33.299999999999926
28 66.14999999999917
29 42.65499999999953
30 59.02999999999839
31 21.410000000000032
32 27.960000000000065
33 27.19999999999998
34 26.834999999999926
35 36.92999999999898
36 45.14999999999968
37 27.985000000000145
38 32.84500000000011
39 37.089999999999534
40 7.4649999999994785
41 17.84499999999996
42 37.25499999999966
43 13.569999999999839
44 12.854999999999736
45 27.000000000000483
46 2.0150000000000894
47 37.869999999999585
48 2.7000000000001307
49 33.054999999999616
50 -1.1299999999999188
51 46.064999999998626
52 25.50000000000021
53 13.404999999999346
54 4.119999999999879
55 7.739999999999646
56 13.934999999999823
57 8.505000000000006
58 13.884999999999984
59 -1.7349999999999108
60 9.20999999999945
61 -2.1499999999999053
62 3.0700000000000927
63 -1.7549999999999097
64 8.884999999999405
65 -1.009999999999918
66 -1.4999999999999172
67 -1.0049999999999224
68 18.30999999999969
69 3.564999999999822
70 31.95499999999918
71 8.094999999999166
72 4.11999999999992
73 8.669999999999137
74 13.559999999999352
75 -1.2149999999999144
76 13.464999999999836
77 7.994999999999324
78 -1.2849999999999162
79 -3.01499999999988
80 3.865000000000091
81 3.660000000000112
82 3.0350000000001147
83 4.204999999999838
84 -0.7199999999999178
85 4.1300000000001225
86 8.829999999999535
87 8.489999999999299
88 -0.819999999999917
89 -1.5249999999999122
90 9.149999999999851
91 8.789999999999772
92 8.25499999999965
93 4.104999999999844
94 3.899999999999973
95 4.269999999999798
96 4.180000000000024
97 9.43999999999925
98 -0.7049999999999185
99 3.590000000000132
100 -0.8349999999999184
101 9.25499999999932
102 -1.0849999999999191
103 3.115000000000146
104 8.584999999999274
105 -0.9149999999999202
106 4.564999999999824
107 3.749999999999857
108 4.095000000000126
109 7.790000000000051
110 -0.6599999999999173
111 3.929999999999791
112 9.324999999999186
113 -1.0199999999999165
114 -0.6999999999999182
115 -1.1099999999999168
116 -0.7999999999999201
117 -0.13499999999991605
118 -0.39499999999991936
119 13.915000000000083
120 -0.6299999999999173
121 -0.3049999999999173
122 4.189999999999855
123 4.49500000000009
124 -0.979999999999918
125 -1.1399999999999177
126 8.704999999999538
127 -0.5149999999999172
128 8.414999999999777
129 -0.5699999999999166
130 13.954999999999346
131 -0.19499999999991607
132 4.239999999999864
133 4.215000000000084
134 -0.6899999999999167
135 -1.9399999999998983
136 8.754999999999429
137 -0.18499999999991595
138 4.505000000000114
139 -0.14999999999991628
140 -0.4149999999999178
141 -0.18499999999991654
142 14.315000000000401
143 4.115000000000107
144 4.714999999999881
145 -0.16999999999991605
146 -0.22499999999991635
147 14.660000000000396
148 -0.7399999999999178
149 4.220000000000123
150 4.264999999999786
151 3.120000000000134
152 8.774999999999272
153 -0.6799999999999171
154 4.220000000000123
155 4.719999999999836
156 -0.24999999999991612
157 4.374999999999856
158 -0.6249999999999173
159 -0.7849999999999181
160 -0.5599999999999161
161 4.1099999999998404
162 -0.7699999999999172
163 -0.1599999999999163
164 14.259999999999993
165 4.160000000000118
166 -0.7649999999999174
167 -0.3149999999999175
168 -0.344999999999916
169 -0.6299999999999173
170 -1.1599999999999155
171 -0.1199999999999158
172 -0.7099999999999165
173 -0.8249999999999192
174 -1.1799999999999136
175 -1.574999999999907
176 -0.5499999999999159
177 -0.46999999999991676
178 4.3699999999998065
179 4.3849999999998435
180 9.869999999999232
181 -0.4399999999999172
182 -0.16999999999991694
183 4.3999999999999835
184 -0.1449999999999156
185 18.98000000000025
186 -0.6649999999999171
187 4.329999999999806
188 -0.4949999999999159
189 -0.5749999999999164
190 9.389999999999247
191 4.255000000000019
192 -0.1949999999999161
193 -0.4499999999999172
194 9.239999999999233
195 8.56499999999922
196 3.7949999999999022
197 13.149999999999253
198 -0.6649999999999164
199 8.61999999999988
200 -0.6849999999999173
201 -0.17999999999991587
202 -0.13499999999991583
203 -1.0999999999999153
204 4.540000000000077
205 -0.9649999999999171
206 -0.4299999999999163
207 4.014999999999788
208 -0.13999999999991627
209 -0.6249999999999166
210 -0.5049999999999167
211 -0.38999999999991625
212 4.199999999999876
213 -0.6499999999999169
214 -0.22499999999991607
215 -0.15499999999991562
216 -0.6149999999999166
217 -0.5149999999999163
218 -0.48999999999991634
219 -0.6349999999999166
220 -0.569999999999919
221 -0.8099999999999172
222 -0.20999999999991567
223 -0.6049999999999159
224 -0.06499999999991576
225 4.869999999999782
226 13.289999999999411
227 -0.18499999999991565
228 -0.7999999999999174
229 -0.49999999999991634
230 -0.17499999999991586
231 -0.3299999999999162
232 4.80999999999979
233 -0.6999999999999162
234 -0.10499999999991624
235 -0.17499999999991628
236 -0.5749999999999164
237 -0.4999999999999159
238 3.905000000000082
239 -0.5799999999999159
240 -0.5299999999999161
241 9.389999999999214
242 -1.029999999999916
243 -0.37999999999991624
244 -1.2199999999999143
245 -0.6899999999999171
246 -0.38499999999991624
247 -0.5299999999999161
248 -0.06499999999991576
249 -1.2499999999999125
250 -0.8399999999999173
251 3.5950000000001365
252 -0.08999999999991555
253 9.384999999999161
254 4.140000000000125
255 4.135000000000062
256 -0.6399999999999177
257 4.319999999999857
258 -0.42999999999991717
259 9.084999999999154
260 -0.6149999999999166
261 -0.599999999999917
262 13.174999999999544
263 -0.09999999999991557
264 -0.4999999999999161
265 -0.1999999999999161
266 -0.7149999999999174
267 4.180000000000124
268 -0.969999999999918
269 3.799999999999863
270 4.039999999999787
271 3.8799999999998507
272 -1.1199999999999175
273 -0.5049999999999158
274 -0.6699999999999162
275 13.410000000000046
276 -0.499999999999917
277 4.469999999999776
278 4.809999999999799
279 -0.4549999999999161
280 -0.09999999999991557
281 4.639999999999815
282 -1.2599999999999123
283 -1.1299999999999157
284 4.834999999999797
285 4.889999999999767
286 -0.8149999999999185
287 -0.6249999999999162
288 -0.5499999999999174
289 -1.199999999999913
290 9.839999999999247
291 -0.614999999999916
292 9.849999999999206
293 3.954999999999899
294 -0.8649999999999184
295 4.185000000000124
296 4.429999999999777
297 14.414999999999711
298 -0.2399999999999157
299 -1.1149999999999158
300 -0.8999999999999186
301 -0.9649999999999191
302 4.254999999999825
303 9.729999999999292
304 4.284999999999842
305 14.68500000000047
306 4.305000000000028
307 -0.06499999999991599
308 -0.1749999999999163
309 4.520000000000116
310 -0.5049999999999161
311 -1.4549999999999084
312 -0.9549999999999165
313 -0.26999999999991636
314 -0.539999999999917
315 -0.7449999999999181
316 -0.44999999999991586
317 4.8699999999997745
318 -0.5349999999999163
319 4.849999999999809
320 -0.20499999999991567
321 -0.5849999999999159
322 -0.824999999999917
323 -0.5249999999999161
324 -0.9699999999999198
325 3.7800000000001255
326 -0.699999999999917
327 -0.5599999999999168
328 -0.1099999999999158
329 -0.7749999999999183
330 -0.5849999999999168
331 -0.8599999999999162
332 -0.05499999999991555
333 -0.17499999999991586
334 3.7450000000001245
335 -0.08999999999991556
336 -0.23499999999991614
337 -0.06499999999991576
338 -0.09499999999991557
339 13.929999999999632
340 4.265000000000043
341 -1.1799999999999133
342 -0.1199999999999156
343 -0.5599999999999163
344 2.915000000000111
345 -0.5549999999999163
346 -0.04999999999991576
347 4.37999999999984
348 -0.08499999999991556
349 -0.4899999999999159
350 4.164999999999848
351 -0.7949999999999168
352 13.964999999999536
353 3.425000000000124
354 -0.5049999999999158
355 9.479999999999373
356 -0.349999999999916
357 -0.07499999999991555
358 3.865000000000113
359 -0.5049999999999161
360 9.459999999999178
361 -0.5949999999999173
362 -0.7349999999999165
363 -0.4249999999999167
364 -1.2449999999999148
365 4.224999999999907
366 -0.24999999999991748
367 -0.11999999999991558
368 9.124999999999407
369 -0.4999999999999161
370 8.779999999999946
371 -0.11999999999991581
372 -0.6399999999999175
373 -1.124999999999915
374 4.269999999999896
375 -0.06999999999991555
376 -0.12499999999991582
377 4.215000000000062
378 -0.3849999999999167
379 4.744999999999795
380 3.9149999999998126
381 -0.5499999999999163
382 -0.6799999999999164
383 -0.12999999999991582
384 -0.19499999999991566
385 4.0200000000001275
386 -0.06999999999991577
387 4.089999999999782
388 -0.02499999999991556
389 -0.15999999999991604
390 4.609999999999764
391 -0.16999999999991564
392 -0.7999999999999186
393 4.295000000000122
394 -0.10999999999991558
395 2.9650000000001473
396 -0.03499999999991578
397 9.899999999999213
398 4.910000000000073
399 8.844999999999235
400 4.819999999999815
401 -0.1299999999999158
402 -0.47999999999991655
403 4.7200000000001125
404 -0.13999999999991602
405 4.210000000000123
406 4.184999999999855
407 -0.5599999999999159
408 4.294999999999824
409 4.84999999999978
410 4.399999999999827
411 4.419999999999834
412 -0.08999999999991556
413 -0.15999999999991563
414 -0.1899999999999161
415 -0.6649999999999171
416 4.474999999999785
417 4.160000000000105
418 -0.5149999999999165
419 -0.2949999999999173
420 -0.6049999999999164
421 -0.7299999999999169
422 4.204999999999803
423 -0.084999999999916
424 4.060000000000109
425 -0.24999999999991593
426 -0.584999999999917
427 -0.07499999999991577
428 -0.019999999999915558
429 4.684999999999977
430 -0.5649999999999161
431 -0.8899999999999177
432 -0.13999999999991583
433 -0.10499999999991558
434 4.440000000000111
435 -0.11999999999991581
436 -0.5699999999999159
437 4.849999999999759
438 4.2449999999998305
439 14.080000000000176
440 3.774999999999947
441 -0.12999999999991582
442 4.764999999999787
443 -0.36499999999991667
444 -0.1349999999999156
445 9.109999999999676
446 14.315000000000193
447 4.839999999999766
448 4.4199999999997805
449 -0.059999999999915545
450 4.884999999999756
451 -0.44999999999991586
452 4.384999999999801
453 -0.10999999999991558
454 3.5950000000001365
455 9.804999999999259
456 4.279999999999819
457 3.6000000000000973
458 -0.05499999999991555
459 -0.08499999999991556
460 -0.43499999999991606
461 -0.2899999999999166
462 -0.1349999999999156
463 -1.0149999999999184
464 -0.6149999999999163
465 4.864999999999876
466 -0.044999999999915774
467 -0.04499999999991555
468 -0.08499999999991556
469 4.279999999999812
470 -0.7199999999999174
471 4.899999999999758
472 4.534999999999856
473 -1.064999999999915
474 -0.07999999999991554
475 -0.42999999999991695
476 -0.42999999999991584
477 4.274999999999789
478 9.424999999999166
479 -0.5399999999999163
480 -0.22499999999991568
481 4.484999999999763
482 4.309999999999861
483 -0.05499999999991555
484 -0.5549999999999163
485 -0.09999999999991557
486 -0.2549999999999161
487 -0.08999999999991579
488 -0.1449999999999156
489 4.249999999999807
490 -0.079999999999916
491 -0.7049999999999165
492 -1.229999999999913
493 -0.6549999999999173
494 4.914999999999809
495 -0.17499999999991608
496 -0.06999999999991555
497 4.444999999999812
498 -0.07999999999991556
499 -0.5099999999999159
500 9.284999999999393
501 -1.219999999999914
502 -0.6399999999999171
503 3.7550000000000985
504 4.8699999999997745
505 -0.684999999999916
506 4.729999999999822
507 -0.11999999999991559
508 -0.21999999999991568
509 -1.8999999999998987
510 3.8700000000001005
511 -1.1899999999999133
512 -0.07999999999991556
513 -0.7599999999999181
514 -0.03999999999991622
515 -0.08499999999991578
516 -0.1049999999999158
517 -0.6899999999999165
518 -0.08499999999991556
519 -0.11499999999991559
520 -0.10999999999991603
521 -0.05499999999991555
522 -0.514999999999917
523 9.379999999999345
524 -0.22999999999991613
525 4.414999999999795
526 -0.7249999999999178
527 -0.12999999999991604
528 -0.039999999999915554
529 -0.02999999999991556
530 4.419999999999951
531 -1.2199999999999145
532 4.769999999999784
533 4.924999999999754
534 -0.6099999999999164
535 -0.6099999999999168
536 -0.48999999999991656
537 -0.1399999999999156
538 14.67000000000003
539 -0.5249999999999161
540 4.874999999999764
541 -0.11999999999991559
542 -0.8799999999999162
543 4.504999999999777
544 -0.1299999999999156
545 -0.8199999999999172
546 8.099999999999731
547 -0.20499999999991608
548 -0.1449999999999156
549 -1.8899999999998982
550 -0.4399999999999163
551 4.844999999999793
552 -0.11499999999991559
553 -0.1249999999999156
554 4.454999999999783
555 4.83999999999977
556 -0.07999999999991556
557 4.765000000000112
558 -0.13499999999991583
559 -0.5149999999999161
560 -0.14999999999991562
561 -0.1399999999999156
562 9.309999999999249
563 9.324999999999207
564 -0.10499999999991558
565 -0.4699999999999161
566 -0.07499999999991555
567 -0.6249999999999171
568 4.954999999999783
569 -0.3549999999999171
570 -0.059999999999915545
571 -0.06499999999991554
572 -0.09999999999991557
573 -0.1249999999999156
574 -0.8349999999999168
575 -0.02999999999991556
576 3.8650000000000713
577 -0.9249999999999186
578 4.889999999999762
579 -0.06499999999991554
580 -0.12499999999991604
581 -0.15499999999991607
582 4.000000000000128
583 -0.07999999999991556
584 -0.11999999999991559
585 -0.5549999999999159
586 -0.39999999999991626
587 -0.08499999999991556
588 -0.1149999999999156
589 4.105000000000099
590 -0.8899999999999164
591 -0.33999999999991576
592 -0.45499999999991586
593 9.214999999999394
594 -0.8899999999999177
595 9.284999999999666
596 -0.14999999999991562
597 -0.19499999999991588
598 -0.10999999999991558
599 -0.6449999999999169
600 -0.08499999999991556
601 -0.10499999999991558
602 -0.19499999999991566
603 4.8949999999997615
604 -1.4199999999999118
605 -0.02999999999991556
606 -0.09999999999991557
607 4.765000000000006
608 4.909999999999765
609 -0.18999999999991565
610 4.310000000000117
611 -0.18499999999991565
612 -0.5449999999999159
613 -0.38999999999991647
614 -0.15499999999991584
615 0.005000000000084223
616 -0.014999999999915557
617 -0.17499999999991586
618 -0.09499999999991579
619 -0.4499999999999161
620 -0.6049999999999159
621 4.669999999999786
622 -0.5749999999999159
623 3.980000000000115
624 -0.5499999999999161
625 -0.5799999999999172
626 -0.07999999999991556
627 -0.08999999999991556
628 -0.1299999999999156
629 9.719999999999223
630 -0.5149999999999174
631 -0.9249999999999167
632 -0.09499999999991557
633 -0.059999999999915545
634 -0.044999999999915996
635 -0.14999999999991562
636 -0.1099999999999158
637 9.20999999999924
638 9.91499999999922
639 9.884999999999229
640 -0.15999999999991563
641 -0.08999999999991555
642 4.859999999999782
643 -0.06999999999991555
644 -0.21499999999991654
645 -0.044999999999915774
646 -0.5649999999999161
647 -0.5849999999999161
648 -0.08499999999991556
649 -0.16499999999991585
650 4.365000000000118
651 4.694999999999791
652 -0.20499999999991633
653 -0.6749999999999171
654 -0.589999999999917
655 4.409999999999875
656 -0.06999999999991555
657 -0.15999999999991585
658 4.44499999999978
659 -0.15499999999991584
660 0.06000000000008444
661 -0.5049999999999158
662 -0.4449999999999163
663 -0.07499999999991555
664 -0.07499999999991577
665 -0.5499999999999161
666 -0.04999999999991577
667 -0.6799999999999162
668 -0.08499999999991556
669 -0.08499999999991578
670 -0.039999999999915554
671 -0.11499999999991559
672 -0.1449999999999156
673 -0.02999999999991556
674 13.61999999999918
675 -0.5099999999999159
676 -0.1099999999999158
677 -0.09499999999991557
678 -0.5249999999999159
679 -0.04999999999991555
680 4.839999999999832
681 -0.5799999999999164
682 -0.03999999999991578
683 -0.6149999999999166
684 9.33999999999938
685 -0.5599999999999166
686 -0.1249999999999156
687 4.415000000000119
688 -0.8999999999999175
689 -0.5899999999999168
690 -0.1299999999999156
691 -0.15499999999991648
692 4.444999999999857
693 -0.6599999999999164
694 -0.10999999999991558
695 4.629999999999776
696 -0.07999999999991556
697 4.95999999999976
698 -0.059999999999915545
699 4.829999999999756
700 -1.0049999999999164
701 -0.09499999999991557
702 -0.07499999999991555
703 4.864999999999808
704 -0.04999999999991555
705 -0.5199999999999174
706 -1.1699999999999149
707 -0.09499999999991579
708 4.974999999999756
709 4.239999999999797
710 4.899999999999763
711 4.8749999999997655
712 -0.6099999999999159
713 -0.5449999999999159
714 4.884999999999756
715 -0.704999999999916
716 -0.11499999999991581
717 4.779999999999839
718 4.4049999999998075
719 -0.5499999999999163
720 4.934999999999768
721 -0.054999999999915755
722 -0.5549999999999159
723 -0.08499999999991556
724 -0.19999999999991566
725 -0.1299999999999156
726 -0.11499999999991559
727 8.77499999999929
728 19.00000000000079
729 -0.06499999999991554
730 -0.43499999999991584
731 -0.14999999999991562
732 -0.03499999999991556
733 4.230000000000086
734 -0.784999999999917
735 -0.5149999999999159
736 -0.17499999999991653
737 9.369999999999253
738 -0.1249999999999156
739 -0.10499999999991558
740 4.799999999999867
741 -0.7099999999999176
742 4.3450000000001205
743 -0.11499999999991559
744 -0.059999999999915545
745 4.964999999999753
746 19.180000000000902
747 -0.09499999999991579
748 9.944999999999212
749 -0.5799999999999164
750 -0.4499999999999165
751 -0.04999999999991555
752 -0.7749999999999174
753 -0.779999999999917
754 -0.8349999999999181
755 -0.18499999999991565
756 -0.1399999999999156
757 4.839999999999814
758 -0.16499999999991585
759 3.8049999999998168
760 4.0300000000001255
761 9.55499999999931
762 3.685000000000101
763 -0.07999999999991556
764 -0.11999999999991559
765 4.075000000000065
766 -0.4949999999999159
767 3.440000000000115
768 -0.15499999999991562
769 4.479999999999774
770 -0.11499999999991559
771 4.759999999999901
772 -0.11999999999991581
773 -0.09499999999991579
774 4.874999999999755
775 -0.11499999999991581
776 -0.16999999999991586
777 -0.07499999999991555
778 -0.08999999999991556
779 -0.10999999999991558
780 -0.1349999999999156
781 -0.5399999999999159
782 -0.5949999999999168
783 -0.07999999999991556
784 -0.1449999999999156
785 -0.11999999999991559
786 4.164999999999907
787 -0.10499999999991602
788 -0.11999999999991602
789 4.744999999999797
790 -0.4699999999999159
791 -0.4999999999999161
792 -0.08499999999991556
793 -0.1299999999999165
794 -0.08499999999991555
795 4.425000000000119
796 -0.6799999999999167
797 -0.10499999999991558
798 -0.05499999999991555
799 9.454999999999172
800 -0.09999999999991557
801 4.0800000000001235
802 -0.15999999999991563
803 -0.16999999999991608
804 -0.08499999999991556
805 -1.3049999999999125
806 -0.6299999999999168
807 -0.07999999999991556
808 -0.1199999999999156
809 -0.8749999999999168
810 -0.02499999999991556
811 4.325000000000116
812 -0.06999999999991555
813 -0.1449999999999156
814 -0.389999999999916
815 4.7499999999997735
816 -0.09999999999991557
817 -0.7049999999999171
818 -0.5299999999999161
819 -0.059999999999915545
820 -0.08499999999991556
821 -0.11499999999991559
822 -0.17499999999991586
823 -0.1349999999999156
824 -0.05999999999991577
825 -0.2999999999999164
826 -0.14499999999991559
827 -0.17999999999991564
828 9.374999999999575
829 -0.5899999999999166
830 -0.0999999999999158
831 4.179999999999828
832 -0.06499999999991554
833 4.894999999999763
834 -0.1399999999999156
835 9.864999999999204
836 -0.3449999999999175
837 -0.2499999999999157
838 4.929999999999779
839 -0.18499999999991676
840 -0.6349999999999171
841 -0.6149999999999166
842 -0.5849999999999173
843 4.68000000000011
844 -0.07499999999991555
845 -0.15499999999991562
846 -0.09499999999991601
847 -0.14499999999991559
848 -0.20499999999991655
849 -0.2699999999999166
850 4.264999999999818
851 4.249999999999836
852 -0.06999999999991555
853 -0.09499999999991557
854 4.924999999999782
855 -0.5299999999999161
856 4.899999999999754
857 -0.09999999999991557
858 -0.09499999999991555
859 -0.009999999999915556
860 -0.5299999999999163
861 4.429999999999784
862 4.439999999999823
863 4.669999999999788
864 -0.10499999999991558
865 -0.06499999999991554
866 -0.18999999999991565
867 -0.18499999999991565
868 9.324999999999207
869 4.814999999999843
870 -0.07999999999991556
871 -0.11499999999991581
872 -0.5549999999999159
873 -0.13499999999991583
874 4.824999999999761
875 -0.14999999999991584
876 -0.10499999999991558
877 -0.5449999999999167
878 -0.4749999999999161
879 -0.17499999999991564
880 -0.4199999999999165
881 -0.08999999999991556
882 4.484999999999792
883 -0.03499999999991556
884 -0.11499999999991559
885 -0.17999999999991564
886 -0.18999999999991632
887 -0.13999999999991583
888 -0.08499999999991556
889 4.904999999999774
890 9.809999999999548
891 -0.10999999999991558
892 4.904999999999768
893 -0.4299999999999187
894 -0.08999999999991556
895 -0.08999999999991556
896 -0.09499999999991557
897 -0.059999999999915545
898 4.205000000000122
899 -0.2049999999999161
900 -0.5399999999999161
901 4.879999999999826
902 -0.6049999999999166
903 -0.08499999999991557
904 -0.1449999999999156
905 -0.06499999999991554
906 4.924999999999754
907 -0.10499999999991558
908 -0.09999999999991557
909 -0.08999999999991556
910 -0.05499999999991555
911 -0.09499999999991601
912 -0.059999999999915545
913 4.160000000000094
914 -0.4499999999999163
915 -0.059999999999915545
916 -0.08499999999991556
917 4.255000000000121
918 -0.0049999999999155555
919 -0.11999999999991691
920 -0.1749999999999163
921 -0.1449999999999156
922 9.889999999999214
923 -1.0599999999999157
924 -0.4799999999999159
925 -0.25999999999991724
926 -0.5449999999999161
927 -0.059999999999915545
928 4.919999999999795
929 4.860000000000085
930 -0.11999999999991559
931 -0.6649999999999164
932 -0.12999999999991582
933 4.889999999999779
934 -0.014999999999915557
935 -0.17999999999991564
936 4.819999999999783
937 -1.2549999999999124
938 4.3799999999997885
939 -0.09499999999991557
940 -0.1249999999999156
941 -0.04999999999991555
942 -0.17499999999991586
943 -0.15499999999991562
944 4.724999999999941
945 4.889999999999778
946 3.914999999999809
947 -0.48499999999991633
948 -0.28499999999991615
949 4.750000000000111
950 -0.04999999999991555
951 -0.5699999999999166
952 -0.06499999999991554
953 -0.2499999999999166
954 -0.7499999999999163
955 -0.5099999999999159
956 -0.18999999999991565
957 -0.11499999999991559
958 -0.06999999999991555
959 -0.03499999999991556
960 -0.43499999999991584
961 4.874999999999821
962 -0.09499999999991557
963 4.789999999999771
964 -0.5399999999999168
965 4.804999999999996
966 -0.12499999999991582
967 -0.5849999999999164
968 -0.16999999999991564
969 9.964999999999224
970 -0.1249999999999156
971 -0.06499999999991554
972 -0.08499999999991578
973 -0.11499999999991559
974 -0.08999999999991556
975 -0.10999999999991558
976 -0.05999999999991577
977 -0.11999999999991559
978 -0.07499999999991577
979 -0.474999999999917
980 -0.26999999999991703
981 -0.809999999999917
982 -0.1449999999999156
983 4.874999999999771
984 -0.1249999999999156
985 4.810000000000026
986 -0.09999999999991557
987 -0.7749999999999172
988 -0.4799999999999163
989 -0.4849999999999159
990 -0.1349999999999156
991 -0.1399999999999156
992 -0.07499999999991555
993 -0.1449999999999156
994 -0.3599999999999158
995 4.469999999999794
996 -0.1699999999999163
997 4.68999999999978
998 -0.07999999999991578
999 -0.18499999999991631
1000 -0.08499999999991556
1001 -0.3899999999999196
1002 -0.16499999999991563
1003 -0.2099999999999159
1004 -0.059999999999915545
1005 -0.6599999999999164
1006 -0.1249999999999156
1007 -0.07499999999991577
1008 4.789999999999783
1009 -0.039999999999915554
1010 4.799999999999797
1011 4.12499999999986
1012 -0.039999999999915554
1013 -0.07999999999991578
1014 -0.11999999999991559
1015 -0.23499999999991658
1016 -0.07499999999991555
1017 -0.08999999999991556
1018 -0.09999999999991557
1019 -0.32499999999991663
1020 -0.3849999999999167
1021 9.389999999999258
1022 -0.17499999999991564
1023 -0.07999999999991556
1024 -0.1099999999999158
1025 -0.10499999999991558
1026 -0.1299999999999156
1027 -0.7199999999999176
1028 -1.119999999999915
1029 -0.18499999999991587
1030 -0.11999999999991602
1031 -0.1249999999999156
1032 -0.07499999999991579
1033 -0.33499999999991575
1034 -0.1899999999999162
1035 -0.02499999999991556
1036 -0.5599999999999159
1037 4.160000000000093
1038 -0.20999999999991611
1039 -0.47499999999991743
1040 -0.18499999999991565
1041 -0.1399999999999156
1042 4.74999999999978
1043 -0.6049999999999164
1044 9.974999999999216
1045 9.759999999999264
1046 -0.5549999999999163
1047 4.3349999999998055
1048 -0.03499999999991556
1049 -0.654999999999916
1050 -0.23999999999991592
1051 -0.1249999999999156
1052 -0.6549999999999169
1053 -0.09499999999991557
1054 -0.019999999999915558
1055 -0.09999999999991557
1056 -0.08499999999991556
1057 -0.6249999999999166
1058 -0.11999999999991559
1059 -0.23999999999991614
1060 -0.44499999999991585
1061 -0.04499999999991555
1062 -0.12999999999991582
1063 -0.14999999999991562
1064 -0.03499999999991556
1065 -0.1399999999999156
1066 -0.06499999999991599
1067 -0.18499999999991587
1068 -0.10499999999991558
1069 -0.22499999999991568
1070 -0.5999999999999162
1071 -0.07499999999991555
1072 -0.10999999999991558
1073 -0.16999999999991564
1074 -0.08999999999991556
1075 -0.09999999999991556
1076 -0.6849999999999165
1077 -0.1349999999999156
1078 -0.11499999999991559
1079 -0.5549999999999159
1080 4.949999999999757
1081 8.894999999999827
1082 -0.0999999999999158
1083 -0.08499999999991667
1084 4.259999999999827
1085 4.360000000000043
1086 4.7949999999997726
1087 -0.1299999999999156
1088 -0.09499999999991557
1089 -0.08999999999991556
1090 -0.03499999999991556
1091 -0.1399999999999156
1092 4.44999999999984
1093 -0.6299999999999173
1094 9.799999999999235
1095 -0.15499999999991562
1096 4.230000000000121
1097 -0.10499999999991558
1098 -0.15999999999991563
1099 -0.5049999999999167
1100 4.354999999999789
1101 -0.5449999999999159
1102 -0.11999999999991581
1103 14.035000000000267
1104 -0.12999999999991582
1105 -1.454999999999908
1106 9.3899999999992
1107 -0.18999999999991588
1108 4.8999999999997685
1109 -0.5349999999999161
1110 -0.09999999999991557
1111 -0.06499999999991554
1112 9.53499999999917
1113 -0.9549999999999185
1114 -0.07499999999991555
1115 4.849999999999803
1116 -0.059999999999915545
1117 4.424999999999782
1118 4.369999999999814
1119 -0.08499999999991578
1120 -0.1449999999999156
1121 -0.06499999999991554
1122 -0.1349999999999156
1123 4.8649999999999824
1124 -0.10499999999991558
1125 -0.23499999999991592
1126 -0.1299999999999156
1127 4.824999999999832
1128 -0.16499999999991583
1129 4.8249999999999815
1130 -0.04499999999991555
1131 -0.10999999999991558
1132 -0.014999999999915557
1133 9.374999999999146
1134 -0.23499999999991592
1135 4.934999999999754
1136 -0.08499999999991556
1137 -0.05499999999991555
1138 4.949999999999769
1139 -0.08499999999991556
1140 3.5799999999998455
1141 -1.209999999999913
1142 -0.1299999999999156
1143 -0.5299999999999161
1144 -0.0999999999999158
1145 -0.15999999999991607
1146 -0.04999999999991555
1147 4.8650000000001095
1148 -0.1249999999999156
1149 -0.6399999999999171
1150 14.400000000000393
1151 -0.05499999999991555
1152 -0.06499999999991576
1153 -0.26999999999991636
1154 4.469999999999774
1155 -0.059999999999915545
1156 -0.7649999999999214
1157 -0.06499999999991576
1158 -0.11499999999991559
1159 4.934999999999754
1160 -0.1299999999999156
1161 -0.9349999999999167
1162 4.759999999999782
1163 -0.02999999999991556
1164 -0.40499999999991626
1165 -0.1099999999999158
1166 -0.08499999999991578
1167 4.889999999999756
1168 4.479999999999811
1169 -0.05499999999991555
1170 -0.16499999999991563
1171 -0.11499999999991559
1172 -0.08499999999991556
1173 -0.07999999999991556
1174 -0.6399999999999166
1175 -0.06999999999991555
1176 -0.039999999999915554
1177 9.39999999999917
1178 -0.014999999999915557
1179 4.88999999999979
1180 -0.27499999999991614
1181 4.250000000000086
1182 -0.5299999999999165
1183 -0.1249999999999156
1184 -0.1349999999999156
1185 -0.4599999999999161
1186 -0.21999999999991568
1187 -0.13999999999991605
1188 -0.08999999999991556
1189 4.9099999999997594
1190 -0.1399999999999156
1191 -0.1099999999999158
1192 4.869999999999757
1193 -0.11499999999991559
1194 4.344999999999814
1195 -0.17999999999991564
1196 -0.08999999999991556
1197 -0.8049999999999188
1198 -0.05499999999991555
1199 4.349999999999803
1200 -0.6849999999999185
1201 -0.059999999999915545
1202 4.914999999999754
1203 4.829999999999786
1204 -0.1249999999999156
1205 -0.09499999999991557
1206 -0.09999999999991557
1207 -0.5849999999999168
1208 -0.6449999999999166
1209 4.854999999999771
1210 -0.1899999999999161
1211 -0.20499999999991655
1212 -0.06499999999991576
1213 3.904999999999818
1214 -0.08999999999991579
1215 -0.07499999999991555
1216 4.410000000000117
1217 -0.5299999999999163
1218 -0.14999999999991562
1219 -0.0049999999999155555
1220 9.819999999999252
1221 -0.06499999999991554
1222 -0.07499999999991555
1223 4.909999999999763
1224 -0.1949999999999161
1225 -0.14499999999991584
1226 -0.18999999999991565
1227 -0.664999999999916
1228 -0.5149999999999161
1229 -0.06999999999991555
1230 -0.14999999999991562
1231 -0.07499999999991555
1232 -0.2749999999999157
1233 4.874999999999767
1234 -0.17499999999991586
1235 -0.15999999999991563
1236 -0.059999999999915545
1237 -0.06999999999991555
1238 -0.08999999999991556
1239 -0.48499999999991633
1240 -0.09999999999991557
1241 -0.11999999999991559
1242 4.904999999999767
1243 -0.17999999999991564
1244 4.260000000000082
1245 -0.19499999999991588
1246 -0.1249999999999156
1247 -0.13499999999991583
1248 -0.1249999999999156
1249 4.849999999999777
1250 -0.18499999999991565
1251 -0.1899999999999161
1252 -0.06499999999991554
1253 4.829999999999786
1254 -0.06999999999991555
1255 4.899999999999779
1256 -0.11999999999991559
1257 -0.02499999999991556
1258 4.359999999999787
1259 -0.10999999999991647
1260 4.46999999999979
1261 -0.05499999999991555
1262 -0.9699999999999169
1263 -0.2649999999999157
1264 -0.03499999999991578
1265 -0.15999999999991607
1266 -0.9199999999999169
1267 -0.1249999999999156
1268 -0.1549999999999163
1269 -0.6949999999999178
1270 -0.059999999999915545
1271 14.430000000000387
1272 4.914999999999782
1273 4.839999999999757
1274 -0.5949999999999159
1275 -0.11499999999991604
1276 4.939999999999762
1277 -0.1249999999999156
1278 4.4899999999997755
1279 -0.5399999999999159
1280 -1.214999999999914
1281 4.9699999999997635
1282 -0.08499999999991556
1283 -0.05999999999991577
1284 -0.08499999999991556
1285 4.829999999999775
1286 -0.1399999999999156
1287 9.919999999999238
1288 -0.09999999999991557
1289 -0.1299999999999156
1290 -0.11499999999991559
1291 -0.039999999999915554
1292 -0.13499999999991583
1293 -0.11499999999991559
1294 -0.10999999999991558
1295 -0.19499999999991588
1296 -0.059999999999915545
1297 -0.11499999999991581
1298 4.89499999999979
1299 -0.1449999999999156
1300 4.894999999999758
1301 -0.5849999999999161
1302 -0.06499999999991554
1303 5.009999999999759
1304 -0.17499999999991586
1305 -0.10999999999991558
1306 -0.5449999999999163
1307 9.049999999999827
1308 -0.12999999999991624
1309 -0.5099999999999161
1310 -0.1349999999999156
1311 4.929999999999775
1312 -0.014999999999915557
1313 -0.1249999999999156
1314 -0.04999999999991555
1315 -0.09499999999991557
1316 4.329999999999802
1317 -0.6299999999999168
1318 -0.614999999999916
1319 9.29499999999917
1320 4.9199999999997805
1321 -0.569999999999917
1322 -0.09499999999991555
1323 -0.6749999999999164
1324 -0.11999999999991559
1325 4.740000000000105
1326 -0.05499999999991555
1327 -0.1799999999999161
1328 4.41999999999977
1329 -0.09499999999991579
1330 -0.10499999999991558
1331 -0.09499999999991557
1332 -0.16999999999991564
1333 -0.5799999999999159
1334 -0.1449999999999156
1335 -0.6149999999999168
1336 4.329999999999784
1337 -0.2299999999999157
1338 -0.10499999999991558
1339 -0.03499999999991578
1340 -0.07499999999991555
1341 -0.1299999999999158
1342 4.379999999999826
1343 -0.374999999999916
1344 -0.13499999999991583
1345 -0.5849999999999159
1346 -0.08499999999991556
1347 14.8850000000006
1348 -0.05499999999991555
1349 -0.11499999999991559
1350 -0.14999999999991562
1351 -0.09999999999991557
1352 -0.11999999999991559
1353 -0.08499999999991578
1354 -0.06499999999991554
1355 4.979999999999754
1356 -0.07499999999991555
1357 -0.15999999999991563
1358 -0.10999999999991558
1359 -0.6449999999999173
1360 4.994999999999754
1361 -0.4699999999999159
1362 4.969999999999788
1363 -0.1249999999999156
1364 -0.06999999999991577
1365 -0.04999999999991555
1366 -0.19499999999991677
1367 -0.02999999999991556
1368 -0.1399999999999156
1369 -0.07499999999991555
1370 -0.059999999999915773
1371 4.949999999999769
1372 -0.05499999999991555
1373 -0.08499999999991556
1374 -0.11499999999991559
1375 -0.02499999999991556
1376 9.884999999999208
1377 -0.2299999999999159
1378 -0.06999999999991599
1379 -0.15999999999991585
1380 -0.08999999999991556
1381 -0.11499999999991625
1382 -0.10999999999991558
1383 -0.08499999999991556
1384 -0.16999999999991586
1385 -0.24499999999991637
1386 -0.13499999999991583
1387 -0.08499999999991556
1388 4.564999999999802
1389 -0.6249999999999164
1390 -0.06499999999991576
1391 -0.6949999999999162
1392 -0.3499999999999162
1393 -0.6449999999999162
1394 -0.6349999999999171
1395 -0.06999999999991555
1396 -0.3049999999999166
1397 4.884999999999756
1398 -0.10999999999991558
1399 9.629999999999317
1400 9.74999999999921
1401 -0.10499999999991558
1402 -0.7049999999999162
1403 -0.17499999999991564
1404 -0.7699999999999165
1405 -0.14999999999991562
1406 -0.18499999999991676
1407 -0.31999999999991574
1408 4.909999999999758
1409 -0.06499999999991553
1410 -0.3599999999999162
1411 -0.15499999999991562
1412 -0.04999999999991555
1413 -0.1349999999999156
1414 -0.48499999999991633
1415 -0.6499999999999164
1416 -0.11999999999991559
1417 -0.7099999999999174
1418 -0.42999999999991606
1419 -0.09999999999991557
1420 -0.3999999999999167
1421 4.944999999999762
1422 -0.09499999999991557
1423 -0.21499999999991612
1424 -0.689999999999916
1425 -0.0999999999999158
1426 -0.20999999999991567
1427 -0.1299999999999156
1428 -0.08499999999991556
1429 -0.039999999999915554
1430 -0.21499999999991587
1431 -0.04499999999991555
1432 -0.17499999999991564
1433 -0.1349999999999156
1434 -1.0099999999999167
1435 -0.09999999999991602
1436 9.859999999999223
1437 -0.18499999999991587
1438 -0.1449999999999156
1439 -0.1349999999999156
1440 -0.059999999999915545
1441 4.9049999999997915
1442 -0.11499999999991581
1443 -0.1349999999999156
1444 -0.5299999999999161
1445 -0.16999999999991627
1446 -0.06999999999991555
1447 4.3549999999998015
1448 -0.11999999999991559
1449 -0.04499999999991555
1450 -0.06499999999991554
1451 4.874999999999801
1452 -0.18999999999991565
1453 -0.1249999999999156
1454 -0.5299999999999161
1455 -0.09999999999991557
1456 -0.11999999999991581
1457 -0.1349999999999156
1458 -0.1249999999999156
1459 -0.08999999999991556
1460 4.854999999999761
1461 -0.02499999999991578
1462 -0.17499999999991564
1463 -0.08499999999991556
1464 0.005000000000084445
1465 -0.1449999999999156
1466 9.859999999999205
1467 -0.06499999999991554
1468 -0.17999999999991562
1469 4.904999999999784
1470 -0.1399999999999156
1471 4.914999999999759
1472 -0.07999999999991556
1473 -0.8599999999999162
1474 -0.09499999999991557
1475 -0.07499999999991555
1476 -0.1049999999999158
1477 -0.0999999999999158
1478 -0.11499999999991559
1479 -0.1249999999999156
1480 9.844999999999223
1481 -0.6899999999999167
1482 -0.1349999999999156
1483 -0.009999999999915556
1484 -0.16999999999991608
1485 -0.06999999999991555
1486 14.214999999999407
1487 4.824999999999784
1488 -0.10999999999991558
1489 4.85500000000011
1490 4.889999999999763
1491 4.874999999999783
1492 -0.04499999999991555
1493 -0.2149999999999159
1494 -0.09499999999991557
1495 -0.11999999999991559
1496 -0.10499999999991558
1497 4.439999999999778
1498 -1.3899999999999098
1499 -0.1249999999999156
1500 -0.06499999999991554
1501 9.824999999999243
1502 -0.11499999999991581
1503 4.479999999999769
1504 -0.16499999999991563
1505 4.884999999999794
1506 -0.07999999999991579
1507 4.435000000000094
1508 9.859999999999209
1509 -0.06499999999991554
1510 -0.3599999999999162
1511 -0.1649999999999156
1512 4.949999999999769
1513 -0.08999999999991556
1514 -0.07499999999991555
1515 -0.06499999999991621
1516 -0.1349999999999156
1517 -0.08499999999991556
1518 3.8850000000000966
1519 -0.03499999999991556
1520 -0.18999999999991565
1521 -0.13999999999991605
1522 -0.0999999999999158
1523 -0.7499999999999174
1524 -0.10999999999991558
1525 -0.1399999999999156
1526 -0.5699999999999164
1527 9.454999999999153
1528 -0.08999999999991579
1529 -0.09999999999991602
1530 4.914999999999786
1531 -0.27499999999991614
1532 -0.5949999999999162
1533 0.04000000000008445
1534 -0.09499999999991601
1535 -0.1449999999999156
1536 -0.09999999999991557
1537 -0.02999999999991556
1538 -0.08999999999991556
1539 4.8899999999997545
1540 -0.1249999999999156
1541 -0.04499999999991555
1542 9.83999999999921
1543 -0.16499999999991607
1544 -0.16999999999991564
1545 -0.1449999999999156
1546 -0.5299999999999159
1547 -0.27499999999991703
1548 -0.6199999999999171
1549 -0.16999999999991586
1550 -0.34999999999991666
1551 -0.09999999999991557
1552 -0.014999999999915557
1553 -0.07499999999991577
1554 -0.09999999999991581
1555 -0.07499999999991555
1556 -0.12499999999991582
1557 -0.09999999999991557
1558 4.844999999999761
1559 -0.15499999999991562
1560 0.03500000000008445
1561 4.824999999999802
1562 -0.07999999999991556
1563 -0.6599999999999164
1564 4.774999999999757
1565 -0.6349999999999177
1566 9.844999999999224
1567 -0.009999999999915556
1568 -0.07999999999991556
1569 4.379999999999854
1570 -0.1249999999999156
1571 -0.16999999999991564
1572 4.429999999999768
1573 -0.5449999999999159
1574 -0.6149999999999162
1575 4.9199999999997805
1576 -0.009999999999915778
1577 -0.219999999999917
1578 -0.09999999999991557
1579 4.939999999999793
1580 -0.039999999999915554
1581 -0.12499999999991582
1582 -0.10499999999991558
1583 -0.08499999999991556
1584 -0.4599999999999161
1585 5.019999999999761
1586 -0.11999999999991559
1587 -0.15499999999991562
1588 4.5299999999997675
1589 4.494999999999772
1590 -0.13499999999991605
1591 -0.3699999999999171
1592 -0.09499999999991557
1593 -0.6749999999999169
1594 4.88999999999976
1595 -0.07499999999991555
1596 0.05000000000008444
1597 -0.1299999999999156
1598 -0.06999999999991555
1599 -0.05499999999991555
1600 -0.06499999999991578
1601 -0.07499999999991555
1602 -0.08999999999991556
1603 -0.05499999999991555
1604 -0.019999999999915558
1605 -0.17499999999991608
1606 9.93999999999923
1607 -0.11999999999991558
1608 -0.8449999999999175
1609 4.854999999999761
1610 4.89999999999976
1611 -0.10499999999991602
1612 -0.18999999999991565
1613 -0.1399999999999156
1614 4.574999999999813
1615 4.335000000000121
1616 -0.15499999999991562
1617 4.814999999999804
1618 -0.6049999999999162
1619 -0.11499999999991559
1620 -0.7299999999999172
1621 -0.09499999999991557
1622 -0.09999999999991557
1623 4.874999999999785
1624 -0.06999999999991555
1625 -0.11999999999991559
1626 -0.15499999999991562
1627 -0.07999999999991556
1628 -0.10999999999991558
1629 -0.08499999999991578
1630 -0.14999999999991606
1631 -0.07999999999991556
1632 -0.11499999999991559
1633 -0.04499999999991555
1634 -0.5949999999999168
1635 -0.1299999999999156
1636 4.849999999999839
1637 -0.1099999999999158
1638 -0.5649999999999167
1639 -0.5349999999999161
1640 -0.03499999999991556
1641 4.8149999999997934
1642 -0.18999999999991565
1643 -0.1299999999999156
1644 8.444460408707499e-14
1645 -0.04499999999991555
1646 -0.7499999999999172
1647 -0.14999999999991562
1648 -0.05999999999991577
1649 -0.15999999999991563
1650 -0.2549999999999177
1651 -0.09999999999991557
1652 4.919999999999754
1653 4.269999999999803
1654 -0.1449999999999156
1655 4.3399999999997805
1656 -0.4699999999999159
1657 -0.4599999999999161
1658 4.904999999999754
1659 -0.1799999999999161
1660 -0.09499999999991557
1661 -0.1299999999999156
1662 -0.9799999999999169
1663 -0.04499999999991555
1664 -0.02499999999991556
1665 -0.10499999999991558
1666 -0.14499999999991606
1667 4.914999999999772
1668 -0.1299999999999156
1669 -0.039999999999915554
1670 -0.23999999999991636
1671 -0.10499999999991558
1672 -0.07499999999991555
1673 -0.039999999999915554
1674 4.869999999999783
1675 -0.1299999999999156
1676 0.0050000000000840145
1677 4.879999999999778
1678 -0.11499999999991559
1679 -0.15499999999991562
1680 -0.07999999999991556
1681 4.804999999999765
1682 -0.16999999999991564
1683 -0.18499999999991587
1684 -0.09499999999991557
1685 3.955000000000128
1686 -0.4199999999999165
1687 -0.09999999999991602
1688 -0.0999999999999158
1689 -0.37499999999991623
1690 14.77500000000044
1691 -0.2599999999999157
1692 -0.1349999999999156
1693 4.904999999999756
1694 -0.1449999999999156
1695 -0.02499999999991556
1696 4.379999999999856
1697 -0.2449999999999157
1698 -0.20499999999991567
1699 4.829999999999781
1700 -0.09499999999991557
1701 -0.22499999999991635
1702 -0.1249999999999156
1703 -0.06999999999991555
1704 -0.5899999999999166
1705 4.959999999999764
1706 9.844999999999207
1707 -0.5199999999999161
1708 -0.6999999999999169
1709 -0.02999999999991556
1710 4.864999999999755
1711 -0.039999999999915554
1712 -0.5049999999999158
1713 -0.1249999999999156
1714 -0.16999999999991564
1715 -0.08499999999991578
1716 -0.10999999999991558
1717 -0.6449999999999166
1718 -0.09499999999991557
1719 -0.15999999999991563
1720 4.864999999999762
1721 -0.12499999999991604
1722 -0.009999999999915556
1723 -0.07499999999991577
1724 -0.039999999999915554
1725 -0.15999999999991563
1726 -0.794999999999917
1727 -0.1349999999999156
1728 -0.14999999999991606
1729 4.7499999999997735
1730 -0.19999999999991566
1731 -0.15999999999991563
1732 -0.07999999999991556
1733 4.220000000000118
1734 -0.16499999999991585
1735 4.864999999999757
1736 -0.09499999999991557
1737 -0.1049999999999158
1738 -0.11499999999991559
1739 4.804999999999826
1740 -0.10499999999991558
1741 -0.5549999999999161
1742 -0.08999999999991556
1743 -0.14999999999991562
1744 -0.21999999999991568
1745 -0.11499999999991559
1746 -0.059999999999915545
1747 4.8899999999997545
1748 -0.09499999999991557
1749 -0.14999999999991562
1750 4.494999999999763
1751 -0.04999999999991555
1752 -0.11999999999991559
1753 -0.10499999999991558
1754 -0.014999999999915557
1755 -0.04499999999991555
1756 -0.07499999999991555
1757 -0.15999999999991651
1758 -0.2349999999999157
1759 -0.22999999999991724
1760 -0.08499999999991578
1761 -0.15999999999991563
1762 9.239999999999496
1763 -0.07999999999991556
1764 -0.05499999999991555
1765 4.425000000000087
1766 -0.1549999999999156
1767 -0.03499999999991556
1768 -0.11499999999991581
1769 -0.1299999999999156
1770 -0.10499999999991558
1771 -0.059999999999915545
1772 9.834999999999233
1773 4.839999999999791
1774 -0.1299999999999156
1775 -0.09999999999991557
1776 4.829999999999781
1777 -0.15999999999991563
1778 -0.1349999999999156
1779 4.9649999999997565
1780 -0.6099999999999159
1781 -0.1349999999999156
1782 -0.08999999999991556
1783 -0.059999999999915545
1784 -0.5049999999999158
1785 -0.15999999999991563
1786 -0.09999999999991557
1787 -0.22499999999991568
1788 4.8399999999997645
1789 -0.11999999999991581
1790 -0.11999999999991648
1791 9.92499999999922
1792 -0.1299999999999156
1793 -0.03499999999991556
1794 -0.06499999999991554
1795 4.959999999999753
1796 -0.014999999999915557
1797 -0.1449999999999156
1798 -0.1299999999999156
1799 4.41999999999977
1800 -0.694999999999916
1801 4.720000000000095
1802 -0.8799999999999162
1803 4.874999999999769
1804 -0.10499999999991558
1805 -0.1399999999999156
1806 -0.10999999999991558
1807 -0.11999999999991559
1808 -0.07499999999991555
1809 -0.10499999999991558
1810 -0.5949999999999162
1811 -0.0049999999999155555
1812 -0.10999999999991558
1813 -0.10499999999991558
1814 -0.10499999999991558
1815 4.834999999999761
1816 4.944999999999775
1817 -0.4799999999999159
1818 -0.08999999999991601
1819 -0.08999999999991556
1820 -0.09499999999991557
1821 -0.1449999999999156
1822 -0.07499999999991555
1823 4.944999999999759
1824 4.909999999999788
1825 -0.039999999999915554
1826 -0.15499999999991604
1827 -0.1299999999999156
1828 4.884999999999756
1829 -0.1399999999999165
1830 -0.11499999999991559
1831 4.799999999999787
1832 9.44999999999962
1833 -0.03499999999991556
1834 -0.09499999999991557
1835 4.944999999999771
1836 -0.07999999999991556
1837 -0.09499999999991557
1838 -0.09499999999991557
1839 -0.614999999999916
1840 4.889999999999756
1841 -0.13499999999991583
1842 -0.1399999999999156
1843 -0.06499999999991554
1844 -0.05499999999991555
1845 -0.059999999999915545
1846 -0.08499999999991556
1847 -0.06999999999991555
1848 -0.08999999999991556
1849 -0.08999999999991556
1850 4.884999999999756
1851 4.9399999999997535
1852 -0.16999999999991564
1853 -0.014999999999915557
1854 -0.09999999999991557
1855 -0.10499999999991558
1856 4.9299999999997555
1857 -0.23999999999991592
1858 4.924999999999775
1859 -0.019999999999915558
1860 -0.09499999999991557
1861 -0.11999999999991559
1862 9.854999999999226
1863 -1.0499999999999157
1864 -0.07999999999991556
1865 4.539999999999849
1866 -0.14999999999991628
1867 -0.1299999999999156
1868 -0.15999999999991563
1869 9.829999999999204
1870 -0.5299999999999163
1871 9.879999999999201
1872 4.9549999999997585
1873 -0.6899999999999167
1874 -0.15999999999991563
1875 -0.599999999999917
1876 -0.6099999999999164
1877 -0.14999999999991584
1878 0.005000000000084445
1879 19.885000000000904
1880 14.830000000000574
1881 -0.12999999999991557
1882 -0.1249999999999156
1883 -0.10999999999991558
1884 -0.1049999999999158
1885 -0.05499999999991555
1886 4.285000000000093
1887 4.86999999999976
1888 4.85999999999978
1889 -0.16999999999991564
1890 -0.1249999999999156
1891 4.904999999999765
1892 -0.6599999999999169
1893 -0.14999999999991606
1894 -0.11999999999991559
1895 -0.6599999999999162
1896 4.849999999999759
1897 -0.10499999999991558
1898 4.929999999999763
1899 4.5399999999997815
1900 -0.12999999999991582
1901 -0.04999999999991555
1902 4.93499999999977
1903 -0.17999999999991564
1904 -0.9249999999999167
1905 4.889999999999765
1906 -0.5849999999999164
1907 -0.4849999999999161
1908 -0.02499999999991578
1909 -0.07499999999991555
1910 4.924999999999761
1911 -0.07499999999991555
1912 9.779999999999223
1913 4.949999999999759
1914 -0.554999999999917
1915 -0.5299999999999161
1916 -0.05499999999991555
1917 -0.11499999999991603
1918 -0.06999999999991555
1919 -0.5149999999999165
1920 -0.1449999999999156
1921 -0.5599999999999159
1922 0.005000000000084445
1923 -0.059999999999915545
1924 4.859999999999768
1925 -0.07499999999991555
1926 -0.15499999999991562
1927 -0.039999999999915554
1928 -0.1449999999999156
1929 -0.48999999999991656
1930 -0.5699999999999159
1931 -0.16499999999991563
1932 -0.1449999999999156
1933 -0.019999999999915558
1934 -0.17499999999991564
1935 -0.04999999999991577
1936 -0.02999999999991556
1937 -0.16999999999991564
1938 -0.15999999999991563
1939 -0.06499999999991554
1940 -0.07499999999991555
1941 0.005000000000084445
1942 4.874999999999758
1943 -1.1799999999999127
1944 4.919999999999784
1945 -0.389999999999916
1946 -0.09499999999991579
1947 -0.07999999999991556
1948 -0.6399999999999169
1949 9.999999999999222
1950 -0.06499999999991554
1951 -0.06499999999991554
1952 -0.11999999999991559
1953 -0.1049999999999158
1954 4.889999999999763
1955 -0.12499999999991582
1956 -0.34999999999991643
1957 -0.11999999999991559
1958 -0.5649999999999163
1959 -0.1299999999999156
1960 -0.1249999999999156
1961 -0.044999999999915774
1962 -0.20499999999991567
1963 -0.2699999999999157
1964 4.844999999999775
1965 -0.17499999999991564
1966 4.8099999999997864
1967 -0.5799999999999161
1968 -0.1249999999999156
1969 -0.06999999999991555
1970 -0.15999999999991563
1971 -0.09499999999991557
1972 -0.1299999999999158
1973 4.34000000000012
1974 -0.08499999999991578
1975 -0.07499999999991555
1976 -0.11999999999991581
1977 4.954999999999764
1978 -0.1449999999999156
1979 9.899999999999213
1980 -0.039999999999915554
1981 4.904999999999784
1982 -0.384999999999916
1983 -0.16999999999991564
1984 4.799999999999815
1985 -0.18499999999991565
1986 -0.10999999999991558
1987 4.834999999999791
1988 4.989999999999752
1989 -0.19499999999991588
1990 -0.09499999999991557
1991 -0.1349999999999156
1992 -0.20499999999991567
1993 -0.02999999999991556
1994 4.515000000000117
1995 -0.044999999999915774
1996 -0.03499999999991556
1997 -0.5049999999999161
1998 -0.08999999999991556
1999 -0.10999999999991558
5554.77179813385
