0 22.794999999999888
1 21.809999999999715
2 17.634999999999984
3 17.159999999999926
4 21.90999999999957
5 17.52499999999985
6 7.940000000000115
7 23.109999999999776
8 11.754999999999887
9 43.60999999999992
10 37.349999999999845
11 31.854999999999787
12 17.624999999999908
13 2.360000000000146
14 22.780000000000175
15 37.39499999999974
16 32.40499999999991
17 50.36999999999912
18 46.45999999999907
19 0.9700000000000268
20 33.05500000000002
21 8.404999999999651
22 26.369999999999646
23 -2.0949999999999083
24 26.51000000000014
25 21.16500000000004
26 -1.3349999999999214
27 27.87499999999969
28 18.669999999999945
29 5.840000000000133
30 7.404999999999841
31 -1.8549999999999076
32 3.495000000000129
33 22.580000000000304
34 3.5549999999999926
35 7.66999999999947
36 12.754999999999615
37 -1.3249999999999165
38 -1.1149999999999192
39 17.750000000000473
40 -0.8149999999999197
41 2.9649999999998684
42 -1.0349999999999198
43 -0.9049999999999198
44 3.759999999999894
45 -0.8699999999999193
46 13.229999999999714
47 13.984999999999582
48 8.734999999999552
49 -1.1999999999999154
50 8.894999999999254
51 3.675000000000111
52 3.9550000000001253
53 8.53499999999958
54 -1.2399999999999187
55 -0.8349999999999204
56 4.129999999999813
57 2.254999999999944
58 -1.204999999999919
59 -1.3049999999999178
60 -1.164999999999915
61 -0.9449999999999205
62 -0.93499999999992
63 18.70500000000061
64 8.42499999999972
65 -0.8049999999999168
66 4.284999999999826
67 -1.239999999999917
68 -0.3299999999999175
69 4.014999999999832
70 13.99499999999996
71 -2.1499999999999
72 3.180000000000107
73 -0.29999999999991706
74 14.085000000000237
75 9.139999999999263
76 13.564999999999818
77 3.279999999999844
78 8.924999999999258
79 4.6399999999997865
80 -0.3199999999999171
81 4.679999999999803
82 9.274999999999231
83 3.110000000000145
84 4.839999999999789
85 8.514999999999308
86 -0.08499999999991599
87 -0.6399999999999184
88 -0.7199999999999176
89 9.264999999999203
90 4.384999999999801
91 13.965000000000227
92 -1.2949999999999138
93 8.154999999999827
94 4.135000000000125
95 4.649999999999907
96 3.424999999999983
97 4.689999999999812
98 -1.144999999999918
99 -1.634999999999909
100 -0.5649999999999161
101 14.685000000000358
102 -0.36999999999991734
103 -0.9749999999999183
104 -0.2949999999999177
105 -0.7399999999999177
106 9.53499999999944
107 4.249999999999878
108 -0.5849999999999173
109 9.674999999999285
110 -0.5599999999999166
111 -0.15999999999991585
112 8.58999999999999
113 9.184999999999716
114 14.480000000000329
115 -0.5699999999999175
116 -0.1399999999999165
117 8.56499999999997
118 -0.2849999999999166
119 4.724999999999909
120 -0.6299999999999173
121 -0.16999999999991608
122 -0.19499999999991677
123 -0.5599999999999163
124 -0.6349999999999162
125 14.159999999999703
126 9.159999999999576
127 -0.16499999999991627
128 -1.1999999999999151
129 -0.6149999999999164
130 -0.6899999999999169
131 8.73999999999991
132 -0.6599999999999174
133 -0.6799999999999162
134 -0.7249999999999169
135 -1.044999999999919
136 -0.5549999999999166
137 -1.1799999999999156
138 4.384999999999794
139 -0.5549999999999159
140 4.484999999999895
141 4.8549999999997695
142 -0.5749999999999168
143 18.80500000000063
144 -0.669999999999918
145 -0.1499999999999165
146 9.089999999999904
147 -0.29999999999991794
148 -0.17999999999991698
149 -0.214999999999917
150 4.014999999999803
151 4.814999999999769
152 -0.3949999999999169
153 4.329999999999779
154 4.804999999999778
155 -0.43999999999991696
156 2.68000000000014
157 -0.13499999999991583
158 -0.9849999999999188
159 -0.1899999999999172
160 -0.11999999999991603
161 9.324999999999662
162 -0.11999999999991648
163 -0.6199999999999164
164 -0.6049999999999159
165 -0.6399999999999166
166 -0.17999999999991653
167 -1.0549999999999164
168 -0.6999999999999207
169 3.6100000000001327
170 -0.6249999999999162
171 -0.6399999999999175
172 -1.0599999999999186
173 4.704999999999863
174 9.2849999999993
175 -0.5549999999999161
176 3.845000000000131
177 9.369999999999523
178 -0.2599999999999159
179 -0.8799999999999177
180 -0.20499999999991653
181 -1.3149999999999127
182 17.835000000000132
183 -0.06999999999991555
184 -0.5649999999999163
185 -0.714999999999916
186 -0.5299999999999161
187 3.9399999999998743
188 4.2149999999998276
189 -0.1049999999999158
190 4.384999999999836
191 4.149999999999889
192 -0.1049999999999158
193 -0.5299999999999161
194 -0.1099999999999158
195 -0.14499999999991606
196 -0.6799999999999162
197 4.719999999999855
198 -0.11499999999991649
199 -0.8799999999999186
200 -0.20999999999991653
201 4.009999999999958
202 -0.3099999999999164
203 4.764999999999782
204 -0.10999999999991623
205 8.359999999999978
206 -0.26499999999991636
207 -0.15999999999991563
208 -0.1899999999999161
209 -0.23999999999991745
210 -0.7699999999999172
211 8.98499999999981
212 8.38999999999973
213 -0.37999999999991646
214 -0.16999999999991586
215 4.849999999999791
216 -0.7249999999999178
217 -0.12999999999991582
218 -1.329999999999918
219 -0.8999999999999182
220 4.3200000000000545
221 -0.6949999999999171
222 -0.5899999999999161
223 -0.14499999999991606
224 -0.25999999999991613
225 -0.18999999999991588
226 -0.6249999999999173
227 3.455000000000135
228 -0.199999999999917
229 -0.17499999999991586
230 -0.5399999999999161
231 4.754999999999784
232 -0.0899999999999158
233 9.299999999999324
234 4.424999999999796
235 -0.35999999999991616
236 -0.8049999999999172
237 3.590000000000133
238 4.804999999999827
239 -0.8049999999999183
240 -1.9449999999999041
241 -0.074999999999916
242 -0.7149999999999198
243 -0.4799999999999172
244 -0.6949999999999185
245 -0.08499999999991645
246 -0.2149999999999161
247 4.2749999999998085
248 -0.764999999999917
249 9.214999999999169
250 9.214999999999236
251 -0.07499999999991555
252 -0.4849999999999181
253 -0.21999999999991676
254 -0.10499999999991647
255 -0.8249999999999186
256 -0.18499999999991676
257 -0.7349999999999174
258 -0.20999999999991634
259 -0.6599999999999171
260 -0.7199999999999169
261 -1.2249999999999166
262 3.9200000000001296
263 4.300000000000023
264 4.749999999999859
265 -1.2199999999999138
266 14.905000000000566
267 -0.8199999999999179
268 -0.7149999999999174
269 4.834999999999766
270 3.805000000000132
271 -0.6699999999999162
272 -0.6499999999999175
273 9.259999999999145
274 8.614999999999668
275 -0.14999999999991626
276 -0.1749999999999163
277 -0.4899999999999167
278 -0.8899999999999182
279 -0.4699999999999187
280 -0.1099999999999158
281 -0.9849999999999189
282 9.094999999999473
283 -0.26499999999991747
284 -0.10999999999991557
285 4.819999999999783
286 19.785000000000892
287 4.884999999999774
288 -1.0049999999999182
289 -0.11499999999991581
290 3.7899999999998526
291 -0.16499999999991563
292 -0.19999999999991677
293 4.574999999999987
294 -0.31999999999991685
295 9.779999999999221
296 4.869999999999755
297 3.4150000000001404
298 -0.15499999999991562
299 -0.1249999999999156
300 -1.174999999999915
301 -0.3599999999999169
302 -0.08499999999991556
303 -0.14499999999991606
304 -0.07999999999991578
305 -0.06999999999991577
306 4.82999999999979
307 -0.37499999999991646
308 -0.23499999999991703
309 -0.4049999999999165
310 -0.10499999999991579
311 4.604999999999791
312 4.3799999999998205
313 4.324999999999786
314 -0.05499999999991577
315 -0.07999999999991599
316 -1.7249999999999062
317 -0.12499999999991582
318 -0.9349999999999185
319 -0.17499999999991564
320 -1.0099999999999174
321 -0.2999999999999164
322 -0.7949999999999181
323 -0.8749999999999175
324 4.45999999999979
325 9.814999999999227
326 4.1150000000000855
327 -0.5699999999999172
328 4.1199999999998544
329 -0.15499999999991562
330 4.479999999999806
331 -0.36999999999991645
332 -0.1649999999999163
333 4.8899999999997865
334 -0.19499999999991632
335 4.364999999999805
336 -0.6299999999999175
337 4.280000000000032
338 3.9800000000001283
339 -0.6199999999999168
340 4.450000000000113
341 4.694999999999817
342 -0.15999999999991582
343 -0.4749999999999161
344 -0.5499999999999168
345 -0.15499999999991562
346 -0.5449999999999161
347 -0.47499999999991765
348 4.209999999999789
349 4.899999999999783
350 -0.21499999999991654
351 -0.1349999999999156
352 4.585000000000115
353 4.919999999999763
354 -0.97499999999992
355 3.3650000000001006
356 -0.12999999999991604
357 4.064999999999823
358 4.4600000000001145
359 -1.3749999999999123
360 -0.04499999999991555
361 -0.5849999999999161
362 -1.2549999999999126
363 9.19999999999958
364 13.410000000000249
365 -0.1299999999999156
366 9.854999999999228
367 -0.1899999999999163
368 4.77499999999983
369 -0.1249999999999156
370 -0.07999999999991556
371 -0.009999999999915556
372 9.284999999999243
373 -0.9199999999999191
374 -0.8999999999999178
375 -0.32999999999991686
376 -0.7449999999999178
377 4.044999999999863
378 3.7950000000001323
379 -1.074999999999918
380 -0.5999999999999159
381 -0.17499999999991564
382 13.339999999999547
383 -0.10999999999991558
384 -0.15999999999991718
385 -0.1399999999999165
386 -0.5699999999999164
387 4.5700000000000385
388 -0.059999999999915545
389 -0.15499999999991584
390 -0.45499999999991675
391 -0.1349999999999158
392 -0.3599999999999162
393 -1.1449999999999152
394 -0.5299999999999161
395 4.814999999999774
396 4.864999999999792
397 -0.6449999999999175
398 -0.779999999999917
399 4.299999999999804
400 -0.06499999999991554
401 -0.07499999999991577
402 -0.3349999999999164
403 3.794999999999831
404 -0.07999999999991556
405 -0.0999999999999158
406 -0.05499999999991555
407 -0.15999999999991651
408 -0.21499999999991587
409 4.814999999999802
410 -0.10999999999991558
411 4.769999999999821
412 -0.11499999999991603
413 3.660000000000135
414 -1.1649999999999152
415 -0.06999999999991621
416 -0.1949999999999161
417 4.234999999999973
418 -0.044999999999915774
419 4.694999999999872
420 -0.7499999999999176
421 4.899999999999799
422 -0.1249999999999156
423 4.834999999999765
424 -0.1449999999999156
425 -0.3699999999999186
426 9.829999999999348
427 8.799999999999176
428 -0.1449999999999156
429 9.28499999999966
430 -0.5999999999999159
431 -0.2949999999999164
432 -0.03999999999991578
433 4.829999999999814
434 -0.10999999999991558
435 -0.15999999999991563
436 -0.5899999999999164
437 3.9700000000001285
438 4.904999999999768
439 -0.8349999999999166
440 4.705000000000102
441 -0.16499999999991585
442 -0.0999999999999158
443 -0.18999999999991585
444 3.455000000000136
445 -0.7949999999999182
446 -0.16499999999991563
447 4.964999999999755
448 -0.31999999999991596
449 4.7999999999998115
450 -0.1049999999999158
451 4.604999999999766
452 -0.8099999999999183
453 -0.8699999999999171
454 -0.20499999999991678
455 -0.7249999999999167
456 -0.08499999999991556
457 -1.219999999999914
458 -0.28499999999991615
459 4.899999999999795
460 4.88499999999979
461 -0.13999999999991583
462 -0.1249999999999156
463 -1.2699999999999116
464 -0.04999999999991555
465 3.8000000000001233
466 -0.04999999999991578
467 -0.7749999999999181
468 9.479999999999205
469 14.199999999999667
470 -0.08499999999991555
471 -0.8149999999999179
472 -0.06499999999991554
473 -0.34999999999991643
474 -0.7699999999999187
475 -0.11499999999991557
476 -0.09499999999991601
477 -0.07499999999991555
478 -0.0999999999999158
479 9.24999999999922
480 -0.12499999999991604
481 3.804999999999982
482 4.74500000000011
483 4.5350000000001165
484 -0.4349999999999174
485 8.444460408707499e-14
486 4.125000000000114
487 4.794999999999792
488 4.87499999999978
489 -0.7049999999999174
490 -0.43499999999991606
491 4.135000000000125
492 9.884999999999252
493 -0.38499999999991624
494 -0.17499999999991608
495 -0.6599999999999162
496 -0.1349999999999156
497 -0.1399999999999156
498 -0.12999999999991627
499 -0.06999999999991553
500 4.220000000000121
501 -0.03999999999991578
502 -0.08499999999991556
503 4.904999999999767
504 -0.14499999999991584
505 -0.4749999999999159
506 -0.09499999999991579
507 -0.11499999999991559
508 4.834999999999768
509 4.914999999999772
510 -0.20499999999991633
511 -0.11999999999991559
512 4.7649999999997785
513 4.794999999999781
514 4.824999999999788
515 4.894999999999765
516 -0.9099999999999182
517 -0.4649999999999172
518 -0.029999999999915785
519 -0.2599999999999159
520 -0.13499999999991583
521 -0.5349999999999163
522 -0.16999999999991586
523 -0.13999999999991605
524 3.510000000000094
525 -0.1399999999999156
526 -0.06999999999991577
527 -0.09999999999991557
528 4.8149999999997775
529 -0.18999999999991676
530 -0.7349999999999189
531 -0.10999999999991558
532 -0.15999999999991563
533 -0.12999999999991582
534 -0.14499999999991584
535 -0.0049999999999155555
536 -0.1299999999999156
537 0.015000000000084446
538 -0.12499999999991582
539 4.909999999999784
540 -0.6499999999999166
541 -0.5249999999999172
542 3.7999999999998453
543 4.894999999999776
544 -0.06499999999991554
545 -0.8449999999999179
546 -0.07999999999991556
547 -0.07499999999991577
548 4.174999999999834
549 4.824999999999889
550 -0.06499999999991554
551 4.784999999999782
552 4.824999999999765
553 -0.11999999999991581
554 -0.16499999999991585
555 -0.4599999999999163
556 -0.11999999999991559
557 4.844999999999773
558 -0.08499999999991556
559 -0.42499999999991694
560 -0.07999999999991556
561 -0.17499999999991564
562 4.81499999999977
563 -0.10999999999991558
564 4.374999999999789
565 -0.11499999999991559
566 -0.1349999999999156
567 -0.07999999999991556
568 -0.8549999999999166
569 -0.02999999999991556
570 -0.16999999999991564
571 4.939999999999768
572 4.834999999999873
573 -0.11499999999991602
574 4.364999999999839
575 -0.654999999999916
576 9.594999999999295
577 -0.13999999999991583
578 -0.7349999999999169
579 -0.659999999999916
580 -0.07499999999991577
581 -0.13999999999991583
582 4.904999999999779
583 -0.7649999999999174
584 -0.03999999999991578
585 -0.17999999999991587
586 -0.1449999999999156
587 -0.8299999999999164
588 8.904999999999216
589 4.454999999999794
590 4.900000000000109
591 -0.09999999999991557
592 -0.04999999999991555
593 -0.04999999999991555
594 -0.1349999999999156
595 -0.5649999999999166
596 -0.16999999999991564
597 -0.5649999999999161
598 -0.09499999999991557
599 -0.4599999999999167
600 -0.8449999999999186
601 -0.1349999999999156
602 -0.14999999999991562
603 -0.584999999999919
604 -0.15499999999991562
605 -0.9899999999999196
606 -0.17499999999991564
607 4.824999999999761
608 4.289999999999858
609 -1.374999999999914
610 -0.6299999999999162
611 4.784999999999787
612 -0.1049999999999158
613 4.6400000000001125
614 4.46499999999978
615 4.734999999999781
616 -0.8299999999999168
617 -0.8149999999999172
618 -0.09499999999991557
619 4.619999999999819
620 -0.2649999999999159
621 -0.039999999999915554
622 -0.07999999999991556
623 4.969999999999753
624 -0.04999999999991555
625 -0.374999999999916
626 -0.11999999999991559
627 -0.16999999999991608
628 -0.1249999999999156
629 -0.2799999999999175
630 4.269999999999846
631 -0.06999999999991555
632 -0.794999999999917
633 -0.10999999999991603
634 -0.1599999999999163
635 3.85500000000013
636 -0.08499999999991556
637 -0.18999999999991563
638 -1.1599999999999142
639 -0.08499999999991556
640 -0.07999999999991557
641 -0.13499999999991605
642 -0.07999999999991578
643 -0.15499999999991584
644 -0.654999999999916
645 -0.21999999999991612
646 -0.11999999999991581
647 -0.39499999999991736
648 4.854999999999945
649 -0.07999999999991556
650 -0.10499999999991579
651 4.864999999999807
652 -0.1349999999999156
653 4.8549999999997695
654 -0.1049999999999158
655 -0.7149999999999176
656 8.444460408707499e-14
657 -0.8949999999999193
658 -0.1299999999999156
659 -0.1449999999999156
660 -0.6699999999999192
661 4.714999999999918
662 -0.28499999999991615
663 -1.1499999999999135
664 -0.2899999999999166
665 -0.08499999999991556
666 -0.764999999999919
667 -0.2049999999999159
668 9.59499999999948
669 -0.18499999999991698
670 -0.12999999999991582
671 -0.039999999999915554
672 -0.08499999999991557
673 4.839999999999788
674 -0.16999999999991564
675 4.5050000000001145
676 -0.07999999999991556
677 -0.1249999999999156
678 -0.6899999999999162
679 4.299999999999794
680 -0.1249999999999156
681 9.974999999999236
682 5.004999999999752
683 -0.3649999999999178
684 -0.13999999999991605
685 -0.07499999999991555
686 4.699999999999787
687 -0.7649999999999167
688 -0.10499999999991558
689 4.4000000000001105
690 -0.06499999999991554
691 -0.07999999999991556
692 -0.13499999999991605
693 -0.5899999999999159
694 -0.5499999999999161
695 19.840000000000863
696 4.109999999999822
697 -0.1449999999999156
698 -0.7849999999999181
699 -0.05499999999991555
700 -0.6449999999999162
701 -0.6349999999999164
702 -0.7199999999999183
703 -0.059999999999915545
704 -0.10999999999991558
705 4.710000000000007
706 -0.44499999999991585
707 4.844999999999759
708 -0.1249999999999156
709 -0.09999999999991557
710 4.9649999999997565
711 -0.04499999999991555
712 -0.1099999999999158
713 -0.17999999999991564
714 -0.10499999999991558
715 -0.11499999999991559
716 -0.529999999999917
717 3.875000000000111
718 4.385000000000119
719 -0.1399999999999156
720 4.924999999999756
721 -0.16999999999991608
722 -0.4249999999999227
723 4.859999999999787
724 -0.039999999999915554
725 -0.7399999999999165
726 4.889999999999767
727 -0.4699999999999159
728 -0.9399999999999171
729 -0.059999999999915545
730 -0.14999999999991584
731 -0.0999999999999158
732 -0.20999999999991567
733 -0.6599999999999169
734 -0.6849999999999171
735 -0.0999999999999158
736 4.829999999999765
737 0.045000000000084445
738 -0.07499999999991555
739 -0.06999999999991555
740 4.794999999999771
741 -0.5949999999999168
742 -0.479999999999917
743 -0.014999999999915557
744 -0.1299999999999156
745 -0.7999999999999183
746 -0.09999999999991557
747 -0.8049999999999168
748 -0.02999999999991578
749 -0.08499999999991556
750 -0.7549999999999176
751 -0.6149999999999171
752 -0.06999999999991577
753 -0.8599999999999175
754 4.8649999999997675
755 4.839999999999788
756 -0.08499999999991556
757 4.89999999999977
758 -0.11999999999991581
759 4.404999999999781
760 -0.17499999999991694
761 -0.06999999999991555
762 -0.019999999999915558
763 -0.1249999999999156
764 -0.774999999999917
765 -0.08999999999991556
766 -0.7999999999999177
767 -0.07999999999991578
768 -0.1249999999999156
769 4.47999999999977
770 8.444460408707499e-14
771 -0.1249999999999156
772 -0.06499999999991576
773 -0.14999999999991584
774 -0.1249999999999156
775 4.884999999999756
776 -0.04999999999991555
777 -0.14999999999991562
778 -0.084999999999916
779 -0.09999999999991557
780 -0.14499999999991584
781 -0.09999999999991557
782 4.630000000000113
783 4.6549999999998235
784 -0.6299999999999164
785 4.12000000000009
786 -0.13499999999991583
787 -0.2699999999999159
788 4.944999999999768
789 4.909999999999763
790 -0.1049999999999158
791 4.2799999999999985
792 4.874999999999789
793 -0.5399999999999163
794 0.04000000000008445
795 -0.18499999999991565
796 -0.2699999999999157
797 4.814999999999769
798 -0.35499999999991666
799 -0.5299999999999159
800 -0.14999999999991562
801 -0.06499999999991554
802 -0.18499999999991565
803 4.889999999999756
804 -0.5649999999999161
805 -0.10999999999991558
806 -0.06499999999991599
807 -0.22999999999991655
808 4.175000000000124
809 -0.08499999999991555
810 -0.15499999999991584
811 -0.019999999999915558
812 -0.06499999999991554
813 -0.5299999999999161
814 -0.11499999999991581
815 -0.804999999999919
816 -0.1049999999999158
817 -0.5049999999999158
818 -0.6749999999999173
819 -0.059999999999915545
820 -0.13999999999991583
821 4.829999999999793
822 -0.16499999999991563
823 -0.11999999999991559
824 -0.2299999999999161
825 -0.1049999999999158
826 -0.5649999999999163
827 -0.29999999999991595
828 -0.08499999999991689
829 4.799999999999824
830 -0.1149999999999158
831 -0.2099999999999159
832 -0.04499999999991555
833 4.939999999999755
834 -0.11499999999991559
835 -0.14999999999991626
836 -0.09999999999991557
837 -0.7399999999999161
838 -0.09499999999991557
839 4.544999999999806
840 9.49499999999954
841 4.95499999999976
842 4.334999999999804
843 -0.13999999999991605
844 -0.5699999999999161
845 -0.08999999999991556
846 9.689999999999502
847 4.829999999999923
848 -0.1399999999999156
849 -0.1399999999999156
850 -0.1449999999999156
851 -0.06499999999991599
852 -0.06999999999991555
853 -0.0999999999999158
854 -0.2649999999999166
855 -0.18499999999991698
856 -0.06499999999991576
857 -0.08499999999991556
858 -0.11999999999991559
859 -0.10499999999991558
860 4.884999999999756
861 -0.7199999999999167
862 -0.014999999999915557
863 9.404999999999163
864 -0.07999999999991556
865 4.13999999999982
866 -0.07999999999991556
867 -0.25999999999991763
868 4.969999999999756
869 -0.16999999999991564
870 -0.04999999999991555
871 -0.4749999999999172
872 4.729999999999801
873 -0.20999999999991611
874 -0.18999999999991699
875 -0.04499999999991555
876 -0.1449999999999156
877 -0.7549999999999167
878 -0.02999999999991556
879 -0.06499999999991554
880 -0.12999999999991582
881 -0.07999999999991556
882 -0.059999999999915545
883 -0.4349999999999174
884 -0.2599999999999159
885 -0.19999999999991566
886 -0.18499999999991565
887 -0.06999999999991553
888 -0.19999999999991633
889 -1.0149999999999182
890 -0.08999999999991579
891 -0.14499999999991584
892 -0.07999999999991556
893 -0.1449999999999156
894 -0.9299999999999164
895 4.919999999999779
896 4.694999999999782
897 4.939999999999788
898 -0.5399999999999168
899 -0.04499999999991555
900 4.854999999999771
901 -0.5399999999999165
902 4.220000000000123
903 4.844999999999828
904 -0.04999999999991555
905 9.904999999999218
906 -0.03499999999991556
907 -0.08999999999991579
908 -0.019999999999915558
909 -0.16999999999991586
910 -0.5299999999999165
911 9.329999999999195
912 -0.17999999999991564
913 4.8899999999997865
914 -0.2899999999999164
915 -0.19499999999991566
916 -0.16999999999991675
917 -0.08499999999991623
918 -0.16499999999991563
919 4.864999999999808
920 4.889999999999772
921 -0.05999999999991599
922 -0.21499999999991612
923 -0.29499999999991683
924 -0.07499999999991554
925 -0.5699999999999166
926 -0.074999999999916
927 -0.15999999999991563
928 -0.1449999999999158
929 -0.03499999999991556
930 -0.7349999999999165
931 -0.9399999999999178
932 9.36499999999913
933 -0.1299999999999158
934 -0.2149999999999163
935 -0.8099999999999183
936 -0.07499999999991577
937 -0.11999999999991559
938 -0.12499999999991582
939 -0.03499999999991556
940 -0.7049999999999169
941 -0.1249999999999156
942 -0.21999999999991568
943 -0.11999999999991559
944 -0.07499999999991555
945 -0.10999999999991558
946 -0.05499999999991555
947 -0.03499999999991556
948 -0.14499999999991584
949 -0.12999999999991582
950 8.444460408707499e-14
951 4.789999999999796
952 8.444460408707499e-14
953 -0.06999999999991555
954 -0.039999999999915554
955 -0.49499999999991656
956 -0.09499999999991557
957 -0.06999999999991555
958 -0.339999999999916
959 -0.2799999999999177
960 -0.059999999999915545
961 4.914999999999756
962 -0.08499999999991578
963 -0.059999999999915545
964 -0.05499999999991555
965 4.969999999999758
966 -0.07999999999991556
967 -0.11999999999991624
968 -0.1549999999999156
969 -0.12499999999991582
970 4.8749999999997975
971 -0.059999999999915545
972 -0.19999999999991566
973 -0.08499999999991556
974 4.274999999999801
975 4.854999999999784
976 -0.07499999999991555
977 -0.504999999999917
978 -0.4699999999999161
979 -0.05999999999991577
980 -0.03499999999991556
981 -0.08999999999991556
982 -0.08499999999991556
983 -0.14999999999991562
984 4.874999999999801
985 -0.02999999999991556
986 -0.16499999999991607
987 -0.10499999999991558
988 -0.16999999999991586
989 -0.2249999999999159
990 -0.02999999999991556
991 4.8749999999997655
992 -0.2749999999999166
993 -0.23999999999991659
994 4.864999999999755
995 9.204999999999139
996 -0.699999999999916
997 -0.07499999999991555
998 -0.2899999999999168
999 9.839999999999623
1000 -0.06499999999991554
1001 4.334999999999841
1002 -0.04999999999991555
1003 4.724999999999998
1004 -0.6199999999999168
1005 -0.15999999999991674
1006 -0.10999999999991558
1007 -0.074999999999916
1008 -0.18999999999991565
1009 -0.8499999999999184
1010 4.914999999999756
1011 -0.1449999999999156
1012 -0.16999999999991586
1013 -0.08999999999991601
1014 4.889999999999772
1015 -0.04999999999991555
1016 -0.11999999999991559
1017 -0.5799999999999184
1018 4.904999999999763
1019 -0.07499999999991622
1020 -0.6049999999999182
1021 -0.09999999999991559
1022 -0.10999999999991558
1023 -0.16499999999991563
1024 -0.14999999999991562
1025 -0.19999999999991566
1026 4.764999999999894
1027 -0.12499999999991604
1028 -0.1549999999999165
1029 -0.1749999999999163
1030 3.4599999999998188
1031 -0.7249999999999165
1032 -0.14999999999991562
1033 4.750000000000112
1034 -0.039999999999915554
1035 -0.014999999999915557
1036 -0.09499999999991557
1037 -0.2899999999999164
1038 -0.16499999999991583
1039 4.4849999999999905
1040 -0.39499999999991736
1041 4.954999999999753
1042 4.919999999999765
1043 -0.28999999999991594
1044 -0.18499999999991587
1045 4.899999999999772
1046 -0.1999999999999172
1047 -0.2599999999999157
1048 -0.039999999999915554
1049 -0.1049999999999158
1050 -0.06999999999991555
1051 8.444460408707499e-14
1052 -0.02499999999991556
1053 -0.06999999999991555
1054 -0.03499999999991556
1055 4.8949999999997615
1056 -0.7899999999999177
1057 9.86499999999923
1058 -0.47999999999991677
1059 -0.14999999999991584
1060 -0.7099999999999178
1061 0.03500000000008445
1062 -0.039999999999915554
1063 4.859999999999801
1064 -0.26499999999991725
1065 -0.17999999999991564
1066 -0.10999999999991558
1067 4.470000000000118
1068 -0.08999999999991579
1069 -0.08499999999991556
1070 -0.07999999999991556
1071 4.889999999999774
1072 -0.014999999999915557
1073 -0.05499999999991555
1074 -0.18999999999991632
1075 -0.1399999999999156
1076 -0.04999999999991555
1077 -0.08499999999991556
1078 -0.2099999999999159
1079 -0.19499999999991588
1080 4.859999999999768
1081 -0.09499999999991557
1082 -0.6599999999999169
1083 -0.794999999999917
1084 -0.07999999999991556
1085 -0.08999999999991556
1086 4.994999999999754
1087 -0.1299999999999156
1088 4.689999999999805
1089 -0.779999999999917
1090 4.679999999999834
1091 -0.02999999999991556
1092 -0.18999999999991565
1093 -0.02999999999991556
1094 -0.10999999999991558
1095 -0.08499999999991578
1096 -0.07499999999991555
1097 -0.02499999999991556
1098 4.819999999999804
1099 -0.06499999999991554
1100 -0.08499999999991578
1101 -0.22999999999991613
1102 4.9499999999997675
1103 -0.09999999999991557
1104 9.879999999999251
1105 4.3149999999999284
1106 -0.05499999999991555
1107 -0.17999999999991584
1108 8.444460408707499e-14
1109 -0.06999999999991555
1110 -0.7949999999999181
1111 -0.10499999999991558
1112 -0.11499999999991603
1113 4.909999999999763
1114 -0.17499999999991586
1115 4.969999999999755
1116 -0.1249999999999156
1117 -0.2099999999999159
1118 4.874999999999755
1119 -0.07499999999991555
1120 -0.08499999999991556
1121 -0.11499999999991625
1122 -0.08499999999991556
1123 -0.08999999999991556
1124 -0.06499999999991554
1125 -0.07499999999991555
1126 -0.1849999999999161
1127 9.394999999999158
1128 -0.079999999999916
1129 -0.04499999999991555
1130 4.81999999999976
1131 -0.09499999999991557
1132 -0.16999999999991564
1133 -0.14999999999991584
1134 -0.1399999999999156
1135 -0.06499999999991554
1136 -0.06499999999991554
1137 -0.10499999999991558
1138 -0.1349999999999156
1139 -0.08999999999991556
1140 4.884999999999758
1141 -0.11999999999991559
1142 -0.06499999999991554
1143 -0.1499999999999158
1144 4.700000000000112
1145 0.005000000000084445
1146 -0.15499999999991562
1147 -0.17499999999991608
1148 -0.15499999999991562
1149 -0.03999999999991578
1150 -0.10499999999991558
1151 -0.31999999999991596
1152 -0.7599999999999185
1153 -0.15499999999991562
1154 9.72499999999938
1155 -0.1249999999999156
1156 -0.16999999999991564
1157 -0.24499999999991637
1158 4.805000000000099
1159 -0.20999999999991678
1160 -0.05499999999991577
1161 -0.1249999999999156
1162 4.074999999999805
1163 -0.12499999999991583
1164 -0.16999999999991583
1165 -0.21499999999991565
1166 -0.1099999999999158
1167 4.924999999999757
1168 -0.04999999999991555
1169 -0.11999999999991581
1170 -0.10999999999991601
1171 -0.1449999999999156
1172 -0.05499999999991555
1173 4.544999999999792
1174 -0.06999999999991555
1175 -0.6499999999999175
1176 -0.04499999999991555
1177 -0.06499999999991554
1178 -0.019999999999915558
1179 -0.13999999999991625
1180 -0.08499999999991556
1181 -0.21999999999991612
1182 8.789999999999187
1183 -0.06999999999991555
1184 -0.10499999999991558
1185 -0.08499999999991556
1186 -0.09999999999991557
1187 -0.4899999999999168
1188 4.689999999999793
1189 -0.04999999999991555
1190 -0.7849999999999185
1191 4.899999999999777
1192 -0.8199999999999164
1193 -0.039999999999915554
1194 -0.11999999999991581
1195 -0.04999999999991555
1196 -0.11999999999991581
1197 -0.17499999999991564
1198 -0.5549999999999174
1199 -0.06999999999991555
1200 -0.0049999999999155555
1201 -0.1449999999999156
1202 -0.1249999999999156
1203 -0.10999999999991558
1204 -0.1349999999999156
1205 -0.1299999999999156
1206 -0.039999999999915554
1207 -0.08499999999991621
1208 4.899999999999777
1209 4.89999999999976
1210 -0.6199999999999162
1211 -0.09499999999991557
1212 -0.1299999999999156
1213 -0.5549999999999168
1214 -0.07499999999991555
1215 -0.1049999999999158
1216 -0.16499999999991563
1217 -0.7299999999999172
1218 -0.22499999999991568
1219 -0.1299999999999156
1220 -0.34999999999991577
1221 -0.07999999999991578
1222 -0.2199999999999161
1223 -0.10999999999991558
1224 -0.16499999999991585
1225 4.88499999999981
1226 -0.17999999999991564
1227 4.285000000000122
1228 -0.16499999999991607
1229 -0.1549999999999167
1230 -0.754999999999917
1231 -0.07999999999991556
1232 -0.13999999999991605
1233 4.869999999999755
1234 9.71999999999924
1235 -0.039999999999915554
1236 -0.3999999999999165
1237 -0.16999999999991564
1238 -0.09499999999991579
1239 -0.1049999999999158
1240 -0.14499999999991628
1241 -0.1399999999999156
1242 -0.2799999999999157
1243 -0.08499999999991578
1244 -0.674999999999918
1245 -0.15499999999991562
1246 -0.7299999999999178
1247 -0.04999999999991555
1248 -0.02499999999991556
1249 -0.2199999999999161
1250 -0.1399999999999156
1251 -0.21499999999991612
1252 -0.09999999999991557
1253 -0.039999999999915554
1254 -0.059999999999915545
1255 4.774999999999892
1256 -0.08499999999991556
1257 -0.16999999999991675
1258 -0.10499999999991558
1259 4.884999999999767
1260 -0.7099999999999171
1261 -0.11999999999991559
1262 -0.08499999999991556
1263 -0.1849999999999163
1264 -0.3099999999999173
1265 -0.06999999999991555
1266 -0.11499999999991559
1267 -0.10999999999991558
1268 -0.23999999999991592
1269 -0.6349999999999166
1270 -0.11999999999991559
1271 -0.06499999999991554
1272 -0.1399999999999156
1273 -0.02499999999991556
1274 -0.3199999999999164
1275 4.87499999999976
1276 -0.1449999999999156
1277 -0.5999999999999166
1278 -0.08999999999991556
1279 -0.1249999999999156
1280 -0.18499999999991631
1281 -0.2149999999999159
1282 -0.09999999999991557
1283 -0.10499999999991558
1284 4.904999999999758
1285 -0.11999999999991559
1286 -0.1399999999999156
1287 -0.1399999999999156
1288 4.949999999999764
1289 4.944999999999775
1290 -1.054999999999916
1291 -0.08999999999991579
1292 -0.05499999999991555
1293 -0.07499999999991555
1294 -0.6649999999999162
1295 -0.1449999999999156
1296 -0.1399999999999156
1297 -0.17999999999991564
1298 -0.2099999999999159
1299 -0.1949999999999161
1300 -0.11999999999991559
1301 -0.11499999999991559
1302 -0.08499999999991578
1303 -0.09999999999991557
1304 -0.2449999999999166
1305 -0.03499999999991556
1306 -0.24499999999991637
1307 -0.07999999999991556
1308 4.9099999999997594
1309 -0.09999999999991556
1310 -0.11499999999991581
1311 -0.16999999999991564
1312 -0.10999999999991558
1313 4.829999999999784
1314 -0.08499999999991556
1315 -0.18999999999991565
1316 -0.04499999999991555
1317 -0.5999999999999168
1318 -0.07999999999991556
1319 4.899999999999783
1320 -0.19499999999991566
1321 -0.11999999999991581
1322 -0.13999999999991627
1323 -0.019999999999915558
1324 -0.11499999999991559
1325 -0.10499999999991558
1326 9.969999999999215
1327 -0.2299999999999157
1328 -0.05499999999991555
1329 -0.09499999999991555
1330 -0.659999999999917
1331 4.909999999999763
1332 4.894999999999804
1333 4.909999999999777
1334 -0.11999999999991559
1335 -1.149999999999915
1336 -0.2299999999999159
1337 4.555000000000113
1338 -0.18499999999991654
1339 -0.18999999999991585
1340 -0.02999999999991556
1341 -0.5199999999999159
1342 -0.07499999999991555
1343 -0.04499999999991555
1344 4.939999999999755
1345 -0.17499999999991564
1346 -0.06999999999991555
1347 -0.06499999999991554
1348 8.444460408707499e-14
1349 -0.10499999999991558
1350 -0.14499999999991606
1351 -0.02999999999991556
1352 -0.04999999999991555
1353 -0.06999999999991555
1354 -0.10999999999991558
1355 4.374999999999881
1356 -0.019999999999915558
1357 -0.07999999999991556
1358 -0.16999999999991564
1359 -0.04499999999991555
1360 -0.12499999999991604
1361 -0.5049999999999167
1362 -0.07499999999991555
1363 -0.8499999999999177
1364 -0.34499999999991643
1365 -0.3349999999999174
1366 -0.04499999999991555
1367 4.914999999999775
1368 -0.10499999999991558
1369 -0.16499999999991627
1370 4.904999999999767
1371 -0.04499999999991555
1372 -0.11999999999991559
1373 -0.10999999999991625
1374 -0.07499999999991577
1375 -0.08499999999991556
1376 -0.14999999999991562
1377 9.929999999999216
1378 -0.07499999999991555
1379 4.7649999999997625
1380 9.769999999999216
1381 -0.06999999999991555
1382 -0.2699999999999168
1383 -0.06499999999991554
1384 -0.15999999999991563
1385 -0.06499999999991554
1386 -0.08999999999991556
1387 -0.05499999999991577
1388 4.574999999999788
1389 -0.16499999999991585
1390 4.290000000000121
1391 -0.08999999999991556
1392 -0.09999999999991602
1393 -0.6149999999999164
1394 -0.06999999999991555
1395 4.904999999999767
1396 -0.08499999999991556
1397 -0.1449999999999156
1398 -0.06499999999991599
1399 -0.07499999999991555
1400 -0.11999999999991559
1401 -0.14999999999991606
1402 -0.16999999999991586
1403 -0.14499999999991584
1404 -0.16499999999991585
1405 4.9299999999997715
1406 -0.05499999999991555
1407 -0.02499999999991578
1408 4.89999999999976
1409 -0.2299999999999157
1410 0.005000000000084445
1411 4.7999999999997955
1412 -0.1449999999999156
1413 -0.10499999999991558
1414 -0.07499999999991555
1415 4.894999999999767
1416 -0.05499999999991555
1417 -0.1299999999999156
1418 -0.1849999999999161
1419 -0.17499999999991586
1420 -0.10999999999991558
1421 -0.059999999999915545
1422 -0.019999999999915558
1423 -0.1249999999999156
1424 -0.07499999999991555
1425 -0.1449999999999156
1426 -0.5749999999999166
1427 -0.08499999999991556
1428 -0.17999999999991587
1429 -0.6949999999999165
1430 4.9049999999997755
1431 -0.2499999999999157
1432 -0.5599999999999163
1433 -0.10999999999991558
1434 -0.10499999999991558
1435 -0.07999999999991667
1436 -0.1399999999999156
1437 -0.16499999999991563
1438 9.849999999999234
1439 -0.17499999999991608
1440 -0.17999999999991653
1441 -0.04999999999991555
1442 -0.06999999999991555
1443 -0.2849999999999166
1444 -0.20999999999991678
1445 -0.07999999999991556
1446 -0.12499999999991604
1447 -0.07499999999991555
1448 -0.08999999999991556
1449 -0.17999999999991564
1450 -0.09499999999991557
1451 4.914999999999777
1452 -0.11499999999991559
1453 4.8999999999997685
1454 -0.07499999999991555
1455 -0.09999999999991578
1456 -0.08999999999991667
1457 -0.8299999999999175
1458 -0.11999999999991559
1459 -0.15499999999991562
1460 -0.13499999999991583
1461 -0.6599999999999162
1462 -0.08999999999991556
1463 4.814999999999831
1464 -0.0999999999999158
1465 -0.08499999999991556
1466 4.889999999999763
1467 -0.17499999999991586
1468 -0.059999999999915545
1469 -0.08999999999991556
1470 -0.02499999999991556
1471 -0.1299999999999156
1472 -0.15999999999991563
1473 -0.12499999999991582
1474 4.914999999999782
1475 -0.07999999999991556
1476 -0.059999999999915545
1477 -0.10499999999991558
1478 -0.039999999999915554
1479 -0.11499999999991559
1480 -0.11999999999991559
1481 -0.1299999999999156
1482 -0.014999999999915557
1483 -0.07999999999991556
1484 -0.5699999999999181
1485 -0.04999999999991555
1486 -0.18499999999991565
1487 4.829999999999786
1488 -0.1399999999999156
1489 -0.08499999999991556
1490 -0.0999999999999158
1491 -0.06499999999991554
1492 -0.13999999999991583
1493 -0.1299999999999156
1494 -0.04999999999991577
1495 -0.05499999999991599
1496 -0.09999999999991557
1497 -0.1299999999999156
1498 -0.13999999999991583
1499 -0.1399999999999156
1500 -0.039999999999915554
1501 -0.08999999999991556
1502 -0.09999999999991557
1503 -0.13999999999991558
1504 -0.05499999999991555
1505 -0.07499999999991555
1506 -0.11499999999991559
1507 -0.15999999999991563
1508 -0.13999999999991627
1509 4.914999999999756
1510 -0.08999999999991556
1511 -0.29999999999991583
1512 4.789999999999773
1513 -0.12999999999991646
1514 -0.20499999999991567
1515 -0.07999999999991556
1516 -0.08999999999991556
1517 4.914999999999809
1518 -0.1449999999999167
1519 -0.06499999999991554
1520 -0.11499999999991559
1521 -0.07499999999991577
1522 4.9349999999997625
1523 -0.15499999999991562
1524 -0.08999999999991556
1525 -0.1599999999999163
1526 -0.16999999999991564
1527 4.939999999999777
1528 -0.5399999999999165
1529 -0.2349999999999157
1530 -0.14999999999991606
1531 -0.15499999999991562
1532 -0.09499999999991557
1533 -0.18499999999991606
1534 -0.3849999999999167
1535 -0.06999999999991555
1536 -0.06499999999991554
1537 -0.7399999999999165
1538 -0.06499999999991554
1539 9.439999999999166
1540 -0.17499999999991564
1541 -0.07499999999991555
1542 -0.009999999999915556
1543 4.909999999999779
1544 4.929999999999759
1545 -0.5099999999999163
1546 4.874999999999764
1547 4.979999999999763
1548 -0.1349999999999156
1549 -0.07499999999991555
1550 -0.15499999999991562
1551 -0.2449999999999157
1552 -0.14999999999991562
1553 -0.09999999999991557
1554 -0.1299999999999156
1555 -0.11999999999991559
1556 -0.574999999999917
1557 -0.31499999999991773
1558 -0.09999999999991557
1559 -0.09499999999991557
1560 4.724999999999806
1561 4.829999999999802
1562 -0.5499999999999163
1563 -0.10999999999991558
1564 -0.1349999999999156
1565 4.225000000000118
1566 -0.02499999999991556
1567 -0.04499999999991555
1568 -0.08499999999991556
1569 -0.06499999999991554
1570 -0.10999999999991558
1571 -0.09499999999991557
1572 -0.11499999999991559
1573 4.634999999999792
1574 -0.12499999999991582
1575 4.299999999999794
1576 -0.11499999999991559
1577 -0.14499999999991584
1578 -0.18999999999991588
1579 4.969999999999756
1580 -0.24999999999991615
1581 -0.11499999999991581
1582 -0.10999999999991558
1583 -0.11499999999991559
1584 4.879999999999785
1585 -0.08999999999991579
1586 -0.21499999999991587
1587 0.015000000000084446
1588 -0.05499999999991555
1589 -0.08999999999991556
1590 4.864999999999769
1591 -0.05499999999991555
1592 -0.10499999999991558
1593 -0.10999999999991558
1594 -0.15499999999991562
1595 -0.09499999999991579
1596 -0.04499999999991555
1597 -0.16499999999991563
1598 -0.10499999999991558
1599 -0.14999999999991606
1600 -0.11499999999991625
1601 -0.4749999999999161
1602 -0.6299999999999173
1603 -0.07999999999991556
1604 -0.06999999999991555
1605 -0.15999999999991563
1606 -0.09499999999991579
1607 -0.08499999999991556
1608 -0.17999999999991564
1609 -0.1349999999999156
1610 -0.06999999999991555
1611 -0.5299999999999165
1612 4.924999999999763
1613 -0.03499999999991556
1614 -0.10499999999991558
1615 4.829999999999786
1616 4.344999999999811
1617 -0.05499999999991577
1618 -0.19499999999991588
1619 -0.1449999999999156
1620 4.769999999999773
1621 4.95999999999978
1622 4.499999999999786
1623 -0.09999999999991557
1624 -0.16499999999991585
1625 -0.1249999999999156
1626 4.634999999999842
1627 -0.04499999999991555
1628 -0.12499999999991604
1629 -0.09499999999991601
1630 4.844999999999763
1631 -0.09499999999991557
1632 -0.03499999999991556
1633 -0.09499999999991557
1634 -0.06999999999991555
1635 -0.11999999999991559
1636 -0.04499999999991555
1637 4.759999999999796
1638 -0.1449999999999156
1639 -0.09499999999991579
1640 4.954999999999776
1641 -0.09499999999991557
1642 -0.09499999999991557
1643 -0.30999999999991595
1644 4.919999999999754
1645 -0.10499999999991558
1646 -0.06999999999991555
1647 -0.05499999999991555
1648 -0.1299999999999156
1649 -0.07499999999991555
1650 -0.08999999999991556
1651 -0.09499999999991557
1652 -0.10499999999991558
1653 -0.07499999999991555
1654 4.154999999999811
1655 -0.11999999999991581
1656 -0.039999999999915554
1657 -0.19999999999991566
1658 -0.1899999999999161
1659 -0.05499999999991555
1660 4.914999999999763
1661 -0.08999999999991556
1662 -0.08499999999991578
1663 4.954999999999755
1664 4.844999999999789
1665 -0.12999999999991604
1666 -0.10499999999991558
1667 -0.24999999999991634
1668 -0.06999999999991555
1669 -0.07999999999991556
1670 -0.09499999999991557
1671 -0.11999999999991559
1672 -0.6599999999999169
1673 9.739999999999254
1674 4.824999999999777
1675 -0.48999999999991634
1676 9.879999999999203
1677 -0.16999999999991564
1678 -0.07499999999991555
1679 -0.1249999999999156
1680 4.889999999999765
1681 -0.25999999999991724
1682 -0.09499999999991557
1683 -0.12499999999991604
1684 -0.09999999999991557
1685 -0.16999999999991564
1686 -0.039999999999915554
1687 -0.06999999999991555
1688 -0.019999999999915558
1689 -0.11999999999991559
1690 -0.10999999999991558
1691 -0.03499999999991578
1692 -0.1399999999999156
1693 -0.1349999999999156
1694 -0.1449999999999156
1695 -0.08499999999991556
1696 -0.15999999999991563
1697 -0.10499999999991558
1698 4.929999999999787
1699 -0.17499999999991564
1700 -0.08999999999991556
1701 -0.21999999999991568
1702 4.864999999999755
1703 -0.14999999999991562
1704 -0.9049999999999186
1705 -0.11499999999991559
1706 -0.06499999999991554
1707 -0.1249999999999156
1708 -0.059999999999915545
1709 -0.11499999999991559
1710 -0.04999999999991555
1711 -0.08999999999991556
1712 -0.07999999999991556
1713 -0.12999999999991582
1714 -0.14999999999991562
1715 -0.07999999999991556
1716 -0.18999999999991565
1717 -0.07499999999991555
1718 4.9649999999997565
1719 -0.10499999999991626
1720 -0.039999999999915554
1721 -0.1649999999999163
1722 -0.08499999999991556
1723 4.7899999999997975
1724 -0.09499999999991579
1725 -0.10999999999991558
1726 4.854999999999768
1727 -0.11999999999991626
1728 -0.21499999999991568
1729 -0.19999999999991588
1730 -0.11499999999991559
1731 -0.10999999999991558
1732 -0.1399999999999156
1733 4.934999999999764
1734 -0.10999999999991558
1735 -0.09999999999991557
1736 -0.1399999999999156
1737 -0.07499999999991555
1738 -0.03499999999991556
1739 -0.354999999999916
1740 -0.014999999999915557
1741 -0.11999999999991559
1742 4.959999999999764
1743 -0.08999999999991556
1744 -0.06499999999991554
1745 -0.1249999999999156
1746 -0.5249999999999163
1747 -0.09999999999991557
1748 -0.18999999999991565
1749 -0.10999999999991558
1750 4.954999999999762
1751 4.909999999999809
1752 -0.0999999999999158
1753 -0.07999999999991556
1754 -0.04999999999991555
1755 -0.1249999999999156
1756 -0.1399999999999156
1757 -0.08499999999991556
1758 -0.039999999999915554
1759 -0.7049999999999165
1760 -0.15499999999991562
1761 -0.1349999999999156
1762 -0.19499999999991632
1763 -0.17499999999991608
1764 -0.1249999999999156
1765 4.674999999999814
1766 -0.2899999999999157
1767 -0.1449999999999156
1768 -0.11999999999991559
1769 -0.13499999999991583
1770 -0.039999999999915554
1771 -0.09999999999991557
1772 -0.07999999999991556
1773 -0.1399999999999156
1774 -0.04999999999991555
1775 -0.10499999999991558
1776 -0.10499999999991559
1777 -0.14499999999991584
1778 -0.11499999999991559
1779 -0.16499999999991607
1780 -0.12499999999991561
1781 -0.08499999999991556
1782 -0.11999999999991581
1783 -0.16999999999991608
1784 4.8399999999998
1785 4.914999999999813
1786 -0.16499999999991696
1787 -0.6149999999999171
1788 -0.634999999999916
1789 -0.009999999999915556
1790 4.889999999999756
1791 -0.07999999999991556
1792 -0.14999999999991584
1793 -0.10499999999991558
1794 -0.039999999999915554
1795 -0.7649999999999165
1796 -0.07999999999991556
1797 -0.16499999999991607
1798 -0.06999999999991555
1799 -0.07999999999991556
1800 -0.09999999999991557
1801 -0.11999999999991559
1802 -0.02999999999991556
1803 4.904999999999754
1804 4.769999999999782
1805 -0.05499999999991555
1806 -0.17499999999991653
1807 -0.4349999999999165
1808 -0.08499999999991556
1809 -0.1049999999999158
1810 -0.35999999999991666
1811 -0.10999999999991557
1812 -0.09499999999991557
1813 -0.09499999999991557
1814 4.929999999999763
1815 -0.05999999999991577
1816 -0.17499999999991564
1817 -0.07499999999991555
1818 -0.1299999999999156
1819 -0.08999999999991556
1820 -0.10999999999991558
1821 4.879999999999774
1822 4.924999999999777
1823 -0.10499999999991558
1824 -0.25499999999991724
1825 9.904999999999212
1826 4.809999999999783
1827 -0.22499999999991568
1828 -0.20999999999991587
1829 -0.3799999999999169
1830 -0.6849999999999173
1831 4.904999999999774
1832 -0.16499999999991563
1833 4.684999999999773
1834 -0.11499999999991559
1835 -0.16499999999991585
1836 -0.10999999999991558
1837 -0.09499999999991646
1838 -0.11999999999991559
1839 -0.13499999999991583
1840 4.285000000000101
1841 -0.08999999999991556
1842 -0.03499999999991556
1843 -0.09999999999991557
1844 -0.0999999999999158
1845 -0.08999999999991579
1846 -0.11999999999991559
1847 4.934999999999794
1848 -0.09999999999991557
1849 -0.07499999999991555
1850 -0.13999999999991627
1851 -0.11499999999991581
1852 -0.07499999999991555
1853 -0.019999999999915558
1854 -0.09499999999991557
1855 -0.21499999999991568
1856 -0.11499999999991603
1857 -0.019999999999915558
1858 -0.03499999999991556
1859 4.859999999999762
1860 -0.04499999999991555
1861 -0.08999999999991556
1862 -0.06999999999991555
1863 -0.08999999999991556
1864 -0.05499999999991555
1865 -0.4849999999999159
1866 -0.07999999999991556
1867 -0.7849999999999177
1868 -0.1499999999999156
1869 -0.019999999999915558
1870 -0.1349999999999156
1871 -0.06499999999991554
1872 -0.1249999999999156
1873 -0.15999999999991607
1874 -0.06499999999991554
1875 -0.19499999999991566
1876 9.949999999999239
1877 -0.09499999999991579
1878 -0.11499999999991559
1879 9.75999999999931
1880 4.7599999999998
1881 -0.12999999999991582
1882 4.854999999999793
1883 -0.02999999999991556
1884 -0.1349999999999156
1885 -0.13999999999991558
1886 -0.1349999999999156
1887 -0.11499999999991559
1888 4.884999999999778
1889 -0.09499999999991557
1890 -0.09999999999991557
1891 -0.18499999999991565
1892 -0.06999999999991555
1893 -0.059999999999915545
1894 -0.11499999999991559
1895 -0.05999999999991577
1896 -0.07499999999991555
1897 -0.044999999999915996
1898 -0.10999999999991558
1899 14.885000000000602
1900 -0.08499999999991578
1901 -0.5749999999999166
1902 -0.13999999999991605
1903 -0.07499999999991555
1904 4.819999999999763
1905 -0.1349999999999156
1906 -0.07499999999991555
1907 -0.039999999999915554
1908 -0.6249999999999162
1909 4.8599999999997605
1910 -0.02999999999991556
1911 -0.09499999999991557
1912 -0.03499999999991556
1913 -0.04999999999991555
1914 -0.07999999999991578
1915 0.005000000000084445
1916 9.894999999999241
1917 4.89499999999977
1918 9.934999999999214
1919 -0.059999999999915545
1920 -0.1349999999999156
1921 -0.21999999999991612
1922 -0.6449999999999164
1923 -0.1399999999999156
1924 -0.07999999999991556
1925 4.769999999999777
1926 -0.06499999999991554
1927 -0.10999999999991558
1928 19.860000000000973
1929 -0.14999999999991584
1930 -0.1399999999999156
1931 -0.04499999999991555
1932 -0.25999999999991613
1933 -0.06999999999991555
1934 -0.06999999999991555
1935 -0.09999999999991557
1936 -0.09999999999991557
1937 -0.10499999999991558
1938 4.909999999999793
1939 -0.09999999999991557
1940 -0.7099999999999169
1941 -0.5799999999999161
1942 4.884999999999785
1943 -0.1249999999999156
1944 4.72499999999979
1945 -0.04499999999991555
1946 -0.2599999999999157
1947 -0.059999999999915545
1948 -0.18999999999991563
1949 -0.10999999999991558
1950 -0.02499999999991556
1951 4.914999999999756
1952 -0.10999999999991558
1953 -0.08999999999991556
1954 4.9249999999997645
1955 -0.1399999999999156
1956 -0.15499999999991562
1957 -0.06999999999991577
1958 -0.19999999999991633
1959 -0.02999999999991556
1960 -0.11999999999991581
1961 -0.08999999999991556
1962 -0.10499999999991558
1963 -0.11499999999991559
1964 -0.14999999999991584
1965 -0.11499999999991581
1966 -0.08499999999991556
1967 -0.08499999999991556
1968 -0.11999999999991559
1969 -0.10999999999991558
1970 -0.18999999999991565
1971 4.849999999999755
1972 -0.07499999999991555
1973 -0.11499999999991581
1974 -0.06999999999991555
1975 -0.07499999999991577
1976 -0.07499999999991555
1977 -0.0049999999999155555
1978 -0.10499999999991558
1979 -0.44999999999991586
1980 -0.11499999999991559
1981 -0.15499999999991682
1982 -0.039999999999915554
1983 -0.23499999999991633
1984 4.924999999999756
1985 -0.1849999999999163
1986 -0.05999999999991577
1987 -0.07999999999991556
1988 4.219999999999794
1989 -0.17999999999991564
1990 -0.12499999999991582
1991 -0.06999999999991555
1992 -0.09499999999991557
1993 4.934999999999757
1994 -0.1699999999999163
1995 4.889999999999788
1996 -0.10499999999991558
1997 -0.08999999999991556
1998 4.909999999999793
1999 -0.1449999999999156
5508.032927751541
