0 -6.76
1 -7.72
2 -7.75
3 -8.51
4 -7.66
5 -7.72
6 -7.67
7 -7.70
8 -7.67
9 -7.64
10 -7.74
11 -7.69
12 -8.48
13 -6.10
14 -6.08
15 -7.65
16 -7.66
17 -5.61
18 -7.59
19 -7.59
20 -7.58
21 -5.20
22 -7.56
23 -7.67
24 -7.60
25 -8.43
26 -7.72
27 -7.63
28 -5.86
29 -6.28
30 -8.76
31 -7.77
32 -5.20
33 -7.59
34 -7.61
35 -7.78
36 -4.96
37 -7.69
38 -7.69
39 -7.67
40 -7.61
41 -7.62
42 -8.44
43 -7.81
44 -7.55
45 -7.66
46 -7.64
47 -7.74
48 -7.71
49 -2.69
50 -5.17
51 -7.58
52 -7.42
53 -8.95
54 -5.08
55 -7.64
56 -7.66
57 -7.97
58 -7.57
59 -7.78
60 -7.52
61 -5.92
62 -7.59
63 -7.71
64 -7.71
65 -7.64
66 -7.74
67 -7.64
68 -7.59
69 -9.97
70 -7.55
71 -7.56
72 -8.45
73 -5.23
74 -8.61
75 -5.23
76 -7.81
77 -7.60
78 -7.65
79 -8.50
80 -7.49
81 -7.79
82 -7.69
83 -7.68
84 -5.06
85 -7.68
86 -7.76
87 -7.76
88 -8.66
89 -7.77
90 -7.64
91 -7.77
92 -8.46
93 -5.27
94 -7.63
95 -8.45
96 -7.59
97 -7.73
98 -7.76
99 -7.60
100 -8.33
101 -8.37
102 -7.78
103 -7.73
104 -7.60
105 -2.58
106 -8.56
107 -7.71
108 -6.57
109 -7.68
110 -7.97
111 -7.67
112 -5.10
113 -7.73
114 -7.76
115 -9.26
116 -7.76
117 -8.37
118 -7.61
119 -8.43
120 -2.70
121 -7.68
122 -7.73
123 -7.70
124 -7.80
125 -7.62
126 -7.73
127 -7.49
128 -7.59
129 -7.69
130 -7.67
131 -8.81
132 -6.18
133 -7.68
134 -7.73
135 -2.63
136 -7.65
137 -7.80
138 -8.60
139 -5.99
140 -5.26
141 -8.43
142 -7.91
143 -5.40
144 -5.54
145 -5.26
146 -7.70
147 -8.43
148 -7.75
149 -2.62
150 -7.63
151 -7.69
152 -9.16
153 -5.06
154 -7.64
155 -8.52
156 -8.54
157 -5.62
158 -6.21
159 -7.83
160 -2.62
161 -7.64
162 -7.62
163 -7.76
164 -5.03
165 -7.84
166 -7.66
167 -7.51
168 -7.66
169 -7.73
170 -8.39
171 -5.23
172 -7.67
173 -5.23
174 -7.69
175 -7.73
176 -7.55
177 -8.57
178 -7.72
179 -7.65
180 -2.64
181 -5.16
182 -7.66
183 -7.64
184 -7.61
185 -7.54
186 -8.46
187 -7.71
188 -5.11
189 -7.72
190 -5.06
191 -7.72
192 -7.77
193 -7.50
194 -7.61
195 -7.65
196 -7.81
197 -7.55
198 -7.67
199 -8.58
200 -7.85
201 -7.84
202 -7.84
203 -7.65
204 -3.00
205 -7.64
206 -7.50
207 -7.77
208 -6.23
209 -5.15
210 -7.63
211 -7.71
212 -7.59
213 -8.45
214 -7.54
215 -8.52
216 -7.66
217 -5.16
218 -7.83
219 -7.55
220 -7.54
221 -7.66
222 -7.72
223 -5.15
224 -5.09
225 -2.69
226 -2.59
227 -7.62
228 -7.65
229 -7.66
230 -7.54
231 -7.50
232 -5.21
233 -7.69
234 -7.80
235 -3.56
236 -8.50
237 -5.10
238 -7.65
239 -6.15
240 -7.59
241 -7.84
242 -7.59
243 -7.79
244 -5.08
245 -5.21
246 -7.75
247 -8.45
248 -8.43
249 -7.78
250 -2.39
251 -5.09
252 -7.80
253 -5.18
254 -8.38
255 -7.52
256 -7.70
257 -7.54
258 -7.63
259 -7.71
260 -7.58
261 -5.02
262 -7.65
263 -7.64
264 -5.19
265 -7.65
266 -8.38
267 -7.67
268 -7.64
269 -5.20
270 -8.46
271 -7.69
272 -5.02
273 -7.60
274 -5.12
275 -7.78
276 -7.83
277 -7.70
278 -8.47
279 -5.00
280 -5.09
281 -5.33
282 -7.63
283 -7.69
284 -5.29
285 -7.61
286 -5.07
287 -8.54
288 -7.68
289 -7.74
290 -7.60
291 -7.66
292 -5.20
293 -5.34
294 -3.50
295 -7.61
296 -0.03
297 -7.76
298 -5.11
299 -5.11
300 -5.20
301 -0.96
302 -7.66
303 -2.61
304 -7.61
305 -5.27
306 -7.64
307 -7.63
308 -5.23
309 -7.79
310 -5.09
311 -5.14
312 -7.61
313 -5.32
314 -5.19
315 -7.61
316 -7.76
317 -7.65
318 -7.73
319 -8.38
320 -5.95
321 -7.69
322 -7.74
323 -5.17
324 -7.64
325 -5.06
326 -8.38
327 -7.71
328 -7.65
329 -7.65
330 -7.65
331 -5.90
332 -5.32
333 -8.60
334 -7.66
335 -5.77
336 -7.59
337 -8.44
338 -7.60
339 -5.40
340 -5.92
341 -7.72
342 -5.98
343 -7.64
344 -8.56
345 -7.78
346 -7.71
347 -7.57
348 -7.64
349 -7.78
350 -8.28
351 -8.44
352 -8.56
353 -7.68
354 -7.65
355 -7.69
356 -5.51
357 -7.59
358 -7.57
359 -5.23
360 -7.77
361 -5.14
362 -8.72
363 -8.28
364 -7.84
365 -8.11
366 -7.74
367 -9.53
368 -7.41
369 -6.00
370 -5.02
371 -7.66
372 -7.64
373 -7.62
374 -8.49
375 -7.65
376 -4.33
377 -7.67
378 -5.11
379 -6.16
380 -7.63
381 -5.15
382 -7.61
383 -7.61
384 -7.53
385 -7.76
386 -7.75
387 -7.68
388 -7.80
389 -8.47
390 -7.72
391 -7.58
392 -5.46
393 -7.57
394 -7.60
395 -8.54
396 -7.67
397 -5.16
398 -7.71
399 -8.40
400 -7.60
401 -5.90
402 -6.01
403 -8.24
404 -5.08
405 -5.15
406 -5.09
407 -5.22
408 -7.65
409 -7.59
410 -5.16
411 -9.32
412 -5.14
413 -7.68
414 -7.75
415 -7.72
416 -7.58
417 -7.50
418 -8.65
419 -7.64
420 -7.65
421 -7.68
422 -7.61
423 -8.04
424 -7.69
425 -5.17
426 -8.43
427 -7.55
428 -7.65
429 -7.78
430 -8.44
431 -5.31
432 -9.34
433 -7.58
434 -8.39
435 -8.56
436 -7.65
437 -7.79
438 -5.14
439 -8.44
440 -6.17
441 -5.33
442 -5.05
443 -5.21
444 -7.48
445 -8.39
446 -7.72
447 -7.77
448 -7.62
449 -7.57
450 -7.55
451 -7.50
452 -7.64
453 -5.12
454 -5.16
455 -5.25
456 -7.54
457 -5.09
458 -7.55
459 -7.63
460 -7.76
461 -8.49
462 -2.68
463 -3.42
464 -7.50
465 -7.74
466 -7.50
467 -7.71
468 -5.17
469 -7.65
470 -7.61
471 -7.65
472 -7.74
473 -7.56
474 -7.64
475 -7.72
476 -7.53
477 -7.60
478 -7.68
479 -7.76
480 -7.70
481 -7.64
482 -7.67
483 -8.35
484 -5.14
485 -8.49
486 -7.66
487 -7.61
488 -3.28
489 -7.63
490 -7.84
491 -7.65
492 -7.02
493 -7.68
494 -5.20
495 -7.63
496 -7.61
497 -4.52
498 -7.67
499 -7.63
500 -5.22
501 -7.76
502 -7.59
503 -8.69
504 -8.55
505 -7.65
506 -7.72
507 -7.68
508 -7.54
509 -7.62
510 -7.60
511 -8.39
512 -7.56
513 -7.64
514 -8.85
515 -7.65
516 -7.61
517 -8.64
518 -7.57
519 -5.52
520 -7.67
521 -7.62
522 -7.70
523 -2.65
524 -7.86
525 -7.76
526 -7.76
527 -5.91
528 -7.69
529 -5.04
530 -7.52
531 -7.68
532 -7.79
533 -7.81
534 -6.15
535 -7.67
536 -5.85
537 -7.72
538 -7.54
539 -7.71
540 -7.67
541 -7.73
542 -5.01
543 -5.23
544 -7.62
545 -7.61
546 -7.70
547 -2.69
548 -7.75
549 -7.72
550 -5.23
551 -7.73
552 -7.75
553 -2.54
554 -7.83
555 -7.64
556 -7.63
557 -7.60
558 -7.79
559 -5.23
560 -7.70
561 -7.77
562 -6.30
563 -8.42
564 -8.30
565 -2.54
566 -5.17
567 -9.21
568 -7.58
569 -5.15
570 -7.82
571 -8.77
572 -5.89
573 -8.49
574 -7.78
575 -7.60
576 -5.96
577 -5.15
578 -8.24
579 -7.57
580 -7.69
581 -7.70
582 -3.61
583 -5.94
584 -2.72
585 -7.74
586 -7.50
587 -7.50
588 -7.85
589 -7.74
590 -7.61
591 -7.45
592 -5.19
593 -7.59
594 -8.54
595 -7.67
596 -7.67
597 -7.71
598 -8.48
599 -7.66
600 -7.76
601 -7.69
602 -5.02
603 -7.66
604 -3.41
605 -7.83
606 -7.68
607 -7.87
608 -7.98
609 -7.72
610 -7.75
611 -8.50
612 -7.64
613 -7.67
614 -5.28
615 -7.74
616 -5.19
617 -7.60
618 -7.67
619 -8.50
620 -5.16
621 -7.73
622 -5.27
623 -6.04
624 -8.29
625 -7.81
626 -7.69
627 -7.57
628 -7.69
629 -5.19
630 -8.46
631 -8.65
632 -2.59
633 -7.57
634 -7.70
635 -8.50
636 -7.94
637 -7.60
638 -8.53
639 -7.78
640 -8.41
641 -0.16
642 -7.70
643 -8.62
644 -7.56
645 -7.60
646 -7.57
647 -7.67
648 -7.80
649 -7.62
650 -7.58
651 -0.12
652 -5.97
653 -7.82
654 -7.71
655 -8.54
656 -7.60
657 -7.65
658 -3.44
659 -7.78
660 -7.61
661 -8.52
662 -5.11
663 -5.96
664 -7.64
665 -7.66
666 -8.52
667 -7.67
668 -7.73
669 -7.50
670 -7.72
671 -7.69
672 -7.75
673 -8.34
674 -5.34
675 -8.52
676 -7.69
677 -8.57
678 -3.57
679 -7.68
680 -7.71
681 -5.28
682 -8.33
683 -7.51
684 -7.59
685 -5.54
686 -7.72
687 -5.13
688 -7.70
689 -8.37
690 -7.77
691 -7.52
692 -7.74
693 -7.68
694 -7.82
695 -7.63
696 -8.55
697 -6.29
698 -5.31
699 -5.08
700 -7.64
701 -7.87
702 -8.56
703 -7.61
704 -7.69
705 -5.14
706 -6.15
707 -7.78
708 -6.05
709 -8.36
710 -7.74
711 -7.65
712 0.01
713 -7.83
714 -5.25
715 -7.76
716 -7.68
717 -8.90
718 -7.66
719 -7.69
720 -7.89
721 -7.71
722 -7.71
723 -7.66
724 -7.67
725 -7.69
726 -7.60
727 -7.65
728 -8.56
729 -7.60
730 -7.57
731 -7.60
732 -5.97
733 -7.52
734 -8.41
735 -9.16
736 -8.38
737 -7.61
738 -7.64
739 -7.53
740 -7.67
741 -7.79
742 -7.72
743 -7.53
744 -7.68
745 -5.19
746 -5.07
747 -5.30
748 -7.69
749 -3.53
750 -8.48
751 -7.56
752 -7.72
753 -7.68
754 -5.99
755 -8.75
756 -7.66
757 -5.25
758 -5.08
759 -7.70
760 -8.54
761 -7.57
762 -7.64
763 -2.68
764 -8.28
765 -7.74
766 -9.26
767 -7.75
768 -7.62
769 -7.64
770 -7.68
771 -7.89
772 -5.90
773 -5.25
774 -8.42
775 -7.57
776 -8.54
777 -7.64
778 -7.52
779 -8.34
780 -5.04
781 -7.67
782 -7.73
783 -7.60
784 -7.85
785 -6.04
786 -7.59
787 -0.85
788 -7.67
789 -5.26
790 -7.65
791 -5.11
792 -7.55
793 -7.71
794 -7.69
795 -9.47
796 -8.41
797 -7.70
798 -2.73
799 -7.63
800 -7.67
801 -7.64
802 -7.59
803 -7.62
804 -5.14
805 -7.50
806 -7.62
807 -7.60
808 -7.69
809 -7.86
810 -7.70
811 -7.57
812 -5.21
813 -7.83
814 -7.56
815 -5.13
816 -8.44
817 -7.61
818 -7.64
819 -6.12
820 -8.58
821 -7.50
822 -7.70
823 -8.37
824 -7.62
825 -5.15
826 -7.64
827 -7.88
828 -2.70
829 -5.23
830 -7.63
831 -6.03
832 -7.52
833 -7.63
834 -5.16
835 -5.08
836 -8.55
837 -7.61
838 -5.97
839 -8.62
840 -8.44
841 -7.70
842 -7.66
843 -7.60
844 -7.72
845 -7.70
846 -7.57
847 -8.66
848 -7.83
849 -7.71
850 -7.77
851 -7.79
852 -7.76
853 -7.67
854 -7.58
855 -6.13
856 -7.64
857 -7.63
858 -7.57
859 -6.00
860 -5.03
861 -8.56
862 -7.69
863 -9.31
864 -7.69
865 -7.68
866 -7.59
867 -7.70
868 -7.62
869 -7.51
870 -5.21
871 -5.90
872 -8.45
873 -3.33
874 -7.84
875 -5.56
876 -5.05
877 -6.05
878 -4.45
879 -2.48
880 -7.54
881 -7.69
882 -5.34
883 -7.61
884 -7.60
885 -7.68
886 -2.68
887 -6.00
888 -5.54
889 -7.63
890 -8.53
891 -7.62
892 -5.98
893 -7.62
894 -5.91
895 -5.19
896 -7.69
897 -5.14
898 -7.58
899 -5.15
900 -7.55
901 -7.74
902 -8.47
903 -7.81
904 -7.70
905 -8.40
906 -10.54
907 -5.38
908 -6.30
909 -5.13
910 -7.55
911 -7.65
912 -7.71
913 -5.20
914 -5.33
915 -8.21
916 -7.59
917 -7.71
918 -7.77
919 -7.51
920 -7.58
921 -7.63
922 -0.12
923 -5.08
924 -7.62
925 -7.68
926 -8.62
927 -7.64
928 -7.56
929 -7.59
930 -7.78
931 -7.55
932 -7.76
933 -7.57
934 -7.62
935 -5.15
936 -2.73
937 -8.45
938 -7.63
939 -7.68
940 -3.47
941 -7.70
942 -5.28
943 -8.44
944 -5.18
945 -8.33
946 -7.60
947 -7.73
948 -7.70
949 -7.52
950 -3.56
951 -5.21
952 -5.12
953 -8.55
954 -7.67
955 -5.01
956 -7.59
957 -5.19
958 -7.65
959 -7.78
960 -7.88
961 -7.67
962 -5.18
963 -8.51
964 -7.71
965 -7.66
966 -8.56
967 -5.99
968 -7.60
969 -8.30
970 -7.84
971 -7.79
972 -5.17
973 -7.60
974 -5.26
975 -8.45
976 -5.73
977 -7.54
978 -5.27
979 -7.76
980 -5.23
981 -7.63
982 -5.15
983 -7.77
984 -9.31
985 -8.49
986 -7.60
987 -7.59
988 -5.97
989 -7.68
990 -7.67
991 -7.72
992 -5.48
993 -7.69
994 -2.64
995 -5.12
996 -7.59
997 -7.63
998 -5.75
999 -7.72
3830.3928921222687
