0 -7.65
1 -7.74
2 -7.72
3 -5.10
4 -5.06
5 -7.69
6 -5.14
7 -5.24
8 -7.75
9 -7.65
10 -2.45
11 -5.13
12 -8.77
13 -7.69
14 -7.54
15 -7.72
16 -5.01
17 -7.73
18 -7.73
19 -7.70
20 -5.19
21 -5.12
22 -7.66
23 -7.77
24 -7.80
25 2.31
26 -7.69
27 -7.73
28 -5.29
29 -7.63
30 -7.75
31 -2.62
32 -7.67
33 -7.51
34 -7.62
35 -2.83
36 -7.59
37 -7.77
38 -5.14
39 -7.74
40 -0.94
41 -7.59
42 -7.69
43 -7.59
44 -7.71
45 -7.63
46 -7.83
47 -4.06
48 -7.76
49 -7.80
50 -5.01
51 -7.73
52 -5.18
53 -7.67
54 -5.09
55 -5.16
56 -7.59
57 -7.56
58 -7.65
59 -7.65
60 -7.74
61 -5.03
62 -7.67
63 -7.79
64 -7.77
65 -7.71
66 -7.65
67 -8.36
68 -0.13
69 -7.65
70 -2.61
71 -7.61
72 -7.65
73 -2.74
74 -7.72
75 -7.77
76 -7.78
77 -7.71
78 -0.20
79 -7.77
80 -7.54
81 -7.57
82 -7.70
83 -8.70
84 -5.24
85 -7.63
86 -7.64
87 -7.66
88 -7.66
89 -7.44
90 -7.71
91 -7.55
92 -5.04
93 -5.20
94 -5.13
95 -7.64
96 -7.63
97 -7.65
98 -7.69
99 -8.09
100 -5.06
101 -7.75
102 -7.57
103 -5.19
104 -8.07
105 0.94
106 -5.29
107 -7.87
108 -7.67
109 -7.75
110 -2.56
111 -5.30
112 -7.70
113 -7.85
114 -7.68
115 -7.54
116 -7.67
117 -5.13
118 -8.85
119 -5.23
120 -7.55
121 -7.75
122 -7.53
123 -7.52
124 -7.64
125 -7.68
126 -7.63
127 -7.56
128 -5.18
129 -5.21
130 -5.14
131 -7.78
132 -5.09
133 -7.61
134 -7.64
135 -7.71
136 -7.59
137 -7.68
138 -5.17
139 -7.68
140 -7.78
141 -5.26
142 -5.18
143 -7.82
144 -7.65
145 -7.76
146 -7.66
147 -7.57
148 -7.57
149 -8.35
150 -7.62
151 -7.72
152 -7.53
153 -7.61
154 -7.66
155 -2.60
156 -7.66
157 -7.63
158 -7.74
159 -7.72
160 -5.32
161 -5.25
162 -7.77
163 -7.82
164 -7.75
165 -5.23
166 -5.36
167 -7.75
168 -5.16
169 -7.83
170 -7.66
171 -5.07
172 -5.10
173 -7.56
174 -7.74
175 -7.66
176 -7.71
177 -7.70
178 -5.18
179 -7.76
180 -7.84
181 -7.80
182 -2.66
183 -7.74
184 -5.18
185 -7.81
186 -8.40
187 -7.63
188 -8.30
189 -7.55
190 -5.17
191 -5.18
192 -5.16
193 -5.20
194 -2.48
195 -7.82
196 -7.65
197 -7.68
198 -7.65
199 -5.29
200 -7.69
201 -5.25
202 -5.13
203 -7.62
204 -7.65
205 -7.50
206 -7.75
207 -5.06
208 -2.76
209 -2.91
210 -7.53
211 -5.15
212 -7.80
213 -2.62
214 -5.26
215 -7.53
216 -5.14
217 -5.14
218 -5.25
219 -7.86
220 -2.66
221 -7.85
222 -7.66
223 -7.65
224 -7.64
225 -7.66
226 -5.09
227 -5.16
228 -7.78
229 -7.73
230 -8.73
231 -8.23
232 -7.80
233 -5.10
234 -7.63
235 -5.19
236 -7.67
237 -7.62
238 -5.11
239 -7.70
240 -7.77
241 -4.98
242 -7.54
243 -7.67
244 -7.69
245 -7.69
246 -7.68
247 -5.29
248 -2.67
249 -7.76
250 -5.04
251 -7.58
252 -7.72
253 -7.74
254 -7.76
255 -7.65
256 -5.10
257 -7.72
258 -7.61
259 -7.61
260 -7.73
261 -7.71
262 -7.82
263 -5.14
264 -7.63
265 -5.08
266 -2.75
267 -7.65
268 -7.73
269 -5.12
270 -7.67
271 -7.82
272 -7.58
273 -7.59
274 -7.56
275 -5.13
276 -5.37
277 -5.21
278 -5.09
279 -7.75
280 -7.41
281 -5.12
282 -5.59
283 -5.23
284 -5.19
285 -7.63
286 -7.70
287 -7.68
288 -7.73
289 -7.67
290 -7.72
291 -5.32
292 -5.09
293 -5.38
294 -7.69
295 -2.59
296 -6.56
297 -7.84
298 -7.65
299 -5.28
300 -7.71
301 -7.64
302 -7.69
303 -7.99
304 -5.21
305 -7.77
306 -7.76
307 -7.83
308 -2.68
309 -7.65
310 -2.70
311 -8.60
312 -7.68
313 -7.65
314 -7.69
315 -7.71
316 -7.61
317 -7.65
318 -5.14
319 -7.65
320 -5.18
321 -7.67
322 -7.71
323 -8.72
324 -5.23
325 -5.02
326 -7.70
327 -5.14
328 -7.77
329 -7.53
330 -7.58
331 -5.10
332 -7.76
333 -5.27
334 -2.69
335 -7.65
336 -7.74
337 -7.78
338 -7.76
339 -7.70
340 -5.26
341 -7.67
342 -7.56
343 -7.57
344 -7.67
345 -5.24
346 -7.74
347 -7.68
348 -2.55
349 -7.66
350 -7.62
351 -7.55
352 -7.70
353 -7.47
354 -7.72
355 -7.78
356 -7.66
357 -7.73
358 -8.69
359 -5.05
360 -7.65
361 -7.72
362 -5.18
363 -5.21
364 -5.08
365 -5.13
366 -7.61
367 -7.80
368 -4.32
369 -2.61
370 -7.63
371 -7.77
372 -7.83
373 -7.69
374 -5.27
375 -7.67
376 -7.62
377 -2.78
378 -5.10
379 -7.59
380 -7.48
381 -5.12
382 -7.66
383 -7.64
384 -2.82
385 -7.68
386 -5.18
387 -7.72
388 -2.86
389 -8.72
390 -5.10
391 -7.50
392 -7.70
393 -7.72
394 -7.73
395 -7.59
396 -7.59
397 -7.68
398 -5.12
399 -5.10
400 -5.15
401 -7.76
402 -7.81
403 -7.68
404 -7.63
405 -2.71
406 -7.76
407 -7.59
408 -7.59
409 -0.06
410 -5.17
411 -7.68
412 -2.49
413 -4.99
414 -2.74
415 -7.62
416 -5.23
417 -7.78
418 -7.56
419 -5.14
420 -5.22
421 -8.72
422 -7.77
423 -8.62
424 -5.15
425 -7.67
426 -5.16
427 -2.66
428 -5.29
429 -7.63
430 -7.64
431 -7.59
432 -7.63
433 -7.59
434 -5.26
435 -5.58
436 -2.57
437 -5.16
438 -5.11
439 -7.77
440 -7.67
441 -7.63
442 -7.67
443 -7.66
444 -7.50
445 -7.77
446 -7.73
447 -7.66
448 -7.67
449 -7.67
450 -7.72
451 -7.83
452 -7.72
453 -7.68
454 -5.21
455 -5.16
456 -5.06
457 -7.61
458 -7.68
459 -7.60
460 -2.71
461 -7.73
462 -5.00
463 -5.22
464 -7.59
465 -7.64
466 -7.72
467 -7.71
468 -7.61
469 -5.10
470 -7.48
471 -7.65
472 -2.71
473 -5.29
474 -5.22
475 -7.73
476 -7.56
477 -7.68
478 -7.74
479 -7.68
480 -2.69
481 -7.88
482 -7.75
483 -2.61
484 -7.61
485 -2.71
486 -1.05
487 -7.63
488 -7.63
489 -7.35
490 -7.70
491 -7.88
492 -7.78
493 -7.64
494 -5.17
495 -5.14
496 -5.30
497 -7.76
498 -4.99
499 -5.11
500 -7.66
501 -7.73
502 -7.67
503 -5.06
504 -7.76
505 -8.72
506 -2.75
507 -5.27
508 -7.67
509 -7.75
510 -7.64
511 -7.50
512 -7.54
513 -5.20
514 -7.60
515 -7.78
516 -5.16
517 -5.13
518 -5.13
519 -7.63
520 -7.61
521 -5.19
522 -7.54
523 -0.21
524 -0.21
525 -2.63
526 -2.64
527 -5.29
528 -7.48
529 -2.59
530 -7.46
531 -7.55
532 0.01
533 -5.09
534 -7.83
535 -7.70
536 -5.20
537 -7.61
538 -7.69
539 -7.60
540 -7.76
541 -7.70
542 -7.77
543 -7.65
544 -3.33
545 -7.68
546 -7.68
547 -5.24
548 -7.74
549 -8.12
550 -7.75
551 -7.55
552 -7.73
553 -5.17
554 -7.81
555 -5.24
556 -7.58
557 -7.68
558 -7.81
559 -5.26
560 -7.71
561 -7.70
562 -7.75
563 -7.72
564 -7.61
565 -7.67
566 -7.62
567 -7.64
568 -7.63
569 -7.67
570 -7.71
571 -7.65
572 -7.74
573 -7.68
574 -7.69
575 -5.08
576 -7.61
577 -7.75
578 -5.06
579 -5.19
580 -7.63
581 -7.69
582 -7.62
583 -8.26
584 -2.61
585 -5.18
586 -7.68
587 -7.67
588 -7.49
589 -7.67
590 -7.61
591 -7.52
592 -7.86
593 -7.67
594 -2.76
595 -7.69
596 -8.34
597 -5.22
598 -7.66
599 -5.18
600 -5.19
601 -5.16
602 -8.34
603 -7.60
604 -7.91
605 -5.26
606 -7.65
607 -7.57
608 -7.73
609 -7.62
610 -7.60
611 -7.73
612 -5.10
613 -5.11
614 -7.65
615 -5.16
616 -5.24
617 -7.72
618 -5.14
619 -7.69
620 -7.69
621 -7.75
622 2.42
623 -7.71
624 -5.19
625 -5.19
626 -7.70
627 -5.17
628 -7.59
629 -7.66
630 -5.24
631 -8.84
632 -7.61
633 -7.58
634 -5.20
635 -7.67
636 -5.17
637 -5.10
638 -7.61
639 -0.20
640 -5.84
641 -5.12
642 -7.76
643 -7.72
644 -2.65
645 -7.84
646 -7.55
647 -5.08
648 -7.69
649 -7.76
650 -5.16
651 -7.80
652 -7.65
653 -7.55
654 -5.11
655 -7.60
656 -8.79
657 -5.19
658 -7.78
659 -5.15
660 -7.67
661 -7.57
662 -2.70
663 -7.49
664 -8.21
665 -7.69
666 -8.86
667 -5.19
668 -5.07
669 -2.62
670 -5.56
671 -0.20
672 -5.16
673 -2.70
674 -8.59
675 -8.74
676 -7.64
677 -0.05
678 -7.66
679 -7.76
680 -7.61
681 -7.74
682 -7.61
683 -7.85
684 -5.17
685 -7.61
686 -7.70
687 -7.65
688 -2.87
689 -2.70
690 -7.53
691 -5.05
692 -7.72
693 -7.49
694 -7.70
695 -7.58
696 -5.10
697 -7.68
698 -5.23
699 -7.61
700 -7.74
701 -7.76
702 -5.83
703 -4.97
704 -7.57
705 -7.66
706 -7.86
707 -5.22
708 -7.71
709 -7.55
710 -7.55
711 -8.75
712 -7.76
713 -8.49
714 -13.37
715 -7.78
716 -7.57
717 -2.97
718 -7.75
719 -7.54
720 -7.64
721 -7.72
722 -5.29
723 -5.23
724 -7.63
725 -5.13
726 -7.57
727 -7.69
728 -7.66
729 -5.30
730 -7.65
731 -7.60
732 -7.71
733 -7.69
734 -7.81
735 -5.24
736 -5.20
737 -7.64
738 -5.07
739 -7.88
740 -7.80
741 -7.82
742 -8.60
743 -5.16
744 -7.75
745 -7.45
746 -5.04
747 -7.61
748 -8.57
749 -7.69
750 -7.58
751 -7.82
752 -7.67
753 -7.76
754 -7.74
755 -2.65
756 -7.67
757 -7.59
758 -7.72
759 -5.31
760 -5.21
761 -7.45
762 -7.66
763 -7.68
764 -7.64
765 -8.65
766 -7.48
767 -7.74
768 -7.56
769 -7.66
770 -7.70
771 -7.64
772 -2.65
773 -5.08
774 -7.72
775 -8.37
776 -7.52
777 -5.07
778 -7.65
779 -7.85
780 -7.76
781 -7.49
782 -7.62
783 -5.02
784 -7.62
785 -7.69
786 -0.09
787 -5.19
788 -5.11
789 -7.59
790 -7.74
791 -1.53
792 -7.76
793 -7.52
794 -5.12
795 -7.69
796 -7.58
797 -7.67
798 -7.76
799 -2.63
800 -7.73
801 -7.74
802 -7.77
803 -0.20
804 -7.71
805 -5.10
806 -7.74
807 -5.09
808 -5.09
809 -5.25
810 -7.65
811 -5.19
812 -6.21
813 -5.14
814 -5.27
815 -7.59
816 -7.64
817 -5.12
818 -7.70
819 -5.18
820 -5.14
821 -5.11
822 -5.22
823 -7.69
824 -7.73
825 -5.17
826 -2.68
827 -7.58
828 -2.47
829 -7.61
830 -8.38
831 -7.59
832 -7.94
833 -2.71
834 -2.69
835 -7.68
836 -7.78
837 -8.27
838 -7.65
839 -7.62
840 -7.70
841 -6.52
842 -5.00
843 -5.18
844 -7.55
845 -7.65
846 -7.63
847 -7.57
848 -5.13
849 -7.72
850 -7.68
851 -7.68
852 -5.17
853 -5.21
854 -5.07
855 -2.71
856 -7.45
857 -5.09
858 -2.59
859 -7.92
860 -7.61
861 -7.66
862 -8.77
863 -2.66
864 -5.28
865 -7.65
866 -7.73
867 2.52
868 -5.13
869 -7.72
870 -7.63
871 -8.35
872 -7.56
873 -7.72
874 -5.23
875 -8.18
876 -7.73
877 -7.77
878 -5.40
879 -7.55
880 -7.76
881 -7.74
882 -5.24
883 -7.67
884 -7.64
885 -7.66
886 -2.84
887 -5.10
888 -5.05
889 -5.11
890 -7.57
891 -7.71
892 -5.14
893 -7.67
894 -7.72
895 -7.50
896 -7.61
897 -7.80
898 -2.70
899 -5.23
900 -7.76
901 -7.46
902 -7.54
903 -7.80
904 -5.16
905 -2.63
906 -5.09
907 -7.65
908 -7.60
909 -7.77
910 -7.66
911 -5.15
912 -7.56
913 -7.65
914 -7.56
915 -7.65
916 -7.74
917 -7.59
918 -5.16
919 -5.25
920 -7.64
921 -7.55
922 -5.13
923 -8.79
924 -7.60
925 -7.67
926 -7.73
927 -7.76
928 -7.57
929 -7.64
930 -7.67
931 -7.63
932 -7.66
933 -5.21
934 -7.64
935 -7.69
936 -7.66
937 -7.64
938 -7.46
939 -7.65
940 -5.12
941 -7.68
942 -5.08
943 -7.71
944 -7.64
945 -7.62
946 -7.60
947 -7.43
948 -7.59
949 -5.09
950 -5.15
951 -5.28
952 -7.76
953 -5.33
954 -8.83
955 -7.70
956 -7.67
957 -7.72
958 -7.68
959 -7.53
960 -7.68
961 -0.17
962 -5.22
963 -5.22
964 -7.56
965 -5.26
966 -5.19
967 -7.59
968 -7.61
969 -5.12
970 -7.70
971 -7.67
972 -7.76
973 -5.11
974 -7.59
975 -2.94
976 -7.56
977 -7.73
978 -7.61
979 -7.62
980 -5.11
981 -7.58
982 -2.73
983 -7.69
984 -2.77
985 -5.04
986 -5.05
987 -5.11
988 -5.15
989 -7.64
990 -7.68
991 -5.19
992 -7.86
993 -2.51
994 -5.22
995 -7.63
996 -5.21
997 -5.11
998 -8.05
999 -7.70
3746.022917985916
