0 16.519999999999477
1 21.40000000000047
2 26.475000000000016
3 2.7200000000000726
4 3.310000000000003
5 12.279999999999646
6 12.234999999999658
7 3.1949999999998973
8 12.294999999999453
9 22.825000000000024
10 13.064999999999449
11 -0.9599999999999228
12 23.15500000000028
13 8.160000000000009
14 -0.9699999999999196
15 -1.3949999999999152
16 8.099999999999689
17 13.049999999999887
18 0.30500000000002847
19 8.30999999999994
20 7.589999999999495
21 6.9699999999999
22 3.2450000000001387
23 -3.3249999999998847
24 18.35500000000028
25 -1.9349999999999097
26 -1.4449999999999164
27 -1.8299999999999101
28 -1.2299999999999176
29 13.904999999999632
30 6.069999999999629
31 -1.1149999999999187
32 3.3600000000000003
33 11.974999999999635
34 3.5950000000001365
35 -1.3899999999999142
36 3.954999999999851
37 -1.1099999999999206
38 -1.6399999999999106
39 -1.1099999999999193
40 12.399999999999528
41 2.7600000000001126
42 13.649999999999354
43 -0.7349999999999187
44 3.3299999999998926
45 7.3499999999995405
46 3.6849999999999055
47 -1.3349999999999165
48 -0.9549999999999209
49 3.7949999999999893
50 -2.1399999999999015
51 2.8700000000000947
52 -1.0149999999999209
53 -0.5449999999999188
54 8.329999999999307
55 3.6399999999999144
56 -1.1049999999999176
57 30.41499999999975
58 3.220000000000142
59 23.225000000000254
60 8.284999999999494
61 3.99499999999985
62 8.094999999999704
63 -1.5599999999999128
64 13.454999999999982
65 -1.949999999999906
66 13.904999999999829
67 8.979999999999555
68 21.680000000000025
69 3.3400000000000913
70 -0.8749999999999191
71 3.9049999999999585
72 3.9849999999998413
73 8.479999999999567
74 -1.0699999999999192
75 3.2500000000001013
76 17.970000000000006
77 -0.7199999999999203
78 3.8450000000000255
79 4.2599999999998674
80 3.1800000000001454
81 -0.5599999999999197
82 -2.3399999999998995
83 -0.9049999999999186
84 -0.9399999999999196
85 9.149999999999494
86 8.109999999999838
87 2.8750000000000955
88 13.234999999999415
89 8.96999999999928
90 -1.2899999999999137
91 -1.4099999999999113
92 8.254999999999702
93 -0.8349999999999186
94 8.184999999999803
95 -1.0499999999999183
96 -1.0599999999999172
97 -2.8749999999998925
98 -0.8549999999999184
99 -1.0499999999999183
100 -0.8699999999999188
101 9.669999999999279
102 -1.2499999999999174
103 -0.9049999999999195
104 3.8350000000001288
105 -1.269999999999916
106 -0.7499999999999183
107 -1.159999999999918
108 -0.8399999999999193
109 18.50999999999985
110 8.204999999999634
111 -1.449999999999912
112 -1.144999999999915
113 -1.1949999999999155
114 -1.8149999999999082
115 -0.8249999999999195
116 8.119999999999633
117 2.4199999999999013
118 -0.6999999999999191
119 -2.054999999999903
120 8.7499999999995
121 -1.1399999999999177
122 8.809999999999214
123 -0.544999999999917
124 -0.9649999999999185
125 -1.0549999999999184
126 -2.064999999999906
127 -0.4099999999999178
128 3.5450000000001314
129 -0.7699999999999181
130 -0.7149999999999183
131 -1.3699999999999115
132 -0.41999999999992005
133 3.3200000000000953
134 -1.0749999999999194
135 -0.9249999999999194
136 -0.9349999999999211
137 3.8700000000000516
138 -0.7499999999999167
139 -1.0199999999999174
140 -0.7149999999999189
141 -0.9999999999999185
142 3.619999999999883
143 -0.8299999999999181
144 -1.9599999999999052
145 -0.3449999999999175
146 18.780000000000204
147 3.945000000000129
148 -0.2599999999999179
149 4.49999999999982
150 -1.2649999999999149
151 3.894999999999828
152 -0.2899999999999184
153 -0.9049999999999173
154 -0.5599999999999191
155 4.014999999999981
156 -1.2249999999999144
157 -1.254999999999917
158 4.219999999999806
159 3.145000000000146
160 3.97999999999998
161 -1.104999999999918
162 4.484999999999875
163 -0.8199999999999183
164 -0.7249999999999176
165 9.064999999999474
166 8.539999999999724
167 8.92499999999941
168 -0.6499999999999215
169 -1.2499999999999138
170 -0.9199999999999178
171 -2.684999999999885
172 3.674999999999847
173 3.5000000000001386
174 -1.8549999999999056
175 8.334999999999166
176 -1.3799999999999124
177 3.6549999999999443
178 13.419999999999336
179 -1.6799999999999073
180 -0.7099999999999169
181 4.604999999999807
182 3.7999999999998977
183 -0.8199999999999172
184 3.520000000000109
185 3.760000000000133
186 7.464999999999726
187 3.9199999999999156
188 9.00999999999961
189 -0.6899999999999171
190 4.069999999999811
191 -1.8049999999999065
192 -0.7799999999999179
193 4.304999999999842
194 3.2300000000000937
195 3.524999999999862
196 3.705000000000095
197 14.150000000000297
198 14.16000000000003
199 -1.2599999999999218
200 -0.39999999999991737
201 3.9899999999998554
202 -0.7249999999999178
203 -0.5249999999999168
204 -0.9899999999999185
205 -0.22999999999991713
206 -0.799999999999917
207 -1.1049999999999152
208 4.724999999999815
209 4.749999999999791
210 8.05999999999975
211 -0.2699999999999175
212 3.9799999999999107
213 -0.8399999999999201
214 -1.0599999999999223
215 3.900000000000065
216 -0.8749999999999193
217 -1.279999999999915
218 8.949999999999354
219 4.000000000000128
220 -0.9049999999999189
221 4.0100000000000975
222 -1.1299999999999144
223 -1.0449999999999187
224 8.974999999999367
225 -1.0899999999999155
226 4.010000000000045
227 9.28499999999938
228 3.8750000000001092
229 9.244999999999278
230 -0.16499999999991627
231 -1.2499999999999145
232 8.849999999999486
233 4.0700000000000705
234 -0.6799999999999176
235 4.425000000000015
236 3.480000000000139
237 3.7500000000001217
238 -0.9849999999999187
239 -1.9699999999999034
240 -0.6349999999999169
241 4.684999999999842
242 -0.3399999999999184
243 -0.23499999999991747
244 -0.8049999999999179
245 -0.7599999999999174
246 -0.784999999999919
247 4.609999999999794
248 -1.629999999999913
249 23.205000000000368
250 -0.8199999999999192
251 -0.7249999999999198
252 4.255000000000013
253 8.769999999999254
254 -1.219999999999914
255 -1.084999999999923
256 4.365
257 13.664999999999512
258 4.269999999999803
259 -1.4049999999999128
260 -0.18499999999991676
261 4.4949999999998305
262 -0.8949999999999173
263 -0.3349999999999171
264 4.260000000000122
265 18.56499999999954
266 3.8350000000000186
267 -0.7999999999999173
268 4.100000000000082
269 3.6400000000001294
270 4.359999999999782
271 -0.7049999999999167
272 -1.4599999999999116
273 -0.17999999999991584
274 -0.8599999999999186
275 4.10000000000012
276 18.504999999999974
277 -0.799999999999917
278 -0.3899999999999198
279 -0.9649999999999198
280 -0.16499999999991652
281 -0.744999999999919
282 -1.0149999999999195
283 -0.9199999999999191
284 -0.6849999999999191
285 -0.5799999999999166
286 -0.9949999999999198
287 -0.7049999999999182
288 -0.7899999999999179
289 -0.9599999999999191
290 3.8400000000001286
291 4.095000000000088
292 -0.8949999999999189
293 4.454999999999789
294 8.779999999999173
295 -0.15999999999991651
296 3.975000000000124
297 3.7950000000000284
298 -0.8699999999999186
299 -1.019999999999921
300 4.439999999999816
301 -0.6699999999999164
302 -1.00999999999992
303 -1.0699999999999172
304 -0.8599999999999186
305 8.5249999999993
306 -0.8149999999999181
307 4.049999999999977
308 -0.7549999999999161
309 12.789999999999148
310 -1.869999999999905
311 9.26499999999916
312 -0.07499999999991688
313 4.230000000000095
314 8.959999999999235
315 4.065000000000008
316 -0.9449999999999187
317 -0.599999999999917
318 -0.30999999999991706
319 4.174999999999855
320 4.539999999999989
321 -0.6049999999999173
322 -0.6349999999999182
323 -1.39999999999991
324 -0.364999999999918
325 13.214999999999574
326 -2.134999999999899
327 -0.40999999999991715
328 -0.9449999999999198
329 -1.3399999999999124
330 4.599999999999851
331 -0.1399999999999167
332 -1.169999999999919
333 -0.23499999999991678
334 14.184999999999796
335 -1.95999999999991
336 -0.6149999999999175
337 -1.0099999999999194
338 -0.10999999999991579
339 4.624999999999803
340 9.014999999999743
341 -0.6549999999999166
342 9.244999999999255
343 -0.6799999999999169
344 4.164999999999962
345 -0.28499999999991704
346 -1.4549999999999097
347 -0.4699999999999179
348 -0.2349999999999163
349 4.774999999999798
350 -0.38999999999991675
351 4.419999999999789
352 3.9550000000001253
353 -0.2549999999999161
354 -1.1849999999999163
355 -0.8199999999999183
356 -0.19499999999991632
357 -1.8499999999999017
358 -1.0099999999999192
359 -0.2649999999999166
360 -0.8249999999999172
361 4.210000000000115
362 -0.3249999999999173
363 -0.19499999999991652
364 -0.31999999999991685
365 -0.43999999999991785
366 -0.7999999999999177
367 3.9850000000000296
368 -0.8599999999999177
369 -0.9899999999999185
370 9.239999999999274
371 -0.7999999999999188
372 -0.44499999999991674
373 3.3949999999998717
374 -0.7699999999999176
375 13.870000000000124
376 -0.5549999999999163
377 4.200000000000124
378 13.969999999999729
379 3.8500000000001267
380 8.709999999999345
381 3.7650000000000308
382 4.045000000000089
383 -0.4299999999999163
384 -0.5649999999999177
385 4.2399999999998785
386 -0.17999999999991698
387 -0.6949999999999169
388 17.849999999999532
389 -0.07499999999991622
390 -0.7299999999999169
391 -0.2699999999999177
392 -0.12499999999991582
393 3.7400000000000544
394 4.384999999999788
395 4.01999999999984
396 -0.5399999999999172
397 -0.684999999999918
398 -1.274999999999914
399 -0.6549999999999171
400 3.9200000000000363
401 -1.2849999999999135
402 -0.6149999999999164
403 -1.5649999999999096
404 -0.25499999999991635
405 4.214999999999926
406 -1.044999999999918
407 4.83499999999977
408 -0.4399999999999172
409 4.349999999999821
410 4.04000000000008
411 -0.6249999999999175
412 4.239999999999843
413 4.234999999999824
414 13.949999999999537
415 4.77500000000002
416 -1.0249999999999169
417 4.075000000000126
418 -0.9499999999999196
419 4.739999999999836
420 -0.5099999999999176
421 -0.8799999999999186
422 -1.2199999999999127
423 -0.8049999999999181
424 -0.7349999999999169
425 -0.7749999999999172
426 -0.664999999999918
427 3.4699999999998807
428 -0.9799999999999195
429 -1.2449999999999146
430 3.844999999999791
431 -0.5249999999999159
432 -0.22999999999991613
433 3.915000000000128
434 -0.6599999999999164
435 -0.9399999999999193
436 -0.24499999999991656
437 -0.7399999999999176
438 -0.2699999999999168
439 -0.12999999999991602
440 -0.30999999999991595
441 4.234999999999793
442 -0.7099999999999176
443 8.63999999999923
444 -0.16499999999991627
445 4.2949999999998045
446 -0.14499999999991606
447 -0.04999999999991666
448 4.71999999999984
449 -0.24499999999991634
450 4.169999999999786
451 -1.3149999999999136
452 4.269999999999926
453 -0.20499999999991675
454 -1.5049999999999084
455 -0.6249999999999166
456 -0.1749999999999156
457 -0.9749999999999187
458 -0.7299999999999177
459 -0.20499999999991675
460 4.794999999999785
461 -0.6399999999999162
462 4.3749999999998845
463 -0.29499999999991794
464 -0.5999999999999162
465 -0.10499999999991601
466 -0.7249999999999174
467 -1.5599999999999092
468 -0.20499999999991608
469 4.844999999999775
470 3.6450000000001355
471 4.639999999999788
472 3.919999999999857
473 13.499999999999215
474 -0.5649999999999192
475 -0.7749999999999176
476 3.715000000000088
477 -0.1849999999999165
478 -0.23999999999991678
479 -0.12999999999991602
480 -0.959999999999921
481 4.00000000000011
482 -0.6199999999999162
483 3.864999999999956
484 3.435000000000131
485 -0.08999999999991601
486 -0.18499999999991631
487 4.889999999999763
488 -1.3149999999999173
489 4.144999999999847
490 -1.144999999999916
491 -0.14999999999991603
492 -0.7249999999999232
493 -1.2399999999999147
494 -0.854999999999919
495 -0.6349999999999171
496 -0.5949999999999168
497 -0.3149999999999166
498 -0.30499999999991817
499 -0.2999999999999164
500 -0.2549999999999161
501 -0.06999999999991621
502 -0.46499999999991937
503 -1.0199999999999192
504 -0.17499999999991628
505 8.58499999999973
506 -0.5199999999999181
507 -0.42499999999991783
508 -0.10999999999991558
509 -0.16499999999991607
510 -1.3099999999999123
511 9.079999999999739
512 8.954999999999426
513 -0.5849999999999161
514 3.49499999999993
515 -0.9299999999999182
516 4.624999999999774
517 -0.1499999999999158
518 4.839999999999784
519 -0.4749999999999178
520 4.449999999999796
521 -0.084999999999916
522 -0.4899999999999172
523 3.0999999999998478
524 9.4599999999992
525 4.854999999999777
526 -1.1999999999999174
527 -0.7699999999999172
528 -0.3399999999999164
529 9.789999999999281
530 -0.5599999999999166
531 -0.8849999999999184
532 -0.6699999999999164
533 -0.17499999999991608
534 4.334999999999814
535 4.539999999999787
536 -0.3549999999999171
537 -1.014999999999919
538 -0.6949999999999165
539 -0.7949999999999179
540 -0.19499999999991677
541 4.165000000000101
542 -0.1649999999999163
543 -0.6449999999999175
544 -1.4199999999999133
545 -0.4199999999999176
546 -0.8599999999999193
547 -0.21499999999991634
548 -0.08499999999991623
549 -0.5049999999999178
550 4.889999999999767
551 -0.15499999999991607
552 -0.1299999999999156
553 -0.7499999999999181
554 -0.7149999999999174
555 -0.6849999999999162
556 -0.3949999999999167
557 -0.28499999999991726
558 -0.8899999999999186
559 4.884999999999788
560 -0.194999999999917
561 4.264999999999819
562 4.809999999999799
563 -0.6499999999999178
564 4.520000000000018
565 4.239999999999953
566 -0.29499999999991594
567 -0.14999999999991606
568 -0.5099999999999163
569 9.214999999999232
570 4.079999999999818
571 3.554999999999838
572 -0.16499999999991585
573 3.890000000000086
574 9.119999999999227
575 -0.9049999999999166
576 -0.0849999999999158
577 4.445000000000073
578 -0.7299999999999165
579 -1.0999999999999175
580 9.644999999999724
581 4.889999999999795
582 -0.6799999999999173
583 -0.10499999999991558
584 8.339999999999835
585 -0.20999999999991675
586 -0.7149999999999183
587 -0.08999999999991579
588 -0.6549999999999171
589 3.5200000000001346
590 -0.2099999999999161
591 -0.09499999999991557
592 4.649999999999787
593 -0.6499999999999182
594 9.589999999999243
595 -0.5749999999999168
596 4.399999999999776
597 4.624999999999831
598 -0.6649999999999169
599 4.344999999999793
600 -0.11499999999991582
601 -1.2299999999999143
602 -0.9549999999999198
603 4.824999999999779
604 -0.21499999999991634
605 -0.8299999999999179
606 -0.10499999999991647
607 -0.42999999999992383
608 4.5149999999997945
609 -0.6049999999999168
610 -0.6049999999999177
611 -0.3199999999999162
612 -0.13499999999991671
613 -0.5349999999999163
614 -0.2599999999999166
615 -0.6199999999999162
616 -0.2449999999999166
617 -0.8649999999999186
618 4.264999999999848
619 -0.3149999999999173
620 -0.19499999999991652
621 4.009999999999896
622 9.11499999999961
623 -0.3449999999999171
624 -0.9249999999999173
625 -0.14999999999991673
626 -0.6349999999999162
627 -0.11499999999991736
628 3.8650000000001263
629 3.705000000000128
630 4.130000000000125
631 -0.6949999999999178
632 -0.9349999999999185
633 4.694999999999803
634 3.8499999999998282
635 -0.6049999999999166
636 -1.384999999999913
637 -1.2799999999999125
638 3.9149999999998766
639 -0.5449999999999159
640 -1.5049999999999097
641 -0.2099999999999159
642 8.59499999999997
643 -0.5199999999999165
644 4.410000000000119
645 8.134999999999941
646 -0.42499999999991694
647 -0.7249999999999165
648 -0.259999999999917
649 3.9750000000001284
650 3.514999999999853
651 -0.7499999999999165
652 2.864999999999876
653 4.784999999999892
654 -0.6149999999999164
655 -1.3149999999999131
656 -0.46499999999991765
657 -0.12999999999991627
658 -0.8349999999999175
659 -1.009999999999917
660 -0.6849999999999167
661 -0.6849999999999191
662 -1.059999999999917
663 -0.13999999999991583
664 -0.16999999999991627
665 4.254999999999816
666 -0.1649999999999163
667 -0.15499999999991607
668 4.7749999999997765
669 -0.18499999999991587
670 -0.2449999999999166
671 3.9399999999998103
672 4.969999999999765
673 4.65499999999979
674 -0.889999999999918
675 -0.7699999999999174
676 4.7449999999999335
677 -0.3399999999999162
678 4.009999999999899
679 4.864999999999773
680 -0.8549999999999175
681 4.075000000000097
682 -0.15499999999991607
683 4.669999999999814
684 4.140000000000125
685 8.634999999999767
686 4.779999999999785
687 4.425000000000001
688 -0.7449999999999174
689 9.859999999999237
690 -0.5849999999999175
691 4.834999999999765
692 4.89999999999977
693 -0.14999999999991562
694 4.79499999999981
695 -0.12999999999991582
696 2.7499999999998694
697 3.4450000000001086
698 -0.7199999999999176
699 9.904999999999225
700 4.1100000000000945
701 4.13999999999981
702 -1.334999999999916
703 -0.12999999999991582
704 -0.25499999999991657
705 4.1249999999999005
706 -0.5849999999999164
707 9.374999999999536
708 4.3499999999997945
709 4.299999999999874
710 4.3899999999997865
711 -0.8549999999999179
712 -0.7349999999999174
713 -0.6499999999999184
714 -0.20999999999991698
715 -0.6249999999999162
716 -0.06999999999991555
717 3.91000000000013
718 -0.1299999999999156
719 4.250000000000074
720 -1.1249999999999178
721 -0.079999999999916
722 -0.17999999999991675
723 -0.5449999999999161
724 -1.6149999999999114
725 -0.1549999999999163
726 -0.9249999999999187
727 9.38499999999929
728 -0.8599999999999184
729 -0.16499999999991652
730 3.1200000000001005
731 4.484999999999779
732 -0.5249999999999161
733 9.239999999999249
734 -0.06499999999991576
735 4.779999999999771
736 3.9749999999998344
737 -0.4949999999999159
738 4.020000000000097
739 -0.06999999999991555
740 -0.47999999999991655
741 14.464999999999819
742 -0.2649999999999168
743 4.784999999999801
744 8.849999999999234
745 -1.0449999999999158
746 -0.4049999999999169
747 -0.09999999999991713
748 4.879999999999764
749 -0.5799999999999166
750 9.209999999999711
751 -0.08499999999991556
752 -0.1849999999999161
753 4.319999999999847
754 -0.524999999999917
755 -0.10999999999991669
756 -0.8349999999999175
757 -0.15499999999991604
758 -0.8599999999999193
759 9.044999999999424
760 -0.1099999999999158
761 -0.4499999999999185
762 4.2849999999998705
763 4.304999999999799
764 4.819999999999786
765 -0.5599999999999163
766 -0.14499999999991584
767 4.080000000000086
768 -0.01999999999991578
769 4.334999999999795
770 4.560000000000112
771 4.484999999999809
772 -0.40499999999991604
773 -1.8199999999999035
774 -0.11499999999991581
775 -0.09499999999991578
776 4.730000000000112
777 -0.14999999999991584
778 -0.9699999999999187
779 3.8800000000000727
780 9.199999999999159
781 -0.1499999999999156
782 -0.794999999999917
783 -0.3199999999999175
784 -0.22999999999991658
785 -0.1299999999999156
786 -0.16999999999991694
787 4.040000000000091
788 -0.7049999999999178
789 -0.3049999999999164
790 -0.5399999999999159
791 4.21499999999982
792 4.259999999999791
793 -0.8499999999999175
794 -0.209999999999917
795 -0.1599999999999163
796 -0.4549999999999163
797 -1.1699999999999158
798 -0.7449999999999172
799 -0.2699999999999168
800 -0.13499999999991671
801 4.87499999999978
802 4.839999999999804
803 -0.24499999999991637
804 4.789999999999869
805 -0.7249999999999174
806 -0.7449999999999167
807 -0.6099999999999173
808 4.579999999999825
809 -0.09499999999991623
810 -0.6649999999999175
811 -0.35499999999991777
812 -0.08499999999991599
813 4.494999999999781
814 -0.7199999999999178
815 -0.5749999999999161
816 -0.3649999999999162
817 -0.14499999999991606
818 -0.7899999999999181
819 -0.8149999999999192
820 9.834999999999214
821 9.779999999999218
822 14.09499999999987
823 9.18499999999924
824 3.8399999999998373
825 -0.24499999999991726
826 -0.36499999999991645
827 4.045000000000106
828 -0.7699999999999185
829 -0.1399999999999156
830 -0.5849999999999186
831 -0.5949999999999164
832 -0.9449999999999185
833 4.145000000000055
834 -0.024999999999916225
835 4.874999999999774
836 -0.10499999999991626
837 -0.5149999999999161
838 -0.36999999999991623
839 3.6650000000001244
840 -0.1649999999999165
841 4.23999999999983
842 -1.5499999999999101
843 4.125000000000125
844 4.265000000000122
845 4.105000000000122
846 4.045000000000087
847 -0.2649999999999159
848 -0.6649999999999178
849 -0.19999999999991655
850 4.190000000000043
851 4.784999999999796
852 4.414999999999809
853 4.84499999999977
854 -0.08499999999991556
855 -0.2399999999999161
856 -0.16499999999991652
857 3.640000000000107
858 -0.6199999999999166
859 -0.22499999999991657
860 -0.5549999999999192
861 -0.7749999999999163
862 -0.6549999999999162
863 -0.8099999999999172
864 -0.30499999999991595
865 -0.8049999999999166
866 4.615000000000081
867 -0.7349999999999163
868 -0.074999999999916
869 -0.6349999999999164
870 -0.8299999999999177
871 -0.4999999999999161
872 4.90999999999979
873 8.899999999999128
874 -0.9299999999999178
875 9.309999999999322
876 4.204999999999785
877 -0.44999999999991674
878 -1.389999999999912
879 -0.3049999999999166
880 -0.5749999999999159
881 -0.5149999999999159
882 4.479999999999952
883 -0.19499999999991632
884 4.8099999999997864
885 -0.07499999999991555
886 -0.5699999999999192
887 -0.06999999999991555
888 -0.17499999999991606
889 4.254999999999814
890 4.164999999999836
891 -0.009999999999915556
892 4.659999999999841
893 4.3749999999997975
894 -0.20999999999991584
895 -0.5849999999999161
896 -0.08999999999991556
897 4.914999999999759
898 -0.15499999999991562
899 -0.17499999999991583
900 -0.19999999999991566
901 14.029999999999534
902 -0.3949999999999169
903 9.334999999999885
904 -0.9349999999999192
905 -0.11999999999991581
906 3.7400000000001334
907 -0.08499999999991556
908 4.6649999999997664
909 -0.14499999999991584
910 4.774999999999819
911 -0.19499999999991566
912 -0.2399999999999157
913 4.7399999999998235
914 -0.8449999999999177
915 -0.33499999999991575
916 -0.4249999999999174
917 -0.019999999999915558
918 -0.38999999999991625
919 -0.6599999999999162
920 4.754999999999807
921 -0.19999999999991655
922 -0.6799999999999169
923 -0.039999999999915554
924 -0.42999999999991806
925 -0.2799999999999157
926 -0.26999999999991625
927 -0.5349999999999163
928 -0.6949999999999165
929 -0.5849999999999159
930 4.774999999999862
931 -0.6849999999999165
932 -0.30999999999991573
933 -0.18999999999991585
934 -0.15499999999991584
935 -0.009999999999916
936 9.304999999999275
937 -0.10999999999991558
938 4.5049999999998604
939 -0.06999999999991621
940 -0.08999999999991556
941 4.324999999999786
942 -0.8399999999999164
943 4.824999999999772
944 -0.6049999999999164
945 -0.08499999999991578
946 -0.6749999999999162
947 -0.19999999999991633
948 4.710000000000111
949 -0.4199999999999174
950 8.54999999999926
951 9.469999999999393
952 -0.1299999999999156
953 -1.224999999999916
954 -0.8699999999999186
955 -0.8199999999999168
956 -0.11499999999991559
957 -0.21499999999991634
958 4.81499999999995
959 -1.2399999999999125
960 -0.4749999999999172
961 -0.9699999999999203
962 3.925000000000127
963 4.739999999999925
964 -1.4249999999999123
965 4.269999999999864
966 -0.7399999999999198
967 -0.11999999999991626
968 3.6050000000001337
969 4.854999999999773
970 4.854999999999876
971 -0.8599999999999179
972 9.019999999999337
973 -0.05999999999991577
974 -0.039999999999915554
975 -0.11499999999991559
976 9.64999999999931
977 4.854999999999766
978 -0.5149999999999174
979 -0.09499999999991601
980 -0.16999999999991586
981 -0.16499999999991585
982 -0.4999999999999161
983 -1.1999999999999176
984 3.684999999999815
985 3.7399999999998217
986 -0.12499999999991582
987 -0.7649999999999172
988 -0.08499999999991578
989 -0.2599999999999157
990 -0.13999999999991583
991 -0.12499999999991582
992 -0.044999999999915774
993 -0.8599999999999168
994 -0.18499999999991654
995 -1.1049999999999187
996 4.87500000000007
997 -0.09499999999991579
998 -0.10499999999991558
999 -0.059999999999915545
1000 -0.6149999999999175
1001 -0.07499999999991555
1002 4.779999999999782
1003 -0.47999999999991655
1004 4.804999999999771
1005 9.279999999999164
1006 4.719999999999881
1007 4.919999999999761
1008 -0.239999999999917
1009 -0.46499999999991587
1010 -0.07999999999991556
1011 4.2550000000001225
1012 -0.6549999999999186
1013 -0.15999999999991585
1014 -0.10999999999991558
1015 -0.9399999999999198
1016 -0.6449999999999169
1017 4.8099999999997864
1018 4.354999999999777
1019 -0.14499999999991584
1020 4.989999999999754
1021 -0.14999999999991626
1022 -0.08999999999991556
1023 -1.1199999999999175
1024 4.86999999999978
1025 -0.5749999999999159
1026 -1.1249999999999174
1027 4.86999999999978
1028 4.494999999999788
1029 -0.6399999999999166
1030 -0.1249999999999156
1031 -0.6899999999999182
1032 -0.13499999999991583
1033 -1.1649999999999154
1034 -0.7849999999999168
1035 4.270000000000116
1036 4.744999999999818
1037 4.719999999999819
1038 4.735000000000103
1039 -0.04999999999991555
1040 -0.13499999999991583
1041 4.485000000000104
1042 -0.6149999999999168
1043 -0.03499999999991556
1044 -0.6499999999999175
1045 -0.11999999999991559
1046 4.889999999999762
1047 -0.20499999999991567
1048 -0.41499999999992093
1049 4.404999999999836
1050 4.140000000000125
1051 9.799999999999233
1052 14.22499999999934
1053 -0.2849999999999166
1054 -0.13499999999991583
1055 -0.1799999999999163
1056 -0.09499999999991557
1057 -0.13499999999991605
1058 4.185000000000008
1059 -0.7949999999999168
1060 4.1349999999997955
1061 4.829999999999781
1062 4.754999999999802
1063 -0.07499999999991555
1064 -0.5849999999999164
1065 4.0850000000000986
1066 -0.749999999999917
1067 -0.1999999999999161
1068 -0.1399999999999156
1069 -0.8149999999999188
1070 -0.06499999999991554
1071 4.115000000000121
1072 -0.594999999999921
1073 -0.2099999999999159
1074 -0.09499999999991601
1075 9.099999999999708
1076 -0.19999999999991588
1077 4.824999999999795
1078 -0.13999999999991583
1079 -0.12499999999991582
1080 -0.17499999999991564
1081 -0.794999999999917
1082 -0.11999999999991581
1083 9.69499999999924
1084 4.864999999999775
1085 -0.6849999999999167
1086 -2.0599999999999024
1087 14.335000000000313
1088 -1.1799999999999153
1089 -0.059999999999915545
1090 -0.1349999999999156
1091 -0.544999999999917
1092 -0.06999999999991555
1093 -0.27499999999991637
1094 -0.6299999999999166
1095 4.7949999999997654
1096 -0.47499999999991743
1097 -0.334999999999918
1098 -0.18499999999991565
1099 -0.3649999999999171
1100 -0.094999999999916
1101 -0.11999999999991581
1102 4.899999999999761
1103 -0.47999999999991855
1104 4.799999999999787
1105 4.859999999999775
1106 -0.14999999999991562
1107 -0.9949999999999203
1108 4.564999999999964
1109 4.769999999999825
1110 -0.07999999999991556
1111 -0.08499999999991578
1112 -0.5999999999999162
1113 -0.22499999999991635
1114 -0.039999999999915554
1115 8.14499999999921
1116 -0.6099999999999204
1117 -0.7499999999999176
1118 -0.21999999999991698
1119 4.624999999999847
1120 -0.05499999999991577
1121 4.114999999999823
1122 3.6950000000001344
1123 4.759999999999805
1124 -0.04499999999991555
1125 4.510000000000084
1126 -0.5699999999999166
1127 4.659999999999781
1128 -0.059999999999915545
1129 -0.16999999999991652
1130 4.715000000000113
1131 -0.4249999999999185
1132 -0.7249999999999169
1133 -1.2599999999999154
1134 14.245000000000037
1135 -0.13999999999991627
1136 -0.9199999999999235
1137 -0.2749999999999175
1138 4.085000000000119
1139 -0.17999999999991587
1140 4.519999999999784
1141 -0.809999999999917
1142 4.879999999999771
1143 -0.12499999999991604
1144 -0.20499999999991567
1145 -0.4549999999999165
1146 -0.7049999999999171
1147 -0.6749999999999162
1148 4.025000000000093
1149 -0.12999999999991604
1150 -0.6549999999999164
1151 -0.05499999999991555
1152 -0.08499999999991556
1153 -0.7349999999999165
1154 3.955000000000129
1155 -0.6949999999999169
1156 -0.15499999999991584
1157 -0.12499999999991582
1158 -0.1249999999999156
1159 -0.10999999999991603
1160 4.449999999999791
1161 -0.1299999999999156
1162 -0.04499999999991555
1163 4.13499999999989
1164 -0.07999999999991556
1165 -0.049999999999915994
1166 -0.11999999999991603
1167 4.88999999999987
1168 -0.5299999999999161
1169 -0.1399999999999156
1170 -0.079999999999916
1171 -0.2399999999999161
1172 -0.5999999999999168
1173 -0.5299999999999179
1174 -0.4299999999999167
1175 4.669999999999788
1176 8.884999999999808
1177 9.669999999999273
1178 4.849999999999759
1179 -0.7349999999999229
1180 4.844999999999775
1181 -0.08499999999991556
1182 -0.06499999999991576
1183 4.779999999999796
1184 9.904999999999243
1185 0.015000000000084446
1186 -0.07999999999991622
1187 -0.36499999999991734
1188 -0.1399999999999156
1189 -0.6849999999999178
1190 -0.1449999999999156
1191 -0.09999999999991557
1192 -0.1249999999999156
1193 -0.14499999999991584
1194 -0.2049999999999159
1195 4.934999999999759
1196 -0.6249999999999166
1197 4.194999999999872
1198 9.055000000000101
1199 -0.19999999999991566
1200 -0.5349999999999165
1201 4.194999999999919
1202 -0.05499999999991555
1203 9.729999999999238
1204 -0.29499999999991616
1205 -0.3649999999999158
1206 4.085000000000122
1207 -0.1799999999999161
1208 3.889999999999861
1209 -1.0549999999999164
1210 -0.11999999999991559
1211 -0.734999999999916
1212 -0.14999999999991562
1213 -0.5649999999999159
1214 -0.16999999999991564
1215 -0.9049999999999178
1216 9.85999999999924
1217 -0.1249999999999156
1218 -0.15999999999991607
1219 -0.5649999999999161
1220 -0.2049999999999161
1221 -0.9299999999999167
1222 4.54499999999979
1223 -0.11999999999991559
1224 4.864999999999775
1225 4.844999999999789
1226 4.36000000000012
1227 9.044999999999227
1228 -0.369999999999916
1229 -0.18999999999991565
1230 -0.7499999999999176
1231 4.160000000000123
1232 4.164999999999793
1233 4.130000000000117
1234 -0.09499999999991557
1235 -0.09999999999991557
1236 9.879999999999402
1237 4.914999999999763
1238 4.334999999999809
1239 -0.22499999999991613
1240 -0.15499999999991607
1241 9.774999999999226
1242 -0.739999999999917
1243 9.889999999999265
1244 -0.5099999999999163
1245 -0.10499999999991558
1246 -0.12999999999991604
1247 -0.14499999999991584
1248 -0.15499999999991607
1249 -0.5399999999999163
1250 -0.039999999999915554
1251 -0.6849999999999173
1252 -0.2849999999999157
1253 4.169999999999823
1254 4.809999999999769
1255 8.594999999999304
1256 -1.154999999999914
1257 -0.9049999999999171
1258 -0.1999999999999161
1259 -0.14999999999991606
1260 -0.14499999999991606
1261 9.804999999999252
1262 4.914999999999756
1263 -0.04499999999991555
1264 -0.15999999999991563
1265 -0.6599999999999173
1266 -0.08499999999991578
1267 -0.10999999999991603
1268 9.614999999999295
1269 -0.1449999999999156
1270 -0.16499999999991563
1271 -0.16499999999991563
1272 -0.10499999999991558
1273 -0.29499999999991683
1274 9.379999999999175
1275 -0.04999999999991577
1276 -0.4899999999999159
1277 -0.6349999999999162
1278 -0.10999999999991558
1279 -0.7099999999999163
1280 -0.634999999999918
1281 -0.07999999999991556
1282 -0.5349999999999161
1283 -0.059999999999915545
1284 -0.1299999999999158
1285 4.7799999999997835
1286 4.8299999999997825
1287 -0.19499999999991588
1288 -0.1099999999999158
1289 -0.7499999999999163
1290 -0.1249999999999156
1291 -0.7199999999999167
1292 -0.33999999999991687
1293 -0.6399999999999175
1294 24.245000000000925
1295 -0.2249999999999161
1296 -1.1849999999999132
1297 4.695000000000113
1298 -0.09499999999991601
1299 4.8449999999998035
1300 -0.04999999999991555
1301 -0.1799999999999163
1302 -0.039999999999915554
1303 4.419999999999848
1304 9.114999999999792
1305 -0.08999999999991556
1306 -0.09999999999991557
1307 9.779999999999253
1308 -0.06999999999991577
1309 4.829999999999761
1310 4.789999999999792
1311 -0.19999999999991677
1312 4.46499999999979
1313 -0.7399999999999167
1314 4.449999999999819
1315 -0.4949999999999159
1316 -0.09499999999991579
1317 -0.7149999999999169
1318 -0.3349999999999162
1319 -0.32499999999991597
1320 -0.14999999999991626
1321 -0.1049999999999158
1322 -0.2349999999999157
1323 -0.12999999999991582
1324 -0.5849999999999164
1325 4.4900000000001175
1326 4.414999999999845
1327 -0.6649999999999171
1328 -0.29999999999991595
1329 -0.24499999999991678
1330 -0.3099999999999175
1331 -0.1949999999999161
1332 4.86499999999983
1333 -0.11499999999991559
1334 14.34499999999951
1335 4.809999999999822
1336 9.814999999999351
1337 -0.2799999999999159
1338 -0.5049999999999165
1339 -0.20999999999991698
1340 -0.6799999999999164
1341 4.804999999999907
1342 -0.04999999999991555
1343 0.015000000000084446
1344 8.669999999999625
1345 -1.1649999999999159
1346 -0.03499999999991578
1347 -0.39999999999991626
1348 -0.2649999999999157
1349 -0.859999999999917
1350 3.645000000000098
1351 -0.04999999999991555
1352 4.234999999999811
1353 -0.1449999999999156
1354 -0.6099999999999162
1355 9.49999999999925
1356 -0.7499999999999176
1357 -0.6399999999999193
1358 -0.07499999999991555
1359 -0.6399999999999169
1360 -1.2349999999999133
1361 -0.6949999999999171
1362 -0.07499999999991555
1363 4.795000000000014
1364 -0.16999999999991627
1365 -0.5299999999999176
1366 -0.084999999999916
1367 -0.19999999999991566
1368 -0.1899999999999163
1369 -0.18999999999991588
1370 -0.8549999999999173
1371 -0.06999999999991555
1372 -0.10499999999991558
1373 -0.06499999999991554
1374 -0.579999999999917
1375 -0.4399999999999165
1376 -0.16499999999991563
1377 -0.1049999999999158
1378 -0.33499999999991575
1379 -0.6499999999999166
1380 -0.5049999999999163
1381 -0.1049999999999158
1382 -0.22499999999991635
1383 -0.16499999999991563
1384 -0.2999999999999166
1385 -0.6999999999999174
1386 4.759999999999914
1387 4.069999999999869
1388 -0.5649999999999159
1389 4.799999999999774
1390 -0.5999999999999168
1391 -0.21999999999991612
1392 4.46499999999978
1393 -0.5849999999999166
1394 -1.0399999999999163
1395 18.819999999999474
1396 -0.9949999999999193
1397 4.035000000000081
1398 -0.16999999999991586
1399 -0.10499999999991558
1400 -0.7799999999999171
1401 -0.039999999999915554
1402 -0.05499999999991577
1403 -0.1749999999999163
1404 -0.15999999999991607
1405 -0.07999999999991556
1406 -0.04999999999991555
1407 -0.5999999999999164
1408 -0.04999999999991555
1409 4.764999999999812
1410 4.88999999999976
1411 4.37000000000012
1412 -0.15499999999991562
1413 -0.14999999999991628
1414 -0.08999999999991579
1415 -0.02999999999991578
1416 -0.11999999999991559
1417 -0.05499999999991577
1418 -0.7849999999999181
1419 -0.11499999999991581
1420 -0.1649999999999163
1421 -0.06999999999991555
1422 -0.22499999999991635
1423 -0.17999999999991564
1424 -0.05499999999991555
1425 -0.21999999999991635
1426 -0.26999999999991614
1427 -0.16499999999991563
1428 -0.18499999999991565
1429 4.859999999999828
1430 -0.19999999999991697
1431 -0.24499999999991637
1432 4.100000000000123
1433 -0.1049999999999158
1434 -0.084999999999916
1435 -0.06999999999991555
1436 -0.15999999999991596
1437 -0.10999999999991603
1438 4.0399999999998135
1439 9.899999999999215
1440 -0.2199999999999159
1441 -0.06999999999991555
1442 -0.4249999999999165
1443 -0.16999999999991583
1444 -0.18499999999991587
1445 -0.17999999999991653
1446 8.494999999999562
1447 -0.18499999999991565
1448 -0.20999999999991634
1449 4.60499999999978
1450 -0.3099999999999166
1451 9.24499999999919
1452 -0.08499999999991578
1453 -0.894999999999918
1454 -0.21499999999991568
1455 -0.08499999999991578
1456 4.344999999999781
1457 -0.1249999999999156
1458 -0.10999999999991558
1459 -0.11999999999991559
1460 -0.599999999999917
1461 -0.18999999999991588
1462 4.994999999999754
1463 -0.07499999999991622
1464 4.804999999999788
1465 -0.30499999999991706
1466 -0.9649999999999165
1467 -0.699999999999916
1468 -1.1749999999999143
1469 -0.18999999999991588
1470 3.970000000000124
1471 -0.09499999999991557
1472 -0.41999999999991783
1473 4.854999999999768
1474 -0.7199999999999165
1475 -0.15999999999991582
1476 -0.30499999999991595
1477 -0.09499999999991557
1478 4.844999999999773
1479 4.859999999999787
1480 -0.06999999999991555
1481 -0.049999999999915536
1482 4.104999999999803
1483 4.694999999999824
1484 4.82999999999979
1485 9.989999999999235
1486 -0.16999999999991564
1487 -0.08999999999991556
1488 4.804999999999971
1489 -0.7149999999999169
1490 -0.12999999999991604
1491 -0.23499999999991633
1492 -0.1399999999999156
1493 -0.19999999999991788
1494 -0.919999999999922
1495 -0.619999999999916
1496 9.899999999999212
1497 -0.4299999999999174
1498 -0.16499999999991674
1499 -0.06499999999991578
1500 4.200000000000124
1501 4.809999999999884
1502 -0.14999999999991584
1503 -0.5249999999999165
1504 -0.5999999999999164
1505 -0.4049999999999175
1506 -0.1349999999999165
1507 -0.5899999999999159
1508 -0.17999999999991675
1509 -0.2349999999999157
1510 -0.10999999999991558
1511 -0.1349999999999156
1512 -0.17999999999991675
1513 4.804999999999831
1514 -0.4749999999999163
1515 -0.6599999999999164
1516 0.020000000000084225
1517 -0.04499999999991555
1518 -0.13999999999991583
1519 -0.26499999999991614
1520 -0.16499999999991563
1521 -0.3999999999999167
1522 -0.8299999999999178
1523 -0.1449999999999156
1524 4.8849999999997635
1525 -0.05999999999991577
1526 9.844999999999217
1527 -0.09999999999991557
1528 -0.09999999999991602
1529 -0.9349999999999187
1530 4.379999999999815
1531 -0.6499999999999171
1532 -0.05999999999991577
1533 -0.05499999999991555
1534 -0.14999999999991584
1535 -0.19999999999991655
1536 -0.11499999999991559
1537 4.789999999999828
1538 9.829999999999254
1539 8.864999999999142
1540 -0.1649999999999163
1541 -0.7299999999999174
1542 -0.1549999999999165
1543 -1.0449999999999167
1544 -0.659999999999916
1545 19.640000000000807
1546 -0.12499999999991626
1547 -0.06999999999991577
1548 -0.6349999999999162
1549 -0.1849999999999163
1550 -0.13499999999991583
1551 -0.15999999999991563
1552 -0.06499999999991576
1553 -0.989999999999919
1554 -0.06499999999991554
1555 -0.2099999999999159
1556 3.8650000000001308
1557 -0.2299999999999159
1558 -0.12999999999991646
1559 -0.06999999999991577
1560 -0.08499999999991556
1561 9.109999999999756
1562 -0.08999999999991556
1563 9.32999999999912
1564 -0.6149999999999166
1565 -0.5399999999999161
1566 -0.09999999999991557
1567 -0.05499999999991555
1568 -0.12499999999991647
1569 4.7299999999997775
1570 4.714999999999982
1571 -0.22499999999991702
1572 -0.4949999999999161
1573 -0.10499999999991558
1574 -0.02999999999991578
1575 -0.5349999999999163
1576 -0.7249999999999167
1577 -0.6399999999999177
1578 -0.14999999999991584
1579 -0.25999999999991746
1580 -0.06999999999991621
1581 -0.14499999999991603
1582 -0.8599999999999168
1583 -0.1799999999999161
1584 4.050000000000099
1585 -0.08499999999991623
1586 -0.09999999999991557
1587 -0.15499999999991584
1588 -0.839999999999919
1589 -0.15499999999991562
1590 4.234999999999847
1591 -0.2549999999999161
1592 4.19999999999989
1593 -0.0999999999999158
1594 4.3299999999997825
1595 4.074999999999811
1596 -0.21999999999991568
1597 -0.19999999999991677
1598 -0.4699999999999159
1599 -0.22499999999991635
1600 -0.939999999999918
1601 4.844999999999782
1602 -0.009999999999915556
1603 -0.06499999999991576
1604 -0.5999999999999159
1605 -0.074999999999916
1606 -0.19499999999991563
1607 -0.0049999999999157775
1608 4.814999999999785
1609 -0.10499999999991558
1610 4.739999999999797
1611 9.474999999999152
1612 3.915000000000111
1613 4.884999999999792
1614 -0.49499999999991623
1615 -0.16999999999991586
1616 -0.06499999999991554
1617 -0.8399999999999219
1618 -0.7099999999999167
1619 -1.03499999999992
1620 -0.08999999999991556
1621 -0.5449999999999159
1622 -0.07499999999991577
1623 -0.8349999999999181
1624 4.185000000000097
1625 -0.714999999999918
1626 -0.10499999999991558
1627 4.9149999999997664
1628 -0.1849999999999161
1629 -0.1349999999999156
1630 -0.09999999999991557
1631 -0.6249999999999162
1632 -0.08999999999991556
1633 -0.03999999999991578
1634 -0.2049999999999161
1635 4.929999999999779
1636 -0.06999999999991556
1637 4.050000000000085
1638 -0.16499999999991585
1639 -0.16999999999991564
1640 -0.2449999999999159
1641 4.2600000000000415
1642 4.6199999999998225
1643 -0.11499999999991559
1644 -0.1249999999999156
1645 -0.08499999999991578
1646 -0.17499999999991583
1647 9.399999999999746
1648 -0.1949999999999172
1649 -0.17999999999991562
1650 -0.1949999999999161
1651 4.254999999999809
1652 -0.694999999999918
1653 -0.7149999999999171
1654 4.859999999999764
1655 -0.3749999999999169
1656 4.924999999999772
1657 4.685000000000059
1658 -0.2949999999999166
1659 4.7649999999997785
1660 -0.09499999999991557
1661 -0.07999999999991556
1662 4.295000000000118
1663 -0.14999999999991562
1664 -0.11499999999991581
1665 -0.10499999999991558
1666 -0.07999999999991556
1667 -0.17999999999991698
1668 -0.1249999999999156
1669 -0.5799999999999168
1670 -0.18999999999991632
1671 4.824999999999797
1672 -0.04999999999991577
1673 -0.05999999999991577
1674 -0.5049999999999174
1675 -0.2149999999999161
1676 -0.059999999999915545
1677 -0.13499999999991624
1678 -0.09999999999991557
1679 -0.1249999999999156
1680 -0.11999999999991559
1681 -0.2999999999999164
1682 -0.07499999999991556
1683 -0.2399999999999157
1684 -1.4299999999999087
1685 -0.7299999999999164
1686 -0.19499999999991718
1687 3.7850000000001325
1688 -0.8199999999999169
1689 -0.1049999999999158
1690 -0.2249999999999159
1691 -0.079999999999916
1692 -0.14999999999991606
1693 -0.06999999999991555
1694 -0.16999999999991564
1695 -0.944999999999918
1696 -0.08999999999991556
1697 4.884999999999781
1698 4.234999999999822
1699 -0.1249999999999156
1700 4.3899999999997865
1701 -1.3399999999999122
1702 -0.3099999999999162
1703 4.155000000000125
1704 -0.21999999999991568
1705 -0.13499999999991583
1706 -0.18499999999991631
1707 -0.09999999999991557
1708 4.824999999999809
1709 -0.5949999999999159
1710 -0.5099999999999161
1711 -0.10499999999991558
1712 -0.09999999999991557
1713 -0.6799999999999164
1714 -0.13499999999991605
1715 -0.2649999999999166
1716 -0.03499999999991556
1717 -0.11999999999991581
1718 -0.11999999999991559
1719 -0.5299999999999185
1720 -0.5199999999999163
1721 -0.6499999999999173
1722 -0.08999999999991556
1723 -0.7649999999999181
1724 -0.15499999999991607
1725 -0.11999999999991581
1726 -0.10499999999991558
1727 -0.06499999999991576
1728 -0.7749999999999185
1729 -0.02499999999991578
1730 -0.11999999999991559
1731 4.8449999999998585
1732 -0.15499999999991584
1733 -0.1449999999999156
1734 4.869999999999796
1735 -0.6049999999999166
1736 -0.3249999999999164
1737 3.420000000000135
1738 -0.09499999999991579
1739 -0.29499999999991616
1740 -0.1699999999999174
1741 -0.08999999999991556
1742 -0.6999999999999178
1743 -0.91999999999992
1744 -0.5649999999999166
1745 -0.20499999999991567
1746 4.800000000000032
1747 -0.7599999999999167
1748 -0.20999999999991678
1749 -0.5649999999999161
1750 -0.14999999999991562
1751 -0.6399999999999169
1752 -0.11499999999991559
1753 14.064999999999507
1754 4.519999999999777
1755 4.585000000000115
1756 -0.14999999999991606
1757 -0.4449999999999174
1758 -0.9499999999999189
1759 4.899999999999799
1760 4.884999999999762
1761 -0.784999999999917
1762 -0.6799999999999164
1763 8.319999999999856
1764 -0.1249999999999156
1765 -0.12999999999991582
1766 -0.08499999999991556
1767 -0.12999999999991604
1768 -0.1399999999999156
1769 4.059999999999989
1770 -0.06999999999991555
1771 -1.1999999999999134
1772 -0.4999999999999159
1773 -0.11999999999991559
1774 -0.6549999999999169
1775 -0.6299999999999166
1776 -0.3049999999999157
1777 4.70999999999979
1778 -1.189999999999914
1779 -0.12999999999991582
1780 -0.19499999999991632
1781 -0.24999999999991612
1782 4.2299999999999764
1783 -0.07999999999991556
1784 4.894999999999785
1785 4.744999999999802
1786 -0.08999999999991558
1787 -0.07499999999991577
1788 -0.09999999999991602
1789 -0.1449999999999156
1790 4.1949999999999825
1791 4.8399999999997645
1792 -0.5349999999999163
1793 -0.1349999999999156
1794 -0.8649999999999191
1795 -0.5499999999999161
1796 -0.13999999999991583
1797 -0.1049999999999158
1798 -0.04999999999991577
1799 -0.724999999999918
1800 9.799999999999239
1801 -0.1399999999999156
1802 -1.6649999999999052
1803 -0.48499999999991633
1804 -0.5299999999999159
1805 -0.10999999999991558
1806 -0.06999999999991555
1807 4.075000000000124
1808 4.8149999999997615
1809 -0.6949999999999169
1810 -0.5699999999999159
1811 -0.27499999999991614
1812 -0.2699999999999159
1813 -0.5549999999999168
1814 -0.1349999999999156
1815 4.795000000000111
1816 -0.15499999999991607
1817 -0.17999999999991584
1818 -0.09999999999991557
1819 4.2949999999998
1820 -0.6999999999999167
1821 4.604999999999878
1822 -0.12499999999991582
1823 -0.06999999999991555
1824 -0.5449999999999177
1825 -0.2649999999999157
1826 -0.504999999999917
1827 4.839999999999779
1828 -0.21999999999991568
1829 4.819999999999774
1830 -0.09499999999991557
1831 4.804999999999772
1832 4.074999999999841
1833 -0.11999999999991559
1834 -0.059999999999915545
1835 0.010000000000084
1836 -0.19499999999991566
1837 -0.7749999999999199
1838 9.279999999999315
1839 -0.07999999999991578
1840 -0.1099999999999158
1841 -0.009999999999915556
1842 -0.059999999999915545
1843 -0.0049999999999155555
1844 4.904999999999756
1845 -0.23999999999991614
1846 -0.009999999999915556
1847 -0.16999999999991564
1848 -0.8049999999999179
1849 9.864999999999208
1850 -0.1399999999999156
1851 -0.05499999999991577
1852 -0.18499999999991587
1853 -0.03999999999991622
1854 4.36000000000012
1855 4.759999999999807
1856 9.279999999999578
1857 -0.09999999999991578
1858 4.849999999999835
1859 -0.1399999999999156
1860 -0.49499999999991634
1861 -0.11499999999991602
1862 4.929999999999766
1863 4.964999999999755
1864 4.849999999999793
1865 -0.08999999999991556
1866 -0.7249999999999165
1867 4.709999999999973
1868 -0.24499999999991637
1869 -0.06999999999991555
1870 4.695000000000113
1871 -0.7049999999999174
1872 -0.09999999999991556
1873 -0.23499999999991633
1874 -0.11499999999991603
1875 -0.30999999999991673
1876 -0.7849999999999174
1877 -0.02499999999991556
1878 -0.10499999999991558
1879 -0.11499999999991559
1880 4.894999999999781
1881 -0.1049999999999158
1882 4.780000000000111
1883 -0.1449999999999156
1884 -0.10499999999991558
1885 -0.36499999999991756
1886 -0.12499999999991582
1887 -0.04999999999991555
1888 4.724999999999925
1889 -0.1999999999999161
1890 4.260000000000122
1891 -0.15999999999991563
1892 -0.3649999999999162
1893 -0.1099999999999158
1894 4.8999999999997845
1895 -0.5949999999999173
1896 -0.044999999999915774
1897 -0.7449999999999172
1898 -0.20999999999991634
1899 -0.04499999999991555
1900 4.769999999999793
1901 -0.08999999999991556
1902 -0.9449999999999187
1903 4.214999999999796
1904 -0.11999999999991603
1905 -0.0999999999999158
1906 4.345000000000101
1907 -0.0999999999999158
1908 -0.1099999999999158
1909 -0.14999999999991562
1910 4.914999999999765
1911 9.329999999999325
1912 -0.11499999999991559
1913 4.220000000000123
1914 4.799999999999771
1915 -1.1699999999999193
1916 -1.004999999999918
1917 -0.14499999999991672
1918 9.329999999999144
1919 -0.20499999999991678
1920 -0.02999999999991556
1921 -0.014999999999915557
1922 -0.859999999999918
1923 -0.3149999999999166
1924 -0.07499999999991555
1925 -0.1049999999999158
1926 4.9149999999997664
1927 -0.1449999999999156
1928 -0.679999999999916
1929 -0.6349999999999166
1930 -0.7049999999999174
1931 -0.20499999999991608
1932 -0.03999999999991578
1933 4.419999999999834
1934 -0.11499999999991581
1935 -0.8699999999999213
1936 -0.08999999999991555
1937 -0.014999999999915779
1938 -0.10499999999991558
1939 -0.10999999999991558
1940 -0.6299999999999164
1941 -0.04499999999991555
1942 8.444460408707499e-14
1943 -0.524999999999917
1944 -0.819999999999919
1945 -0.07999999999991578
1946 4.874999999999778
1947 -0.05499999999991577
1948 4.275000000000087
1949 -0.2499999999999166
1950 14.219999999999846
1951 4.035000000000109
1952 4.894999999999758
1953 -0.07499999999991555
1954 4.944999999999784
1955 14.940000000000548
1956 -0.06499999999991554
1957 -0.17999999999991564
1958 -0.13499999999991624
1959 -0.1399999999999156
1960 -0.6099999999999168
1961 -0.1249999999999156
1962 14.590000000000371
1963 -0.09999999999991624
1964 -0.1299999999999156
1965 -0.039999999999915554
1966 -0.15499999999991584
1967 9.45999999999917
1968 -0.37999999999991635
1969 -0.11499999999991559
1970 -0.20999999999991723
1971 -0.1049999999999158
1972 -0.6149999999999162
1973 4.7549999999998445
1974 4.829999999999795
1975 9.819999999999402
1976 -0.044999999999915774
1977 9.789999999999232
1978 4.9799999999997615
1979 9.824999999999218
1980 -0.17499999999991586
1981 -0.08999999999991601
1982 4.959999999999773
1983 -0.07499999999991555
1984 -0.08499999999991556
1985 -0.1299999999999156
1986 4.534999999999769
1987 -0.10999999999991625
1988 -0.08999999999991556
1989 -0.7099999999999171
1990 -0.20499999999991633
1991 -0.11999999999991583
1992 -0.05499999999991555
1993 -0.1249999999999156
1994 -0.6949999999999171
1995 -0.06499999999991554
1996 4.854999999999761
1997 -0.13999999999991583
1998 -0.07499999999991555
1999 -0.11499999999991581
5599.898198604584
