0 19.16
1 39.97
2 30.06
3 55.44
4 20.00
5 22.31
6 21.59
7 31.85
8 26.57
9 45.33
10 34.88
11 19.96
12 32.45
13 22.36
14 22.46
15 19.88
16 27.47
17 40.81
18 19.83
19 36.27
20 39.29
21 39.94
22 45.12
23 17.32
24 37.85
25 22.47
26 29.88
27 22.34
28 35.00
29 30.06
30 40.66
31 27.36
32 37.48
33 36.26
34 44.28
35 18.17
36 35.16
37 36.37
38 24.97
39 22.59
40 22.53
41 40.13
42 29.99
43 40.05
44 27.07
45 34.60
46 24.91
47 42.80
48 24.91
49 14.91
50 27.33
51 30.01
52 44.21
53 30.03
54 36.82
55 24.98
56 45.12
57 45.06
58 19.90
59 54.37
60 32.56
61 8.96
62 29.97
63 20.06
64 24.94
65 15.03
66 31.08
67 22.46
68 46.77
69 21.19
70 28.93
71 22.56
72 26.59
73 42.21
74 35.14
75 27.41
76 30.07
77 22.45
78 41.83
79 19.89
80 40.86
81 32.59
82 35.07
83 50.00
84 47.60
85 27.43
86 22.53
87 22.58
88 17.47
89 17.42
90 44.22
91 49.93
92 7.55
93 27.47
94 39.17
95 31.77
96 36.54
97 35.24
98 50.58
99 44.68
100 39.10
101 29.89
102 19.81
103 22.36
104 37.45
105 11.84
106 37.57
107 34.95
108 32.43
109 36.37
110 27.07
111 17.42
112 19.82
113 37.14
114 35.03
115 39.14
116 32.46
117 25.00
118 14.93
119 50.08
120 19.91
121 29.86
122 31.90
123 29.81
124 31.60
125 9.94
126 37.46
127 49.21
128 32.47
129 22.34
130 24.23
131 37.40
132 45.07
133 56.76
134 46.49
135 32.67
136 48.52
137 45.12
138 20.02
139 30.08
140 14.13
141 27.48
142 40.96
143 17.49
144 25.99
145 27.46
146 42.54
147 34.61
148 22.50
149 41.19
150 33.70
151 41.49
152 29.86
153 14.97
154 17.52
155 33.50
156 34.99
157 32.59
158 27.53
159 29.98
160 14.93
161 32.61
162 27.57
163 24.99
164 24.59
165 24.98
166 23.70
167 40.05
168 19.37
169 30.07
170 24.99
171 29.79
172 27.55
173 44.75
174 29.83
175 26.22
176 20.08
177 17.50
178 29.88
179 27.43
180 14.90
181 32.51
182 31.69
183 36.67
184 27.34
185 22.61
186 50.04
187 17.28
188 34.87
189 32.37
190 30.01
191 45.18
192 38.84
193 22.34
194 30.01
195 25.01
196 37.42
197 44.27
198 31.42
199 22.50
200 40.61
201 35.04
202 36.72
203 47.49
204 28.07
205 42.02
206 42.47
207 49.19
208 40.88
209 37.31
210 29.94
211 29.97
212 24.95
213 25.15
214 46.85
215 17.47
216 32.46
217 40.07
218 28.00
219 9.84
220 29.14
221 39.95
222 35.11
223 27.31
224 36.69
225 40.04
226 29.90
227 19.96
228 26.24
229 30.18
230 29.98
231 32.45
232 29.43
233 41.77
234 20.72
235 29.79
236 27.19
237 52.85
238 29.96
239 27.51
240 37.37
241 35.19
242 9.91
243 29.88
244 41.42
245 44.70
246 27.51
247 14.91
248 28.03
249 32.44
250 30.41
251 28.76
252 54.94
253 32.48
254 53.98
255 24.70
256 42.48
257 38.81
258 42.18
259 37.48
260 24.95
261 20.09
262 32.89
263 36.95
264 27.40
265 28.49
266 39.26
267 37.45
268 27.68
269 17.42
270 45.00
271 30.87
272 37.60
273 46.17
274 22.43
275 24.23
276 32.54
277 54.41
278 29.92
279 20.02
280 51.54
281 32.43
282 37.45
283 48.85
284 24.88
285 40.03
286 39.98
287 29.93
288 42.50
289 22.43
290 24.90
291 35.79
292 17.37
293 29.90
294 41.77
295 26.21
296 53.67
297 34.21
298 40.01
299 32.59
300 44.54
301 39.01
302 40.02
303 39.70
304 21.65
305 14.83
306 15.08
307 36.53
308 40.00
309 42.18
310 17.43
311 54.16
312 19.78
313 55.20
314 30.01
315 15.79
316 22.53
317 34.93
318 43.12
319 34.99
320 27.41
321 49.40
322 27.50
323 37.15
324 24.97
325 27.55
326 24.83
327 17.50
328 22.55
329 34.20
330 37.00
331 27.45
332 40.09
333 31.49
334 36.70
335 34.99
336 21.44
337 17.76
338 37.50
339 19.87
340 22.44
341 27.39
342 30.42
343 20.00
344 27.51
345 16.55
346 37.49
347 34.22
348 9.96
349 24.76
350 39.31
351 36.66
352 24.57
353 47.52
354 40.00
355 37.54
356 22.37
357 27.41
358 17.30
359 47.53
360 35.66
361 37.67
362 47.43
363 36.47
364 38.05
365 24.36
366 9.95
367 42.72
368 39.17
369 37.60
370 43.17
371 22.58
372 34.93
373 37.37
374 34.92
375 35.10
376 45.07
377 42.60
378 19.89
379 38.44
380 34.11
381 48.87
382 17.39
383 22.50
384 39.33
385 11.43
386 32.64
387 37.54
388 29.97
389 35.07
390 32.48
391 36.77
392 32.72
393 26.55
394 22.43
395 36.84
396 37.56
397 42.32
398 45.01
399 25.10
400 29.28
401 37.51
402 27.42
403 45.08
404 47.68
405 17.58
406 29.09
407 20.01
408 39.94
409 42.43
410 19.12
411 21.50
412 24.94
413 45.07
414 29.03
415 24.98
416 42.00
417 18.39
418 31.70
419 37.36
420 28.71
421 28.74
422 32.39
423 25.05
424 36.31
425 37.41
426 42.48
427 42.58
428 22.53
429 38.43
430 31.67
431 45.80
432 53.37
433 37.47
434 31.59
435 42.08
436 40.79
437 52.51
438 22.43
439 12.27
440 34.84
441 25.88
442 37.49
443 37.52
444 46.85
445 19.85
446 25.20
447 20.09
448 22.46
449 35.11
450 17.36
451 19.03
452 47.68
453 30.02
454 34.49
455 36.82
456 35.03
457 25.04
458 44.93
459 23.77
460 37.46
461 16.86
462 44.17
463 47.38
464 46.80
465 24.87
466 35.01
467 39.32
468 21.58
469 40.03
470 30.02
471 39.41
472 43.79
473 62.50
474 12.32
475 36.97
476 36.99
477 31.59
478 20.94
479 33.42
480 22.38
481 24.35
482 49.94
483 40.04
484 12.41
485 37.50
486 29.93
487 26.36
488 50.52
489 32.46
490 35.00
491 50.21
492 32.40
493 44.99
494 19.90
495 34.99
496 15.11
497 24.31
498 29.18
499 24.65
500 21.50
501 22.47
502 45.07
503 57.48
504 47.30
505 14.91
506 35.05
507 18.77
508 25.02
509 37.50
510 14.89
511 32.58
512 24.98
513 50.17
514 42.52
515 29.90
516 45.11
517 39.14
518 37.46
519 45.04
520 41.86
521 27.26
522 34.99
523 19.04
524 48.64
525 50.07
526 24.93
527 40.15
528 27.47
529 27.41
530 39.87
531 34.83
532 29.91
533 21.65
534 38.61
535 19.95
536 40.01
537 57.54
538 24.80
539 36.07
540 27.31
541 35.09
542 16.68
543 35.03
544 49.10
545 21.68
546 37.61
547 36.75
548 30.02
549 24.96
550 37.51
551 37.54
552 47.56
553 32.36
554 14.98
555 42.62
556 22.45
557 25.13
558 26.67
559 37.55
560 19.83
561 34.71
562 29.79
563 22.44
564 42.56
565 42.49
566 45.18
567 9.99
568 40.03
569 19.95
570 32.70
571 50.90
572 42.41
573 24.94
574 24.83
575 14.83
576 19.91
577 39.99
578 43.33
579 27.54
580 33.20
581 33.81
582 45.10
583 45.00
584 37.54
585 40.07
586 32.13
587 38.22
588 50.09
589 42.39
590 46.70
591 21.64
592 42.09
593 40.02
594 36.29
595 34.21
596 35.08
597 42.39
598 34.98
599 30.11
600 24.15
601 40.07
602 25.10
603 37.43
604 35.10
605 43.85
606 48.20
607 37.64
608 40.04
609 33.75
610 32.24
611 33.83
612 32.55
613 45.07
614 22.42
615 26.72
616 40.03
617 27.44
618 33.49
619 54.62
620 24.12
621 39.85
622 24.97
623 25.08
624 41.67
625 35.02
626 28.50
627 21.65
628 47.58
629 31.38
630 30.06
631 50.07
632 33.01
633 32.48
634 34.93
635 37.60
636 34.95
637 40.02
638 22.39
639 51.77
640 22.62
641 45.16
642 34.87
643 24.91
644 32.37
645 31.43
646 42.59
647 39.99
648 34.89
649 23.91
650 32.49
651 25.00
652 42.12
653 19.71
654 37.54
655 58.92
656 39.93
657 47.84
658 14.95
659 37.55
660 42.47
661 39.08
662 27.33
663 17.80
664 35.07
665 34.97
666 22.54
667 31.33
668 50.02
669 34.92
670 14.91
671 45.47
672 37.11
673 19.94
674 42.51
675 34.84
676 23.79
677 23.09
678 29.24
679 66.65
680 27.52
681 39.96
682 40.16
683 23.05
684 33.30
685 43.79
686 40.00
687 26.53
688 31.91
689 21.69
690 51.75
691 39.92
692 47.56
693 52.34
694 29.92
695 19.88
696 31.59
697 26.68
698 40.47
699 37.56
700 19.96
701 42.41
702 47.64
703 57.70
704 50.10
705 40.08
706 34.96
707 41.82
708 37.53
709 17.31
710 31.69
711 44.15
712 33.95
713 44.97
714 27.35
715 37.61
716 58.25
717 28.51
718 27.42
719 44.93
720 37.35
721 50.82
722 29.98
723 40.06
724 19.96
725 42.54
726 35.00
727 54.57
728 29.32
729 45.11
730 44.36
731 27.52
732 57.78
733 32.41
734 51.26
735 22.45
736 27.52
737 27.49
738 36.65
739 43.71
740 32.28
741 52.65
742 57.72
743 36.62
744 19.85
745 38.62
746 40.72
747 47.24
748 47.39
749 37.55
750 44.80
751 34.89
752 22.49
753 29.76
754 29.91
755 37.43
756 28.56
757 28.47
758 18.56
759 25.09
760 37.42
761 32.94
762 17.54
763 31.58
764 31.56
765 42.39
766 33.03
767 34.17
768 22.52
769 32.41
770 37.55
771 50.04
772 12.27
773 30.14
774 19.87
775 27.51
776 14.91
777 29.97
778 45.00
779 45.12
780 39.96
781 35.08
782 22.42
783 28.86
784 35.00
785 39.93
786 42.16
787 45.79
788 45.03
789 32.38
790 23.76
791 29.44
792 30.03
793 30.08
794 29.96
795 17.39
796 43.09
797 45.01
798 26.17
799 27.34
800 38.46
801 15.27
802 37.50
803 17.14
804 47.62
805 18.49
806 26.25
807 32.49
808 39.26
809 45.04
810 48.82
811 31.58
812 29.89
813 22.32
814 31.21
815 32.30
816 32.34
817 22.51
818 29.88
819 19.96
820 32.50
821 42.09
822 43.88
823 42.54
824 36.64
825 32.50
826 41.56
827 44.98
828 14.65
829 49.10
830 18.62
831 47.68
832 39.95
833 27.49
834 21.07
835 52.57
836 27.34
837 30.00
838 34.97
839 37.52
840 44.99
841 37.40
842 44.95
843 55.58
844 27.44
845 45.47
846 29.18
847 31.69
848 42.04
849 31.48
850 37.35
851 47.46
852 29.17
853 34.60
854 40.94
855 39.22
856 50.48
857 34.35
858 28.98
859 22.48
860 21.66
861 19.21
862 27.50
863 40.05
864 34.23
865 32.21
866 30.12
867 37.42
868 31.78
869 45.14
870 24.58
871 28.33
872 42.62
873 40.06
874 36.36
875 36.76
876 36.82
877 37.04
878 47.55
879 35.12
880 34.18
881 36.61
882 19.46
883 45.03
884 22.29
885 47.53
886 40.09
887 29.91
888 29.49
889 40.02
890 45.01
891 24.91
892 34.33
893 39.92
894 37.39
895 19.99
896 38.13
897 36.25
898 42.45
899 25.15
900 30.01
901 37.13
902 34.29
903 35.17
904 39.94
905 49.36
906 55.76
907 24.94
908 24.97
909 26.68
910 40.82
911 36.69
912 42.62
913 64.57
914 22.48
915 47.63
916 47.41
917 45.60
918 35.13
919 21.07
920 34.22
921 34.88
922 78.65
923 34.83
924 41.66
925 40.07
926 42.83
927 56.36
928 19.94
929 29.16
930 34.54
931 37.46
932 35.00
933 20.10
934 48.01
935 32.58
936 27.46
937 40.02
938 52.59
939 40.02
940 31.69
941 42.65
942 25.04
943 42.60
944 32.32
945 34.58
946 19.94
947 32.53
948 23.08
949 19.90
950 59.39
951 46.10
952 27.53
953 21.68
954 37.55
955 42.56
956 34.91
957 29.86
958 39.73
959 42.64
960 27.36
961 35.06
962 32.57
963 28.87
964 40.03
965 45.17
966 39.91
967 51.92
968 37.46
969 27.00
970 32.52
971 39.98
972 42.47
973 47.36
974 39.50
975 60.05
976 44.93
977 53.39
978 46.67
979 29.98
980 19.89
981 38.86
982 34.95
983 54.49
984 45.09
985 27.49
986 37.43
987 43.43
988 27.55
989 34.87
990 37.43
991 24.83
992 29.23
993 24.98
994 34.95
995 22.45
996 66.08
997 44.61
998 19.94
999 29.14
3922.093920946121
