0 42.23499999999953
1 16.019999999999932
2 41.74499999999911
3 26.26500000000018
4 56.16999999999972
5 50.27999999999902
6 37.959999999999944
7 37.87999999999995
8 36.40999999999976
9 17.034999999999748
10 22.860000000000063
11 26.489999999999554
12 11.859999999999925
13 17.91999999999986
14 22.459999999999937
15 41.124999999999226
16 12.529999999999893
17 25.740000000000368
18 32.28499999999946
19 35.639999999999354
20 32.184999999999995
21 32.94999999999986
22 36.64000000000013
23 51.424999999999436
24 5.879999999999589
25 32.13999999999972
26 31.00999999999987
27 37.144999999999804
28 51.65999999999884
29 22.114999999999583
30 41.32499999999936
31 17.699999999999957
32 7.205000000000166
33 30.39499999999993
34 22.244999999999944
35 -3.5549999999998816
36 36.92999999999988
37 37.74499999999963
38 5.875000000000066
39 8.00500000000008
40 25.43999999999985
41 27.360000000000113
42 54.68499999999955
43 12.329999999999718
44 12.774999999999615
45 11.824999999999873
46 41.92499999999919
47 33.090000000000245
48 47.85999999999918
49 52.7049999999995
50 12.659999999999554
51 22.695000000000253
52 41.18000000000001
53 66.85499999999915
54 32.42999999999979
55 2.0150000000001294
56 18.750000000000192
57 17.99499999999961
58 32.86500000000005
59 27.229999999999727
60 29.610000000000213
61 22.624999999999716
62 35.73999999999985
63 -3.4899999999998785
64 32.11499999999981
65 2.095000000000022
66 21.9699999999996
67 21.649999999999796
68 17.10999999999957
69 7.685000000000039
70 32.040000000000035
71 22.00999999999951
72 16.33499999999974
73 34.49000000000003
74 18.194999999999936
75 32.02499999999948
76 8.259999999999838
77 17.904999999999657
78 26.309999999999796
79 11.74999999999983
80 27.695000000000118
81 23.299999999999596
82 17.134999999999977
83 32.81999999999874
84 33.19500000000029
85 17.9800000000002
86 47.41999999999933
87 36.70499999999973
88 -1.564999999999915
89 18.629999999999683
90 52.75499999999927
91 27.80500000000018
92 13.249999999999536
93 7.784999999999453
94 21.850000000000353
95 -2.2999999999999026
96 31.079999999999373
97 19.81000000000015
98 2.8500000000001178
99 22.159999999999933
100 -3.3249999999998816
101 11.269999999999943
102 17.23000000000019
103 18.185000000000045
104 8.169999999999742
105 22.625000000000064
106 -2.1499999999999053
107 13.105000000000008
108 12.80999999999929
109 52.414999999999594
110 27.385000000000122
111 28.05499999999976
112 27.580000000000293
113 36.01999999999896
114 12.199999999999962
115 26.470000000000066
116 13.379999999999786
117 31.30999999999984
118 28.25499999999992
119 58.20999999999958
120 46.384999999999444
121 15.879999999999976
122 17.789999999999836
123 26.939999999999827
124 10.904999999999895
125 22.88999999999991
126 27.110000000000092
127 22.150000000000038
128 18.334999999999898
129 12.709999999999509
130 16.354999999999823
131 18.57499999999953
132 7.330000000000133
133 3.2949999999999697
134 36.749999999998465
135 23.090000000000046
136 18.370000000000076
137 36.67999999999981
138 5.94499999999962
139 44.06499999999858
140 26.12000000000039
141 11.789999999999788
142 -1.5199999999999176
143 -1.4599999999999156
144 21.71999999999964
145 13.07999999999974
146 22.419999999999852
147 3.435000000000091
148 1.6950000000001129
149 7.2999999999998915
150 27.74000000000036
151 3.015000000000149
152 28.26000000000025
153 15.680000000000069
154 13.644999999999825
155 -3.354999999999882
156 13.449999999999607
157 6.784999999999746
158 23.675000000000402
159 27.45000000000035
160 13.124999999999854
161 8.329999999999524
162 -2.939999999999885
163 17.940000000000172
164 17.970000000000276
165 17.34500000000057
166 13.394999999999879
167 12.839999999999971
168 12.804999999999662
169 41.184999999998574
170 23.18000000000015
171 1.4799999999999698
172 12.584999999999798
173 22.355000000000288
174 20.96500000000025
175 12.899999999999395
176 3.375000000000009
177 23.230000000000253
178 17.26999999999998
179 17.865000000000133
180 27.334999999999987
181 52.644999999999214
182 52.00499999999832
183 17.514999999999876
184 3.7599999999998914
185 12.9249999999999
186 12.089999999999895
187 17.17000000000007
188 32.82499999999962
189 32.62999999999926
190 33.38499999999963
191 8.244999999999768
192 3.424999999999887
193 12.42999999999949
194 8.384999999999806
195 6.814999999999998
196 17.93000000000041
197 8.50499999999972
198 7.705000000000051
199 18.374999999999734
200 22.955000000000123
201 12.28999999999947
202 13.189999999999626
203 15.039999999999946
204 17.049999999999777
205 21.769999999999637
206 17.209999999999845
207 10.449999999999537
208 25.210000000000186
209 23.13500000000023
210 35.549999999999336
211 8.0150000000001
212 32.075000000000124
213 -1.519999999999912
214 34.54999999999983
215 -1.0199999999999207
216 21.160000000000238
217 23.480000000000167
218 -3.149999999999882
219 7.679999999999603
220 32.69999999999962
221 11.655000000000035
222 12.509999999999335
223 8.759999999999346
224 8.414999999999704
225 18.599999999999806
226 9.129999999999335
227 41.38499999999962
228 17.770000000000124
229 37.6749999999992
230 17.844999999999686
231 12.899999999999746
232 -1.019999999999922
233 12.414999999999674
234 5.590000000000038
235 7.345000000000122
236 27.935000000000116
237 3.3200000000000385
238 -1.4549999999999155
239 36.47999999999938
240 3.7650000000000006
241 8.614999999999508
242 33.24499999999994
243 22.4949999999999
244 13.444999999999702
245 2.0150000000001604
246 13.399999999999437
247 14.949999999999084
248 3.905000000000065
249 23.140000000000132
250 8.124999999999861
251 7.959999999999654
252 -2.1149999999999047
253 8.334999999999344
254 6.879999999999684
255 17.39999999999995
256 7.690000000000078
257 34.94499999999996
258 -2.374999999999894
259 22.22500000000001
260 -1.7799999999999094
261 13.59999999999945
262 8.639999999999368
263 8.764999999999624
264 28.290000000000216
265 3.389999999999918
266 -1.9799999999999027
267 -1.7899999999999099
268 17.890000000000033
269 12.399999999999775
270 16.659999999999847
271 12.539999999999841
272 -1.2199999999999152
273 3.9349999999998815
274 16.080000000000343
275 8.42500000000002
276 36.97999999999932
277 17.375000000000526
278 2.8800000000001518
279 13.300000000000164
280 13.679999999999762
281 4.200000000000124
282 12.619999999999973
283 7.259999999999759
284 21.970000000000017
285 3.874999999999904
286 8.26499999999941
287 21.995000000000292
288 3.3800000000000674
289 16.4849999999998
290 -1.819999999999912
291 16.559999999999764
292 21.994999999999962
293 12.764999999999896
294 3.324999999999866
295 -1.57499999999991
296 16.19500000000011
297 2.220000000000142
298 33.86499999999949
299 2.5400000000000125
300 1.8850000000000577
301 8.209999999999614
302 18.630000000000468
303 36.84499999999938
304 -1.7049999999999073
305 33.22499999999935
306 8.27999999999936
307 16.80500000000002
308 7.629999999999886
309 13.485000000000042
310 4.069999999999982
311 3.1250000000001448
312 8.335000000000061
313 22.644999999999367
314 8.609999999999829
315 11.354999999999698
316 3.715000000000064
317 -1.5049999999999129
318 11.619999999999902
319 -2.8199999999998853
320 -1.7149999999999068
321 3.255000000000101
322 -0.8699999999999186
323 12.72999999999963
324 17.555000000000426
325 -1.4749999999999157
326 12.11499999999935
327 7.3000000000001375
328 8.249999999999513
329 -1.0449999999999204
330 18.424999999999457
331 12.779999999999534
332 18.205000000000037
333 8.464999999999263
334 3.354999999999986
335 42.84499999999967
336 -1.524999999999911
337 7.869999999999785
338 -1.634999999999909
339 -1.3149999999999193
340 -1.0699999999999175
341 12.489999999999558
342 -1.849999999999907
343 43.49499999999981
344 21.675000000000445
345 12.789999999999889
346 8.369999999999251
347 23.28500000000002
348 -0.7099999999999189
349 -0.8649999999999197
350 41.98499999999915
351 7.7900000000001155
352 7.324999999999722
353 8.86499999999933
354 11.489999999999462
355 7.715000000000003
356 3.6250000000000933
357 2.259999999999944
358 36.47499999999971
359 -0.9049999999999191
360 12.34
361 13.135000000000023
362 8.579999999999925
363 10.489999999999679
364 18.345000000000052
365 -3.1649999999998832
366 -1.5599999999999128
367 3.820000000000012
368 18.804999999999435
369 18.510000000000375
370 14.024999999999888
371 12.789999999999774
372 13.369999999999775
373 13.09999999999996
374 -1.8649999999999063
375 -0.9049999999999195
376 12.129999999999798
377 2.764999999999933
378 8.614999999999991
379 8.70499999999938
380 22.84000000000012
381 11.134999999999287
382 -0.9199999999999191
383 13.269999999999627
384 48.62499999999833
385 -0.5649999999999195
386 13.15499999999979
387 3.520000000000091
388 7.619999999999899
389 16.1550000000001
390 3.295000000000143
391 4.194999999999824
392 17.815000000000058
393 3.6199999999998314
394 -1.0499999999999174
395 13.83999999999975
396 3.4000000000001265
397 18.179999999999918
398 3.80499999999998
399 3.839999999999841
400 -1.7649999999999062
401 3.6599999999998394
402 7.024999999999528
403 13.439999999999717
404 8.924999999999248
405 4.404999999999819
406 8.224999999999987
407 2.6100000000001
408 -1.1799999999999207
409 -1.304999999999915
410 15.469999999999292
411 8.959999999999798
412 13.875000000000052
413 13.62999999999948
414 8.74499999999926
415 26.310000000000198
416 -2.024999999999905
417 -0.989999999999919
418 1.7450000000000843
419 21.94999999999943
420 8.249999999999979
421 18.86000000000048
422 18.96499999999957
423 3.205000000000145
424 8.57999999999935
425 12.744999999999239
426 18.460000000000292
427 -1.2699999999999168
428 15.524999999999508
429 7.43000000000003
430 3.419999999999889
431 4.189999999999922
432 -1.2199999999999152
433 4.2099999999998365
434 8.884999999999465
435 -1.4999999999999083
436 23.27499999999971
437 13.79499999999954
438 3.6150000000000215
439 3.100000000000043
440 7.83000000000008
441 13.920000000000218
442 18.80499999999998
443 16.535000000000572
444 4.204999999999957
445 3.8399999999999084
446 -0.8149999999999203
447 4.085000000000126
448 8.409999999999673
449 -2.4799999999998916
450 3.829999999999968
451 3.6350000000001303
452 7.86999999999984
453 18.129999999999594
454 13.25999999999979
455 21.9200000000001
456 7.189999999999714
457 -1.5349999999999144
458 7.824999999999939
459 17.374999999999297
460 -1.4049999999999132
461 -0.4199999999999176
462 8.594999999999638
463 3.820000000000076
464 17.9349999999997
465 7.17499999999975
466 -0.9049999999999178
467 -1.8949999999999023
468 27.369999999999845
469 2.8100000000001533
470 8.91499999999997
471 17.5949999999996
472 8.579999999999403
473 23.745000000000324
474 13.269999999999575
475 14.175000000000091
476 17.560000000000677
477 3.0650000000001336
478 23.81000000000071
479 17.709999999999873
480 23.559999999999913
481 -1.6549999999999092
482 -1.079999999999917
483 7.8449999999992635
484 3.899999999999962
485 -0.9349999999999176
486 8.255000000000045
487 9.124999999999213
488 12.784999999999922
489 3.8950000000001017
490 17.840000000000018
491 -0.8049999999999197
492 7.089999999999693
493 13.26000000000007
494 2.6150000000001006
495 7.249999999999722
496 8.74499999999938
497 3.8749999999999343
498 4.1599999999999975
499 23.72499999999966
500 3.8550000000001132
501 7.704999999999917
502 17.725000000000506
503 9.099999999999827
504 3.970000000000102
505 -1.1199999999999168
506 -0.7599999999999179
507 -0.6099999999999188
508 3.1700000000001456
509 13.554999999999719
510 4.354999999999839
511 -0.8699999999999191
512 -1.229999999999916
513 8.854999999999597
514 3.754999999999985
515 18.74000000000057
516 -1.2449999999999164
517 13.604999999999329
518 -0.8649999999999194
519 8.154999999999324
520 3.9549999999998686
521 -0.9499999999999196
522 12.674999999999327
523 18.754999999999896
524 -0.8099999999999186
525 13.314999999999381
526 12.439999999999682
527 14.01000000000008
528 7.024999999999482
529 8.200000000000061
530 -1.8999999999999035
531 13.740000000000068
532 4.124999999999915
533 2.2750000000001576
534 7.879999999999835
535 -1.5399999999999072
536 8.859999999999525
537 2.6500000000000243
538 8.769999999999248
539 8.794999999999263
540 -0.9549999999999214
541 8.884999999999655
542 23.760000000000517
543 4.004999999999917
544 7.19499999999924
545 8.844999999999798
546 3.7000000000001343
547 -2.5949999999998923
548 8.124999999999247
549 8.394999999999476
550 -1.634999999999906
551 8.729999999999862
552 8.289999999999706
553 13.32999999999954
554 -0.6399999999999175
555 3.6149999999999185
556 -0.9599999999999185
557 8.544999999999982
558 -0.8299999999999188
559 13.714999999999597
560 7.989999999999568
561 -1.1449999999999174
562 -0.8749999999999202
563 3.730000000000082
564 24.115000000000446
565 13.204999999999716
566 22.335000000000164
567 8.349999999999905
568 4.045000000000005
569 -0.9899999999999196
570 -0.9899999999999196
571 -0.98499999999992
572 -1.049999999999917
573 -2.1449999999999037
574 -1.41499999999991
575 7.684999999999517
576 -0.8849999999999184
577 4.049999999999852
578 3.989999999999916
579 -0.904999999999918
580 -0.7849999999999174
581 -0.5549999999999181
582 -0.7249999999999169
583 11.284999999999378
584 12.99499999999977
585 9.024999999999304
586 13.254999999999422
587 -0.7449999999999178
588 -0.7899999999999179
589 -0.6549999999999182
590 -0.8349999999999175
591 -2.249999999999897
592 3.554999999999934
593 2.0549999999998416
594 13.800000000000004
595 9.149999999999249
596 13.489999999999863
597 -0.7749999999999181
598 4.454999999999874
599 3.5650000000000865
600 22.01999999999972
601 3.5100000000001135
602 13.535000000000059
603 -0.6849999999999176
604 -0.8549999999999186
605 -2.0699999999999013
606 -0.9099999999999189
607 3.5500000000001286
608 -1.4199999999999122
609 -0.7049999999999169
610 -0.9749999999999198
611 18.14500000000059
612 8.339999999999579
613 3.739999999999891
614 17.999999999999737
615 -0.8599999999999177
616 -1.7999999999999028
617 -1.354999999999912
618 -1.68999999999991
619 3.1900000000001123
620 -1.5349999999999082
621 4.009999999999844
622 3.209999999999856
623 -1.9199999999998998
624 13.854999999999858
625 3.839999999999846
626 -0.759999999999919
627 4.1199999999999735
628 12.319999999999686
629 -1.5449999999999096
630 -0.6949999999999176
631 6.314999999999305
632 14.1100000000002
633 -2.1249999999998996
634 17.635000000000165
635 3.4000000000001407
636 13.739999999999585
637 4.314999999999808
638 -2.2649999999998953
639 2.2949999999999307
640 8.624999999999597
641 3.314999999999884
642 2.7699999999998672
643 9.094999999999258
644 9.104999999999366
645 -2.0099999999998994
646 4.180000000000049
647 9.224999999999245
648 4.02499999999981
649 -2.7199999999998905
650 8.619999999999234
651 -0.8499999999999179
652 3.45499999999989
653 -0.7949999999999188
654 7.5049999999993595
655 9.33499999999927
656 -0.6599999999999182
657 -1.499999999999908
658 4.009999999999869
659 4.450000000000118
660 9.274999999999656
661 3.595000000000063
662 8.459999999999722
663 14.010000000000177
664 8.944999999999405
665 4.06999999999985
666 -1.25999999999992
667 3.755000000000133
668 3.179999999999912
669 9.464999999999193
670 -0.7849999999999181
671 13.159999999999973
672 18.505000000000827
673 -1.8249999999999087
674 -0.3499999999999169
675 -0.7399999999999181
676 3.7150000000001224
677 7.199999999999403
678 13.799999999999711
679 3.9700000000001205
680 8.939999999999939
681 8.129999999999283
682 8.139999999999732
683 -1.1149999999999196
684 13.374999999999433
685 -0.6549999999999191
686 -1.009999999999918
687 -1.0249999999999169
688 4.0300000000000145
689 -1.294999999999912
690 12.514999999999567
691 -1.0949999999999163
692 -0.8449999999999193
693 22.8450000000004
694 4.324999999999866
695 3.4399999999998867
696 -0.679999999999918
697 3.954999999999858
698 2.5949999999999065
699 9.274999999999205
700 13.439999999999266
701 -1.2499999999999136
702 22.00000000000043
703 -0.8699999999999171
704 8.854999999999396
705 7.639999999999993
706 2.8550000000001488
707 -0.984999999999918
708 -0.6699999999999176
709 9.164999999999404
710 8.824999999999624
711 18.12000000000039
712 2.105000000000109
713 -1.259999999999912
714 -1.6099999999999077
715 9.024999999999425
716 -0.6449999999999166
717 3.7700000000001124
718 -1.2899999999999134
719 14.165000000000214
720 -1.144999999999916
721 8.88499999999964
722 13.8799999999996
723 3.705000000000134
724 -2.0649999999999022
725 -0.6149999999999193
726 8.79999999999968
727 -0.7149999999999185
728 8.394999999999134
729 8.695000000000027
730 -1.5399999999999097
731 14.100000000000204
732 -1.1899999999999178
733 -0.714999999999918
734 3.915000000000128
735 3.824999999999889
736 -1.884999999999901
737 8.259999999999916
738 3.959999999999943
739 3.854999999999894
740 3.8400000000000984
741 -0.6749999999999173
742 -1.184999999999915
743 8.560000000000043
744 -0.874999999999918
745 8.424999999999903
746 -1.0399999999999174
747 6.565000000000096
748 -2.729999999999886
749 13.845000000000134
750 3.5000000000000044
751 -1.2449999999999144
752 -0.9799999999999208
753 -0.8249999999999188
754 17.920000000000115
755 -0.6799999999999187
756 4.3349999999998285
757 -1.1599999999999155
758 -1.084999999999916
759 2.0350000000001134
760 -0.5599999999999192
761 9.30499999999919
762 4.3550000000000715
763 1.2900000000001266
764 4.134999999999849
765 4.039999999999938
766 -0.7299999999999172
767 4.264999999999798
768 -0.7949999999999181
769 2.85000000000014
770 2.7299999999999605
771 8.309999999999908
772 8.399999999999574
773 19.154999999999397
774 -0.6399999999999177
775 -1.7449999999999055
776 3.934999999999871
777 -1.5499999999999117
778 -1.9799999999998978
779 8.684999999999437
780 8.56499999999964
781 4.619999999999826
782 -1.0049999999999164
783 -0.6799999999999178
784 8.929999999999342
785 8.804999999999394
786 7.765000000000044
787 -0.7999999999999188
788 8.50499999999949
789 3.67000000000004
790 -0.714999999999918
791 -1.2299999999999152
792 -0.6199999999999193
793 3.5050000000000097
794 3.9050000000000704
795 -0.7099999999999169
796 8.624999999999249
797 -0.8199999999999175
798 -1.5449999999999073
799 12.59999999999977
800 -0.714999999999917
801 4.115000000000029
802 8.664999999999223
803 8.924999999999208
804 8.99499999999934
805 3.4500000000001396
806 -1.2549999999999126
807 -0.5349999999999188
808 -0.6249999999999175
809 -1.2949999999999147
810 8.774999999999158
811 3.985000000000128
812 2.9450000000000323
813 -0.9649999999999174
814 -1.1399999999999202
815 -1.4649999999999108
816 -0.8349999999999177
817 4.45999999999979
818 13.325
819 -0.7699999999999179
820 -0.6949999999999174
821 17.42999999999962
822 13.724999999999815
823 13.839999999999693
824 -1.534999999999909
825 -0.8349999999999177
826 8.979999999999613
827 -0.6099999999999175
828 12.589999999999156
829 -1.1049999999999147
830 4.155000000000125
831 -1.409999999999911
832 -0.5799999999999161
833 4.110000000000084
834 8.55999999999951
835 12.874999999999575
836 17.69999999999985
837 23.949999999999648
838 -0.9149999999999171
839 4.254999999999805
840 13.939999999999792
841 7.524999999999423
842 13.259999999999666
843 3.7950000000001323
844 2.3249999999999087
845 -0.7099999999999174
846 3.525000000000122
847 4.024999999999947
848 4.244999999999797
849 8.02999999999906
850 8.64499999999949
851 12.935000000000068
852 3.5450000000000887
853 3.260000000000116
854 -0.759999999999917
855 3.844999999999825
856 9.21999999999922
857 3.610000000000027
858 -0.7499999999999183
859 13.609999999999848
860 8.809999999999329
861 12.439999999999875
862 -1.5599999999999163
863 11.83499999999991
864 -1.1649999999999168
865 7.1749999999999154
866 -2.7549999999998955
867 -1.0899999999999184
868 4.060000000000127
869 -1.439999999999911
870 3.9400000000001247
871 -0.8599999999999193
872 4.214999999999918
873 8.454999999999899
874 -0.774999999999917
875 9.184999999999404
876 -0.6349999999999166
877 18.875000000000288
878 -0.5599999999999168
879 -1.644999999999909
880 9.214999999999193
881 -0.599999999999917
882 23.919999999999966
883 -1.1049999999999183
884 -1.3099999999999112
885 2.7500000000001155
886 4.269999999999855
887 3.975000000000102
888 3.5100000000001383
889 -1.624999999999906
890 -0.3999999999999185
891 -0.5999999999999163
892 -1.0799999999999155
893 -0.8399999999999181
894 -1.6899999999999038
895 8.839999999999122
896 8.534999999999735
897 9.104999999999876
898 3.8050000000000885
899 7.049999999999858
900 -0.6399999999999173
901 2.109999999999885
902 -0.5399999999999165
903 -0.5949999999999173
904 -0.25999999999991724
905 8.569999999999295
906 13.389999999999478
907 4.089999999999827
908 8.919999999999266
909 -0.654999999999918
910 -0.7699999999999181
911 -0.6399999999999177
912 -0.9049999999999198
913 22.6649999999996
914 7.904999999999983
915 -1.074999999999916
916 2.855000000000084
917 4.384999999999792
918 -0.8349999999999181
919 -0.5499999999999166
920 -2.8149999999998916
921 -1.0749999999999196
922 9.194999999999245
923 -0.814999999999919
924 8.679999999999641
925 13.204999999999492
926 -0.7199999999999169
927 -0.6749999999999171
928 23.564999999999884
929 -1.1199999999999164
930 3.89500000000013
931 -1.6749999999999037
932 3.670000000000094
933 24.035000000000203
934 17.480000000000107
935 4.424999999999843
936 -1.5699999999999128
937 4.020000000000094
938 -1.2599999999999119
939 -1.0999999999999155
940 -0.6099999999999162
941 2.630000000000157
942 8.384999999999229
943 16.959999999999496
944 4.3149999999999284
945 7.759999999999132
946 -1.339999999999916
947 12.53499999999903
948 3.7700000000001275
949 -1.4899999999999076
950 -0.7399999999999181
951 3.680000000000108
952 -1.0499999999999166
953 -0.694999999999918
954 4.349999999999791
955 18.900000000000077
956 -1.9099999999999009
957 -0.6999999999999169
958 -0.6899999999999169
959 13.104999999999428
960 4.129999999999966
961 4.089999999999843
962 4.319999999999799
963 9.18999999999986
964 4.369999999999796
965 3.264999999999942
966 32.71499999999778
967 3.450000000000136
968 -0.204999999999917
969 -1.3299999999999097
970 -0.7049999999999174
971 7.879999999999721
972 4.23499999999984
973 24.270000000000874
974 8.929999999999353
975 -0.44499999999991696
976 4.095000000000126
977 -0.789999999999919
978 4.309999999999806
979 22.92500000000033
980 18.49499999999979
981 -1.6049999999999078
982 4.2949999999997885
983 9.024999999999316
984 3.4300000000001285
985 -1.2349999999999128
986 9.14499999999925
987 -0.8499999999999173
988 13.544999999999416
989 4.000000000000103
990 -1.2999999999999143
991 13.084999999999742
992 4.754999999999786
993 4.079999999999855
994 8.669999999999273
995 13.599999999999978
996 -1.679999999999906
997 -1.1999999999999136
998 9.354999999999368
999 19.395000000000962
1000 -1.1149999999999167
1001 -0.6999999999999176
1002 -0.7199999999999172
1003 -0.8199999999999179
1004 3.9100000000001263
1005 -0.34999999999991666
1006 12.479999999999658
1007 4.3299999999997825
1008 -1.219999999999916
1009 8.979999999999256
1010 -0.679999999999918
1011 4.249999999999816
1012 8.934999999999194
1013 9.0249999999992
1014 -0.43499999999991695
1015 8.909999999999325
1016 -0.5949999999999168
1017 -0.93499999999992
1018 12.379999999999592
1019 3.744999999999866
1020 -0.8099999999999192
1021 -0.764999999999917
1022 -1.1699999999999153
1023 13.3249999999994
1024 3.939999999999798
1025 -0.9099999999999182
1026 -1.3049999999999133
1027 14.660000000000426
1028 -1.4999999999999076
1029 -0.21999999999991635
1030 13.954999999999462
1031 4.28999999999992
1032 8.839999999999828
1033 3.8199999999998147
1034 -0.11499999999991603
1035 38.31999999999847
1036 -1.0599999999999181
1037 2.935000000000117
1038 9.13499999999966
1039 -0.6999999999999171
1040 12.744999999999342
1041 4.180000000000056
1042 -1.2699999999999145
1043 4.495000000000117
1044 -1.1349999999999143
1045 -0.34499999999991665
1046 3.634999999999824
1047 3.390000000000109
1048 3.9300000000001223
1049 7.9899999999995694
1050 -0.6299999999999175
1051 4.115000000000015
1052 4.019999999999819
1053 -0.6499999999999173
1054 -0.8649999999999171
1055 7.904999999999982
1056 3.870000000000105
1057 -1.0049999999999182
1058 4.400000000000107
1059 -0.9149999999999182
1060 -0.8849999999999169
1061 17.99499999999997
1062 -0.6149999999999206
1063 13.614999999999913
1064 9.154999999999395
1065 -0.8299999999999177
1066 -1.489999999999907
1067 4.0650000000000155
1068 3.7899999999999343
1069 4.294999999999931
1070 9.314999999999538
1071 18.310000000000432
1072 -1.2099999999999131
1073 -0.9099999999999184
1074 -2.9599999999998783
1075 18.465000000000735
1076 -0.7799999999999172
1077 28.50000000000046
1078 -0.7949999999999179
1079 3.9449999999999203
1080 4.0900000000001215
1081 -0.5499999999999164
1082 4.374999999999854
1083 13.70499999999976
1084 3.3299999999999494
1085 18.574999999999733
1086 3.8299999999999015
1087 -0.7149999999999174
1088 3.3149999999998645
1089 13.799999999999814
1090 -0.7149999999999178
1091 -0.6949999999999169
1092 -1.6799999999999042
1093 9.349999999999346
1094 -1.1099999999999155
1095 8.804999999999175
1096 8.374999999999579
1097 -1.944999999999901
1098 4.289999999999869
1099 9.149999999999189
1100 -2.0249999999998978
1101 -0.5699999999999164
1102 3.349999999999823
1103 -1.0299999999999165
1104 -0.8699999999999184
1105 4.674999999999869
1106 4.439999999999812
1107 8.80499999999927
1108 -0.8899999999999189
1109 -0.5899999999999164
1110 13.73500000000002
1111 13.3149999999999
1112 8.529999999999916
1113 -1.0999999999999155
1114 -0.8149999999999186
1115 -0.14499999999991717
1116 -1.669999999999913
1117 3.6049999999999134
1118 2.924999999999973
1119 -0.8249999999999184
1120 3.4600000000001394
1121 13.729999999999734
1122 -0.7149999999999167
1123 -1.024999999999919
1124 -0.9099999999999191
1125 -0.5749999999999166
1126 3.635000000000125
1127 4.474999999999778
1128 13.519999999999587
1129 3.4950000000001387
1130 -0.879999999999918
1131 -0.6699999999999167
1132 -0.804999999999917
1133 13.04499999999949
1134 -0.9399999999999173
1135 13.204999999999492
1136 3.9550000000001235
1137 -1.4749999999999108
1138 3.8349999999999174
1139 -0.6899999999999191
1140 -0.844999999999919
1141 -0.30999999999991706
1142 -0.7249999999999172
1143 24.120000000000456
1144 4.0200000000001115
1145 -1.4499999999999083
1146 4.215000000000091
1147 8.084999999999663
1148 -0.9149999999999195
1149 8.829999999999746
1150 4.075000000000028
1151 -0.5349999999999183
1152 -1.1749999999999148
1153 -0.88499999999992
1154 3.070000000000097
1155 4.165000000000122
1156 -0.5549999999999174
1157 23.780000000000424
1158 13.654999999999495
1159 -0.7299999999999172
1160 3.84499999999988
1161 -0.9499999999999169
1162 4.424999999999777
1163 3.820000000000129
1164 -0.8699999999999168
1165 -1.0649999999999167
1166 -0.9049999999999175
1167 14.470000000000391
1168 4.005000000000124
1169 -1.834999999999902
1170 -1.324999999999915
1171 -0.5699999999999164
1172 14.049999999999777
1173 -0.8099999999999175
1174 4.35499999999983
1175 -0.6899999999999165
1176 9.494999999999326
1177 -0.7049999999999207
1178 4.429999999999779
1179 -0.9099999999999173
1180 3.5949999999999287
1181 -0.43499999999991695
1182 9.229999999999256
1183 4.015000000000128
1184 -1.4599999999999118
1185 3.575000000000137
1186 -3.2049999999998784
1187 8.999999999999318
1188 -1.0149999999999166
1189 4.2349999999998005
1190 -0.6199999999999164
1191 4.719999999999929
1192 -1.224999999999921
1193 -0.9699999999999165
1194 -0.7049999999999171
1195 2.955000000000136
1196 -1.0349999999999184
1197 -0.37999999999991735
1198 9.20499999999932
1199 17.379999999999935
1200 -0.9849999999999174
1201 8.224999999999682
1202 -1.0199999999999207
1203 4.065000000000102
1204 -1.1549999999999152
1205 19.140000000000864
1206 4.075000000000122
1207 3.6850000000000875
1208 -1.3099999999999123
1209 -1.3449999999999127
1210 -0.9949999999999165
1211 -0.8449999999999185
1212 -1.2149999999999148
1213 -0.6199999999999168
1214 13.899999999999446
1215 3.8700000000000934
1216 -0.5399999999999163
1217 18.325000000000163
1218 -0.5349999999999163
1219 4.379999999999812
1220 9.234999999999216
1221 -1.2849999999999149
1222 -0.7699999999999179
1223 4.319999999999856
1224 6.8250000000001165
1225 -0.6149999999999171
1226 8.81499999999936
1227 -0.579999999999917
1228 3.360000000000116
1229 -0.729999999999918
1230 -1.399999999999918
1231 -0.6399999999999177
1232 8.754999999999622
1233 16.790000000000123
1234 4.729999999999806
1235 12.089999999999794
1236 4.044999999999881
1237 3.839999999999951
1238 -0.6349999999999171
1239 8.82499999999968
1240 -0.8449999999999175
1241 -1.0749999999999156
1242 -0.7899999999999177
1243 3.819999999999843
1244 3.1750000000001446
1245 4.099999999999977
1246 12.674999999999686
1247 -0.5799999999999166
1248 3.7750000000001327
1249 -0.6599999999999175
1250 8.469999999999361
1251 9.61499999999943
1252 -0.9899999999999167
1253 4.400000000000119
1254 -1.1749999999999172
1255 19.005000000000525
1256 3.5350000000001334
1257 -1.6149999999999105
1258 -0.93999999999992
1259 14.195000000000244
1260 3.919999999999807
1261 3.990000000000075
1262 9.16999999999925
1263 3.719999999999822
1264 -0.2449999999999168
1265 -0.6049999999999162
1266 -1.6849999999999044
1267 -1.2349999999999135
1268 -0.6299999999999181
1269 -0.5499999999999159
1270 -0.9799999999999187
1271 -1.3999999999999095
1272 -0.8249999999999172
1273 4.399999999999815
1274 -1.2049999999999148
1275 -0.9849999999999185
1276 -0.8499999999999184
1277 -0.489999999999917
1278 -1.2449999999999144
1279 -0.5899999999999161
1280 4.419999999999805
1281 -0.41999999999991716
1282 2.270000000000113
1283 -0.6949999999999165
1284 4.279999999999808
1285 4.014999999999896
1286 8.784999999999144
1287 4.609999999999782
1288 13.474999999999476
1289 -0.5499999999999168
1290 -1.8449999999999065
1291 -0.9149999999999189
1292 3.860000000000131
1293 8.3549999999993
1294 2.440000000000113
1295 3.1150000000001468
1296 -0.8249999999999181
1297 -0.9549999999999165
1298 8.735000000000065
1299 3.1849999999998904
1300 3.914999999999809
1301 -1.4249999999999086
1302 4.339999999999788
1303 4.414999999999793
1304 9.784999999999224
1305 -1.0149999999999169
1306 9.454999999999318
1307 3.4350000000001355
1308 13.379999999999304
1309 -1.2499999999999134
1310 4.074999999999953
1311 3.864999999999819
1312 -1.0049999999999182
1313 3.0000000000001465
1314 -1.0099999999999163
1315 4.179999999999995
1316 3.4800000000001345
1317 4.174999999999827
1318 -0.6599999999999164
1319 -1.5249999999999067
1320 4.359999999999846
1321 11.15999999999954
1322 22.880000000000667
1323 3.7899999999998313
1324 -0.5949999999999166
1325 -1.9849999999998997
1326 -1.3399999999999124
1327 3.5299999999999185
1328 -0.3449999999999169
1329 3.1300000000001447
1330 24.104999999999986
1331 -1.229999999999914
1332 -0.5499999999999168
1333 3.7499999999998357
1334 17.82000000000009
1335 4.109999999999842
1336 -0.5749999999999192
1337 4.384999999999808
1338 4.234999999999847
1339 -0.919999999999918
1340 -1.1299999999999149
1341 9.03999999999923
1342 -0.5049999999999165
1343 3.765000000000133
1344 -1.0099999999999185
1345 4.39999999999979
1346 4.28499999999983
1347 4.439999999999791
1348 -0.9599999999999171
1349 3.1200000000001262
1350 13.444999999999283
1351 -0.8649999999999175
1352 -1.2749999999999122
1353 4.050000000000123
1354 13.364999999999489
1355 8.869999999999274
1356 -0.5899999999999168
1357 -1.0749999999999216
1358 -0.7649999999999181
1359 -0.5749999999999166
1360 -0.5049999999999172
1361 8.88499999999974
1362 -1.254999999999914
1363 -0.5399999999999172
1364 4.230000000000123
1365 4.35500000000012
1366 -0.6299999999999166
1367 -1.4949999999999122
1368 9.114999999999384
1369 8.269999999999238
1370 14.084999999999518
1371 -1.2799999999999119
1372 -1.044999999999916
1373 -0.5599999999999168
1374 18.134999999999806
1375 -0.5649999999999172
1376 -0.7499999999999178
1377 3.879999999999934
1378 -1.2649999999999155
1379 8.129999999999633
1380 9.289999999999171
1381 19.145000000000454
1382 3.65500000000012
1383 4.019999999999782
1384 -0.6749999999999178
1385 14.190000000000339
1386 -1.6199999999999115
1387 -0.8199999999999181
1388 9.319999999999217
1389 -1.4349999999999115
1390 4.319999999999793
1391 14.059999999999977
1392 3.904999999999813
1393 4.784999999999771
1394 -0.5899999999999166
1395 7.459999999999503
1396 3.7000000000001343
1397 4.179999999999816
1398 -0.7499999999999178
1399 -0.649999999999918
1400 -0.6849999999999178
1401 -0.8149999999999181
1402 4.374999999999808
1403 -0.7449999999999167
1404 -0.9599999999999169
1405 -0.5699999999999168
1406 -1.059999999999916
1407 4.514999999999805
1408 -1.359999999999909
1409 -0.5549999999999159
1410 3.0500000000001304
1411 -1.1599999999999147
1412 -1.3449999999999143
1413 18.68499999999999
1414 4.204999999999918
1415 14.25500000000022
1416 -0.6399999999999171
1417 -0.9599999999999169
1418 4.185000000000124
1419 9.424999999999326
1420 -1.089999999999915
1421 3.825000000000127
1422 3.0950000000001285
1423 -1.3399999999999095
1424 12.959999999999535
1425 4.185000000000096
1426 -0.669999999999918
1427 8.444999999999082
1428 -0.5599999999999159
1429 -0.6149999999999168
1430 -0.6449999999999169
1431 -0.7449999999999174
1432 -0.5799999999999164
1433 -0.8249999999999177
1434 4.349999999999812
1435 -0.5749999999999166
1436 -1.3299999999999095
1437 -0.8649999999999184
1438 -0.9249999999999171
1439 -0.5699999999999164
1440 -0.6799999999999162
1441 -0.514999999999917
1442 -1.1299999999999149
1443 9.000000000000073
1444 3.6100000000001318
1445 -1.1899999999999127
1446 4.389999999999845
1447 4.3599999999997925
1448 18.340000000000032
1449 -0.589999999999917
1450 -0.534999999999917
1451 -0.8049999999999177
1452 13.669999999999428
1453 -0.37499999999991757
1454 9.17999999999916
1455 4.265000000000122
1456 -1.1149999999999194
1457 -1.5899999999999055
1458 3.9999999999998836
1459 -1.5799999999999097
1460 3.6849999999998992
1461 4.055000000000121
1462 -0.18999999999991565
1463 4.7749999999998956
1464 -0.5849999999999161
1465 -0.6399999999999195
1466 13.844999999999477
1467 -0.7999999999999166
1468 -0.6149999999999166
1469 -0.6149999999999171
1470 14.23500000000007
1471 7.864999999999988
1472 3.9350000000001017
1473 3.955000000000129
1474 -0.6999999999999194
1475 3.254999999999855
1476 -0.6499999999999166
1477 -0.7299999999999165
1478 4.209999999999979
1479 4.424999999999775
1480 3.3200000000000047
1481 -0.029999999999916004
1482 9.449999999999166
1483 4.414999999999788
1484 -1.1049999999999152
1485 4.2149999999998204
1486 -0.4899999999999161
1487 4.359999999999849
1488 3.8650000000000864
1489 4.4200000000000665
1490 -0.5199999999999168
1491 3.720000000000134
1492 9.294999999999208
1493 -0.6899999999999169
1494 7.754999999999486
1495 -0.5999999999999159
1496 3.4150000000000027
1497 -0.5599999999999163
1498 4.224999999999804
1499 9.44499999999925
1500 3.9900000000001254
1501 23.514999999999965
1502 9.194999999999283
1503 -1.264999999999912
1504 4.259999999999782
1505 -1.4499999999999096
1506 -1.1999999999999131
1507 -0.9349999999999173
1508 -0.08999999999991579
1509 -1.5649999999999054
1510 8.794999999999154
1511 4.330000000000006
1512 3.5349999999998527
1513 3.780000000000131
1514 4.324999999999873
1515 -1.3999999999999098
1516 -0.7549999999999167
1517 -0.6599999999999162
1518 8.654999999999422
1519 -1.034999999999916
1520 -0.8849999999999186
1521 4.310000000000003
1522 3.8650000000001024
1523 -0.9699999999999214
1524 -0.7549999999999172
1525 9.404999999999161
1526 -0.7949999999999181
1527 4.329999999999985
1528 -0.9949999999999165
1529 4.165000000000124
1530 -1.0949999999999152
1531 -0.5399999999999163
1532 -0.7999999999999172
1533 4.0200000000001275
1534 4.52999999999989
1535 12.084999999999745
1536 -0.519999999999917
1537 -0.22499999999991657
1538 3.450000000000097
1539 4.359999999999897
1540 -0.5599999999999161
1541 -0.8049999999999181
1542 -0.5649999999999163
1543 -0.09999999999991624
1544 9.059999999999295
1545 4.819999999999765
1546 14.219999999999601
1547 8.744999999999514
1548 -0.6099999999999164
1549 -1.1399999999999162
1550 -0.7499999999999167
1551 8.609999999999502
1552 -1.5549999999999076
1553 4.389999999999799
1554 -0.11499999999991559
1555 18.22500000000085
1556 -0.7049999999999174
1557 -0.5499999999999159
1558 -1.0149999999999169
1559 3.509999999999791
1560 -0.7049999999999162
1561 19.240000000000148
1562 3.934999999999885
1563 -0.604999999999917
1564 4.209999999999789
1565 -0.039999999999915554
1566 -0.3699999999999169
1567 3.8499999999999313
1568 14.289999999999626
1569 -1.164999999999915
1570 -1.039999999999918
1571 4.0849999999997895
1572 -1.444999999999908
1573 8.329999999999776
1574 -0.5899999999999159
1575 9.349999999999234
1576 -0.5349999999999168
1577 -0.9399999999999211
1578 14.66500000000023
1579 8.804999999999445
1580 -0.41499999999991716
1581 4.429999999999798
1582 -0.2999999999999172
1583 14.620000000000445
1584 -0.8499999999999175
1585 3.6199999999998154
1586 19.300000000000917
1587 -0.42999999999991606
1588 9.834999999999246
1589 -1.5299999999999125
1590 -0.5799999999999172
1591 4.544999999999911
1592 8.364999999999867
1593 13.274999999999688
1594 -0.7999999999999179
1595 4.300000000000121
1596 4.409999999999838
1597 3.280000000000113
1598 3.5200000000001292
1599 8.679999999999884
1600 -0.6599999999999175
1601 4.199999999999867
1602 3.005000000000149
1603 9.014999999999372
1604 4.159999999999948
1605 8.779999999999223
1606 -0.5599999999999168
1607 -0.19999999999991566
1608 -1.0099999999999185
1609 -0.6649999999999169
1610 9.039999999999237
1611 -0.7899999999999165
1612 14.27499999999993
1613 4.289999999999943
1614 -0.7049999999999165
1615 4.274999999999817
1616 4.379999999999796
1617 -1.0499999999999154
1618 -0.5549999999999163
1619 4.579999999999905
1620 18.920000000000734
1621 -0.7299999999999169
1622 -0.6399999999999164
1623 -0.8499999999999182
1624 4.009999999999985
1625 -0.7249999999999165
1626 -1.6799999999999045
1627 3.9550000000000196
1628 -0.7049999999999187
1629 -0.8299999999999172
1630 4.204999999999794
1631 -1.0449999999999189
1632 -0.5249999999999163
1633 9.049999999999475
1634 -0.7449999999999181
1635 -0.7999999999999174
1636 8.300000000000088
1637 -0.4699999999999161
1638 4.609999999999947
1639 -0.7849999999999172
1640 -1.4099999999999127
1641 -1.2099999999999143
1642 -0.06999999999991643
1643 4.260000000000122
1644 4.904999999999761
1645 24.045000000000567
1646 -1.1949999999999144
1647 -0.5349999999999161
1648 13.879999999999326
1649 -0.7949999999999179
1650 8.949999999999536
1651 4.080000000000126
1652 -1.589999999999905
1653 -0.5649999999999161
1654 -0.709999999999918
1655 -1.1899999999999142
1656 -0.9299999999999173
1657 -0.5249999999999161
1658 3.849999999999822
1659 3.8550000000000875
1660 -0.5749999999999164
1661 4.899999999999774
1662 3.95000000000012
1663 -0.5149999999999161
1664 4.034999999999995
1665 4.2699999999998175
1666 -1.0299999999999179
1667 -0.8149999999999188
1668 4.225000000000062
1669 13.929999999999275
1670 -0.5499999999999159
1671 4.065000000000003
1672 -0.609999999999917
1673 -0.7549999999999174
1674 14.099999999999556
1675 -0.16999999999991605
1676 4.789999999999792
1677 -0.5949999999999159
1678 4.834999999999788
1679 4.004999999999839
1680 -0.7399999999999176
1681 8.32499999999963
1682 3.2249999999999464
1683 4.329999999999791
1684 13.889999999999926
1685 4.0450000000000195
1686 14.135000000000199
1687 -0.6449999999999169
1688 -0.5199999999999165
1689 3.7300000000000777
1690 3.8750000000001252
1691 9.164999999999559
1692 4.289999999999806
1693 8.78999999999919
1694 8.494999999999735
1695 4.140000000000125
1696 -0.6349999999999164
1697 -1.1599999999999144
1698 4.189999999999956
1699 3.879999999999824
1700 -1.319999999999914
1701 4.0399999999997975
1702 -0.5399999999999161
1703 -0.48499999999991655
1704 4.224999999999934
1705 -0.8249999999999181
1706 -0.5799999999999166
1707 23.42500000000045
1708 -1.294999999999912
1709 9.17999999999956
1710 -0.5949999999999168
1711 -0.5999999999999159
1712 -0.6149999999999171
1713 -0.6599999999999162
1714 8.414999999999077
1715 -0.06999999999991555
1716 -1.1149999999999145
1717 14.059999999999672
1718 -1.439999999999916
1719 4.264999999999922
1720 -0.6599999999999162
1721 13.634999999999945
1722 4.249999999999976
1723 -0.5299999999999161
1724 4.764999999999823
1725 9.004999999999772
1726 -0.8599999999999167
1727 3.909999999999994
1728 -0.9499999999999174
1729 -0.5499999999999161
1730 4.344999999999864
1731 -0.5599999999999175
1732 3.4699999999999367
1733 -0.6749999999999169
1734 8.749999999999844
1735 -0.5249999999999168
1736 3.630000000000085
1737 -0.7599999999999196
1738 -0.7499999999999167
1739 3.775000000000121
1740 4.65000000000008
1741 -0.6799999999999178
1742 4.464999999999794
1743 3.575000000000137
1744 4.070000000000067
1745 4.1600000000001245
1746 -0.6299999999999168
1747 -1.2749999999999173
1748 -0.6699999999999171
1749 9.309999999999231
1750 4.7749999999997765
1751 4.8199999999998395
1752 9.154999999999717
1753 -0.5399999999999201
1754 -0.6099999999999168
1755 3.985000000000122
1756 4.484999999999777
1757 -0.6149999999999164
1758 8.934999999999118
1759 -0.19499999999991588
1760 4.239999999999804
1761 3.5499999999999394
1762 -0.5349999999999159
1763 -0.7649999999999176
1764 -0.5599999999999163
1765 -0.6349999999999164
1766 4.949999999999766
1767 3.610000000000136
1768 -0.8749999999999191
1769 -0.7349999999999174
1770 -0.5649999999999163
1771 3.829999999999864
1772 -1.2449999999999133
1773 9.174999999999802
1774 -0.11999999999991581
1775 3.9400000000001283
1776 -1.0799999999999153
1777 13.59499999999962
1778 13.624999999999408
1779 22.725000000000588
1780 -0.6799999999999169
1781 4.159999999999996
1782 -0.6199999999999166
1783 -0.5599999999999177
1784 -0.6149999999999166
1785 8.9149999999994
1786 -1.2399999999999145
1787 -1.5999999999999057
1788 4.504999999999772
1789 -0.7399999999999176
1790 4.690000000000074
1791 -0.6399999999999162
1792 -0.6399999999999169
1793 -0.18999999999991632
1794 8.820000000000006
1795 -1.044999999999916
1796 -1.0199999999999168
1797 -0.7299999999999176
1798 3.8300000000001315
1799 8.814999999999847
1800 4.090000000000126
1801 -0.6949999999999174
1802 14.100000000000026
1803 -0.08499999999991578
1804 -1.3549999999999114
1805 -0.5049999999999163
1806 -0.6299999999999168
1807 -0.8999999999999182
1808 -0.8399999999999186
1809 -0.5599999999999166
1810 -0.5799999999999161
1811 4.180000000000121
1812 4.6049999999999205
1813 7.8249999999993705
1814 -0.1549999999999156
1815 4.849999999999841
1816 -0.589999999999917
1817 -0.18499999999991587
1818 3.739999999999921
1819 -0.9949999999999163
1820 3.98999999999982
1821 -0.7599999999999179
1822 9.499999999999394
1823 8.404999999999426
1824 -0.844999999999917
1825 -0.1699999999999163
1826 8.20999999999912
1827 -0.5999999999999175
1828 -0.5999999999999162
1829 4.39000000000012
1830 18.215000000000238
1831 13.454999999999758
1832 -1.049999999999916
1833 -0.9749999999999169
1834 -0.5649999999999161
1835 8.224999999999262
1836 8.564999999999188
1837 -1.0449999999999158
1838 14.210000000000221
1839 -0.22999999999991658
1840 3.035000000000111
1841 -0.08999999999991601
1842 3.72999999999987
1843 4.060000000000127
1844 -0.8899999999999202
1845 3.9699999999998363
1846 3.8250000000001103
1847 9.214999999999213
1848 4.9399999999997535
1849 -1.3449999999999156
1850 3.634999999999808
1851 -0.5699999999999164
1852 14.11999999999953
1853 13.324999999999756
1854 -0.6099999999999166
1855 -0.5799999999999172
1856 -0.8449999999999166
1857 19.290000000000585
1858 -1.5149999999999086
1859 4.224999999999991
1860 -0.5199999999999165
1861 -0.6149999999999168
1862 3.529999999999924
1863 -0.6549999999999173
1864 3.9600000000000994
1865 -0.11999999999991559
1866 -0.4449999999999163
1867 3.315000000000092
1868 3.2799999999999416
1869 -0.6099999999999162
1870 4.8249999999998145
1871 9.119999999999688
1872 -1.1899999999999127
1873 4.3150000000001185
1874 -1.4899999999999085
1875 8.169999999999439
1876 3.9499999999998865
1877 -0.714999999999918
1878 4.8549999999998
1879 13.944999999999798
1880 -0.5699999999999161
1881 -0.7049999999999165
1882 -1.1549999999999145
1883 -0.5999999999999182
1884 -0.5499999999999163
1885 3.175000000000103
1886 8.77499999999989
1887 -1.4749999999999077
1888 9.829999999999218
1889 4.279999999999807
1890 -0.6549999999999173
1891 -0.5599999999999161
1892 -0.9099999999999167
1893 4.31499999999979
1894 -1.3199999999999095
1895 -0.5749999999999172
1896 -1.5999999999999084
1897 14.174999999999738
1898 -1.329999999999914
1899 -0.5399999999999168
1900 -0.6549999999999169
1901 -0.5699999999999161
1902 -0.5999999999999173
1903 9.214999999999213
1904 7.764999999999803
1905 4.839999999999811
1906 -0.829999999999917
1907 -0.5499999999999161
1908 -0.079999999999916
1909 -0.8449999999999184
1910 -0.1899999999999161
1911 23.8900000000005
1912 -1.1299999999999155
1913 -0.9099999999999167
1914 -1.704999999999904
1915 4.94999999999976
1916 14.149999999999732
1917 3.805000000000132
1918 18.799999999999596
1919 -1.2799999999999148
1920 -0.8649999999999186
1921 14.064999999999527
1922 -0.5299999999999165
1923 14.084999999999708
1924 -0.4999999999999161
1925 8.874999999999401
1926 9.879999999999212
1927 -1.1999999999999154
1928 -1.0949999999999172
1929 8.839999999999138
1930 -0.13999999999991602
1931 4.344999999999821
1932 4.220000000000118
1933 -0.1749999999999163
1934 14.200000000000285
1935 3.8649999999998137
1936 3.554999999999806
1937 -0.8749999999999173
1938 4.289999999999892
1939 3.9800000000001283
1940 3.7950000000001296
1941 3.954999999999835
1942 -0.16999999999991652
1943 -0.08999999999991579
1944 4.774999999999869
1945 -0.4649999999999172
1946 -1.394999999999916
1947 -0.15999999999991585
1948 -0.10999999999991558
1949 3.6149999999999363
1950 13.959999999999985
1951 -0.24499999999991814
1952 -0.5099999999999165
1953 -0.524999999999917
1954 -0.10999999999991647
1955 4.240000000000056
1956 -0.5549999999999159
1957 -0.6049999999999173
1958 -0.05499999999991599
1959 4.414999999999845
1960 -0.6049999999999166
1961 -0.5849999999999179
1962 -0.34999999999991666
1963 9.244999999999509
1964 -0.5599999999999163
1965 -0.469999999999917
1966 9.42499999999917
1967 24.16500000000083
1968 4.7649999999998425
1969 4.36999999999989
1970 3.8950000000001053
1971 -0.14499999999991584
1972 -1.109999999999916
1973 9.164999999999267
1974 -0.4449999999999161
1975 -0.2149999999999172
1976 7.404999999999994
1977 13.884999999999978
1978 9.254999999999228
1979 3.904999999999868
1980 14.20000000000011
1981 -0.24999999999991612
1982 -1.0349999999999178
1983 -0.11999999999991648
1984 -0.6249999999999166
1985 9.874999999999204
1986 -0.5849999999999166
1987 -0.5799999999999168
1988 3.680000000000126
1989 4.13999999999981
1990 -0.10499999999991558
1991 -0.8249999999999197
1992 -0.5249999999999172
1993 9.470000000000072
1994 -0.31999999999991574
1995 -0.5749999999999161
1996 4.414999999999784
1997 4.269999999999807
1998 4.264999999999834
1999 -0.714999999999918
5735.964087724686
