0 -1.5899999999999128
1 8.744999999999393
2 2.4200000000001607
3 3.2599999999999634
4 23.105000000000427
5 2.9299999999999535
6 12.929999999999868
7 17.045000000000037
8 7.244999999999873
9 7.455000000000137
10 3.784999999999938
11 -1.1549999999999194
12 6.739999999999978
13 2.390000000000021
14 -2.444999999999899
15 7.034999999999434
16 3.6300000000001216
17 7.065000000000063
18 3.3299999999998935
19 -1.714999999999913
20 3.909999999999875
21 -1.9699999999999078
22 3.4599999999999094
23 8.704999999999343
24 13.15499999999956
25 12.939999999999724
26 -1.3299999999999188
27 32.70499999999997
28 3.20500000000005
29 13.09000000000006
30 13.114999999999759
31 2.6100000000001016
32 28.109999999999932
33 1.6000000000001762
34 3.525000000000138
35 8.65999999999952
36 -2.014999999999907
37 -1.5349999999999144
38 12.169999999999687
39 -1.5799999999999124
40 7.305000000000056
41 8.454999999999314
42 12.254999999999667
43 -1.1599999999999198
44 40.75999999999952
45 7.594999999999578
46 13.314999999999577
47 2.385000000000157
48 -1.4149999999999134
49 -1.8449999999999098
50 43.13999999999948
51 -2.7549999999998906
52 10.299999999999413
53 3.005000000000149
54 18.029999999999884
55 2.679999999999901
56 -1.3349999999999156
57 17.704999999999938
58 13.259999999999769
59 3.8750000000000266
60 8.509999999999986
61 11.159999999999712
62 3.0350000000001485
63 12.809999999999919
64 2.450000000000161
65 3.2650000000001436
66 -0.9499999999999209
67 -0.9199999999999229
68 2.8000000000001535
69 3.2499999999999583
70 3.319999999999932
71 6.385000000000125
72 12.429999999999719
73 8.399999999999356
74 9.059999999999327
75 12.174999999999514
76 11.644999999999545
77 3.725000000000086
78 8.794999999999366
79 -1.1599999999999189
80 3.869999999999914
81 8.669999999999455
82 3.660000000000114
83 -0.844999999999921
84 3.390000000000141
85 7.669999999999328
86 3.1000000000001453
87 -0.909999999999922
88 -2.0799999999999046
89 -1.3499999999999157
90 3.6400000000000894
91 -1.269999999999917
92 -1.314999999999918
93 3.380000000000141
94 22.075000000000323
95 -1.6349999999999152
96 1.970000000000147
97 2.225000000000109
98 13.03499999999987
99 3.5450000000000923
100 3.8399999999998746
101 -1.034999999999922
102 3.305000000000134
103 18.180000000000387
104 3.550000000000048
105 9.054999999999355
106 3.974999999999893
107 3.809999999999955
108 -2.169999999999901
109 -1.199999999999917
110 13.284999999999757
111 8.599999999999946
112 2.8300000000001173
113 12.909999999999881
114 4.124999999999865
115 6.919999999999502
116 -1.5749999999999142
117 8.729999999999277
118 7.8749999999996305
119 8.659999999999638
120 3.7949999999998596
121 3.5049999999999777
122 7.55500000000001
123 13.704999999999673
124 -1.1899999999999173
125 3.0949999999999083
126 3.245000000000144
127 3.815000000000129
128 -1.1849999999999168
129 3.8099999999998717
130 18.3950000000001
131 22.95500000000067
132 7.989999999999859
133 8.515000000000068
134 22.155000000000445
135 22.72000000000036
136 11.984999999999255
137 12.089999999999549
138 -1.2199999999999174
139 -1.269999999999916
140 -1.0199999999999192
141 17.03500000000002
142 -2.049999999999911
143 3.6899999999999205
144 17.71999999999992
145 4.434999999999816
146 3.7049999999998686
147 -1.8899999999999142
148 4.189999999999912
149 3.684999999999878
150 1.6200000000001127
151 7.819999999999301
152 -1.6349999999999116
153 2.0250000000001114
154 23.6100000000004
155 13.294999999999884
156 -1.5099999999999103
157 8.03999999999932
158 8.570000000000007
159 14.109999999999653
160 8.389999999999876
161 8.909999999999656
162 3.3650000000000633
163 8.33999999999983
164 4.409999999999823
165 7.745000000000023
166 12.424999999999377
167 3.1450000000001195
168 -2.1599999999999038
169 -1.3099999999999152
170 8.57999999999981
171 2.9900000000000926
172 13.334999999999946
173 3.1450000000001213
174 13.604999999999485
175 17.2150000000003
176 18.08500000000006
177 -0.9399999999999211
178 13.83500000000004
179 -1.3899999999999137
180 8.759999999999458
181 2.4700000000001605
182 3.6199999999998687
183 3.2499999999998943
184 17.56999999999963
185 8.564999999999834
186 17.614999999999643
187 8.504999999999386
188 -1.334999999999917
189 18.949999999999655
190 2.9100000000001396
191 -1.7599999999999114
192 -1.8999999999999064
193 -0.41999999999991916
194 3.200000000000137
195 -1.284999999999916
196 8.759999999999414
197 4.379999999999827
198 3.600000000000006
199 -1.5949999999999114
200 23.179999999999954
201 8.694999999999247
202 3.385000000000087
203 3.5100000000000824
204 6.1100000000001895
205 -1.054999999999921
206 -1.1649999999999177
207 3.110000000000147
208 8.174999999999642
209 -1.4399999999999116
210 -1.4649999999999173
211 3.6450000000001177
212 8.284999999999549
213 3.620000000000136
214 1.950000000000167
215 -0.7849999999999212
216 12.719999999999725
217 32.574999999999825
218 -1.0149999999999193
219 3.384999999999991
220 8.020000000000097
221 3.5549999999999713
222 -1.8399999999999064
223 -0.9599999999999191
224 -0.844999999999921
225 -1.5049999999999113
226 -2.1399999999999033
227 -1.4099999999999115
228 7.694999999999885
229 8.319999999999666
230 12.739999999999661
231 7.3699999999998775
232 -1.4349999999999115
233 -1.059999999999921
234 23.5300000000001
235 -1.034999999999919
236 -1.2599999999999163
237 -1.1949999999999172
238 4.044999999999861
239 -1.6099999999999086
240 18.289999999999857
241 3.7450000000001333
242 -1.5449999999999158
243 -1.3249999999999151
244 -1.0849999999999196
245 22.920000000000282
246 -1.2749999999999166
247 8.834999999999315
248 3.944999999999892
249 -1.5749999999999165
250 8.644999999999458
251 -1.134999999999917
252 -0.8699999999999195
253 3.369999999999883
254 3.674999999999896
255 3.529999999999853
256 3.8299999999998624
257 4.324999999999839
258 -1.9849999999999084
259 -0.8049999999999199
260 -1.609999999999909
261 4.274999999999853
262 -1.3149999999999165
263 -0.8349999999999187
264 -0.9199999999999218
265 22.605000000000445
266 3.820000000000089
267 3.7450000000000383
268 8.789999999999326
269 -1.2949999999999153
270 3.7899999999998366
271 7.479999999999774
272 3.3249999999999105
273 3.524999999999933
274 -0.6499999999999186
275 -0.5499999999999186
276 13.425000000000042
277 -1.3949999999999159
278 -1.7399999999999067
279 13.994999999999754
280 3.9250000000000167
281 3.765000000000006
282 -0.9549999999999216
283 -0.3899999999999189
284 3.0749999999999016
285 -0.9499999999999192
286 3.675000000000135
287 -1.064999999999919
288 3.6900000000000857
289 -0.9849999999999185
290 13.164999999999274
291 -0.9849999999999192
292 8.479999999999489
293 -0.9199999999999198
294 -1.0549999999999187
295 4.104999999999819
296 3.065000000000148
297 -1.094999999999919
298 8.78499999999959
299 13.464999999999892
300 -1.0299999999999192
301 8.909999999999293
302 9.30999999999932
303 3.835000000000023
304 8.589999999999296
305 -1.0949999999999183
306 4.499999999999795
307 4.219999999999856
308 -1.0099999999999194
309 -1.4049999999999163
310 24.195000000000572
311 -1.6549999999999077
312 -0.9599999999999194
313 4.439999999999846
314 7.999999999999908
315 -2.039999999999907
316 -1.9399999999999082
317 8.254999999999905
318 -1.4099999999999142
319 -2.554999999999894
320 -1.1749999999999188
321 3.9349999999999383
322 3.4200000000001403
323 3.780000000000104
324 17.94000000000031
325 -1.1499999999999175
326 -0.8699999999999194
327 3.2600000000001437
328 16.179999999999584
329 8.299999999999649
330 8.449999999999594
331 3.9549999999999184
332 8.119999999999784
333 -2.0899999999999004
334 3.670000000000126
335 3.5500000000001126
336 -1.2649999999999157
337 3.58999999999988
338 -0.7799999999999212
339 -1.0549999999999191
340 3.3750000000001377
341 8.164999999999672
342 -0.6749999999999187
343 14.039999999999946
344 13.479999999999896
345 -1.2599999999999183
346 8.35499999999936
347 -1.869999999999904
348 -0.37999999999991824
349 3.759999999999839
350 -1.289999999999917
351 -0.3849999999999178
352 -1.9399999999999082
353 -1.9499999999999056
354 -0.35999999999991816
355 7.96499999999987
356 -1.5099999999999116
357 -0.9299999999999187
358 18.43000000000061
359 4.509999999999933
360 4.089999999999963
361 3.9049999999998395
362 -1.2099999999999156
363 -1.8849999999999076
364 -1.009999999999918
365 -1.1599999999999142
366 -1.2399999999999176
367 -0.7849999999999194
368 9.269999999999623
369 8.214999999999206
370 -1.3649999999999163
371 3.0850000000001465
372 -1.1649999999999185
373 8.089999999999973
374 -1.269999999999916
375 4.444999999999968
376 12.939999999999669
377 -1.0249999999999222
378 4.104999999999825
379 8.56999999999971
380 4.594999999999827
381 -0.41499999999991805
382 -0.7749999999999179
383 -1.494999999999916
384 -0.48499999999991805
385 4.174999999999876
386 12.5599999999992
387 8.15499999999942
388 7.699999999999492
389 -0.31499999999991884
390 2.7750000000001487
391 9.164999999999354
392 9.229999999999384
393 3.9999999999998375
394 -1.1999999999999158
395 -0.8549999999999193
396 4.165000000000065
397 -1.0849999999999183
398 -1.4599999999999103
399 8.174999999999374
400 -1.1399999999999173
401 -1.2199999999999174
402 -0.7799999999999191
403 -1.2249999999999182
404 -2.0349999999999038
405 3.7450000000000845
406 4.315000000000118
407 -0.9949999999999192
408 3.8349999999999875
409 -1.1699999999999167
410 27.74500000000025
411 12.314999999999552
412 8.994999999999276
413 -0.9299999999999187
414 4.164999999999907
415 -0.9599999999999196
416 3.7750000000001327
417 -1.1349999999999172
418 -0.2849999999999164
419 -0.8099999999999188
420 10.985000000000126
421 -0.47499999999991876
422 -0.829999999999919
423 -1.7349999999999102
424 8.489999999999451
425 -0.4449999999999203
426 3.840000000000061
427 -1.3199999999999164
428 7.1799999999995405
429 3.975000000000014
430 3.550000000000076
431 -1.1999999999999182
432 -0.5099999999999179
433 -1.3999999999999124
434 13.149999999999338
435 -0.8949999999999202
436 4.060000000000124
437 -0.8249999999999199
438 -0.8999999999999191
439 3.9999999999998233
440 -1.5649999999999118
441 -0.3649999999999171
442 -1.3949999999999125
443 8.574999999999404
444 3.0499999999999394
445 3.9249999999998533
446 -0.95499999999992
447 3.9999999999998996
448 13.97999999999982
449 -0.8999999999999193
450 4.200000000000097
451 -0.4699999999999183
452 8.729999999999162
453 -0.7199999999999184
454 3.770000000000045
455 -1.0449999999999204
456 8.559999999999658
457 8.699999999999541
458 -0.8949999999999189
459 3.4499999999998368
460 3.88999999999984
461 8.999999999999272
462 -1.4399999999999122
463 9.399999999999801
464 -1.0499999999999179
465 8.814999999999463
466 -0.9449999999999192
467 -0.8649999999999184
468 -1.0549999999999171
469 -0.9549999999999205
470 4.330000000000084
471 4.004999999999857
472 -0.824999999999919
473 -0.90999999999992
474 -1.214999999999915
475 4.574999999999806
476 -1.1949999999999181
477 3.5000000000001386
478 4.004999999999921
479 4.529999999999812
480 14.145000000000286
481 -1.2549999999999137
482 -1.049999999999919
483 -0.9149999999999195
484 9.0999999999998
485 9.014999999999583
486 2.685000000000156
487 -0.23999999999991858
488 -0.5049999999999185
489 -0.339999999999918
490 -0.9599999999999198
491 -0.8899999999999183
492 3.350000000000139
493 4.05499999999981
494 3.099999999999935
495 13.579999999999858
496 -1.1649999999999157
497 -0.7399999999999181
498 -0.9999999999999178
499 -1.1149999999999192
500 3.4849999999998786
501 -0.8799999999999206
502 8.644999999999458
503 -1.909999999999905
504 -0.28999999999991816
505 3.979999999999831
506 3.235000000000058
507 -1.0899999999999175
508 3.9849999999998467
509 3.999999999999912
510 -1.0949999999999185
511 9.159999999999352
512 -0.8999999999999189
513 -0.9399999999999185
514 18.830000000000716
515 14.34000000000008
516 -1.5099999999999099
517 -1.0049999999999186
518 8.379999999999555
519 7.679999999999835
520 9.0349999999999
521 8.744999999999143
522 -0.9549999999999189
523 4.739999999999825
524 -1.3599999999999164
525 8.869999999999495
526 -0.7199999999999178
527 -2.7299999999998947
528 -0.6149999999999175
529 4.239999999999882
530 14.640000000000398
531 -1.0249999999999169
532 -0.7799999999999179
533 9.044999999999241
534 8.794999999999284
535 -0.29499999999991683
536 -0.9249999999999189
537 -1.6649999999999063
538 3.0650000000000794
539 -1.3249999999999127
540 3.0499999999999394
541 -0.9049999999999178
542 -0.8749999999999182
543 9.399999999999377
544 -0.2649999999999168
545 3.54999999999987
546 -1.0699999999999177
547 3.2200000000001037
548 3.6999999999998883
549 8.959999999999612
550 3.6199999999998864
551 -1.1449999999999172
552 2.895000000000019
553 -1.274999999999913
554 -0.759999999999919
555 -1.4099999999999167
556 -1.12499999999992
557 2.9300000000001187
558 3.5649999999999302
559 -0.729999999999918
560 -0.5699999999999186
561 -0.8799999999999175
562 14.025000000000125
563 4.864999999999776
564 -1.4399999999999131
565 -2.044999999999905
566 -1.4349999999999143
567 3.9649999999999146
568 -0.9899999999999185
569 7.824999999999898
570 13.404999999999626
571 2.6850000000000964
572 -1.4199999999999176
573 -0.854999999999919
574 -0.2649999999999177
575 -1.0199999999999192
576 -0.8749999999999165
577 -0.6499999999999175
578 -0.9099999999999189
579 8.914999999999294
580 -0.9999999999999194
581 9.014999999999539
582 12.164999999999875
583 13.874999999999801
584 -0.8299999999999172
585 4.145000000000071
586 4.674999999999798
587 4.060000000000005
588 4.084999999999889
589 -1.1249999999999165
590 8.999999999999291
591 13.599999999999708
592 3.715000000000081
593 13.284999999999386
594 3.1050000000001168
595 -0.39499999999991714
596 3.904999999999891
597 -0.27499999999991637
598 3.270000000000115
599 -0.7649999999999179
600 -0.8399999999999195
601 4.364999999999792
602 4.149999999999943
603 -0.8249999999999184
604 4.369999999999782
605 -1.0399999999999194
606 -0.8349999999999181
607 4.079999999999832
608 9.189999999999966
609 -0.5599999999999177
610 3.5300000000001317
611 -0.9499999999999185
612 8.684999999999143
613 16.934999999999896
614 4.649999999999948
615 -0.8099999999999179
616 3.6200000000000845
617 -0.7799999999999185
618 -0.8099999999999181
619 3.4000000000000914
620 -1.0349999999999198
621 -0.9749999999999194
622 3.205000000000121
623 13.814999999999294
624 -0.6449999999999184
625 -0.7849999999999201
626 9.019999999999829
627 8.274999999999366
628 9.059999999999222
629 23.64500000000059
630 -1.1899999999999162
631 4.154999999999843
632 4.0150000000001125
633 -0.6699999999999173
634 3.2900000000000995
635 4.079999999999827
636 3.975000000000012
637 3.985000000000128
638 17.969999999999878
639 14.02499999999992
640 -0.9449999999999198
641 -0.6899999999999171
642 3.7250000000001338
643 13.82499999999977
644 3.9350000000001293
645 3.940000000000129
646 -0.7749999999999176
647 -0.7849999999999188
648 4.584999999999871
649 -0.7699999999999183
650 -1.0649999999999185
651 4.184999999999791
652 -0.2899999999999166
653 4.079999999999804
654 7.789999999999817
655 4.7049999999998064
656 4.010000000000054
657 -1.039999999999918
658 -0.8099999999999177
659 9.424999999999342
660 -0.969999999999918
661 4.099999999999828
662 -1.06999999999992
663 3.605000000000077
664 -0.459999999999917
665 8.769999999999557
666 4.044999999999841
667 9.009999999999474
668 -0.7249999999999172
669 8.354999999999182
670 4.119999999999828
671 -0.4399999999999172
672 -0.7299999999999178
673 -0.11499999999991625
674 3.530000000000107
675 3.99999999999985
676 8.859999999999406
677 -0.9399999999999216
678 -1.3599999999999142
679 -1.0699999999999181
680 -0.6999999999999174
681 2.425000000000047
682 -1.019999999999918
683 8.544999999999657
684 4.5299999999998795
685 -0.739999999999917
686 -0.3249999999999171
687 -1.2999999999999128
688 3.7650000000001222
689 3.125000000000097
690 -0.5599999999999195
691 4.254999999999795
692 4.364999999999826
693 8.554999999999497
694 -0.9149999999999191
695 8.949999999999202
696 -0.3349999999999173
697 -0.32499999999991674
698 3.950000000000027
699 -1.459999999999914
700 -0.5099999999999172
701 -0.6749999999999171
702 4.334999999999864
703 -0.8049999999999181
704 -0.8599999999999173
705 -0.734999999999918
706 -1.4849999999999122
707 -0.9249999999999189
708 3.919999999999951
709 -1.354999999999916
710 8.879999999999555
711 9.404999999999264
712 4.669999999999827
713 13.824999999999868
714 8.969999999999194
715 -0.7549999999999176
716 19.37000000000098
717 -0.4349999999999185
718 -1.0499999999999177
719 -0.27999999999991726
720 -1.0049999999999184
721 -1.0049999999999177
722 8.244999999999942
723 4.289999999999806
724 -0.3199999999999182
725 -0.7149999999999174
726 4.519999999999816
727 -0.39499999999991714
728 4.409999999999825
729 -0.8499999999999188
730 3.9150000000001253
731 -0.5199999999999183
732 -0.9199999999999178
733 3.049999999999925
734 -0.6499999999999171
735 -1.2349999999999155
736 8.894999999999245
737 -0.909999999999918
738 13.759999999999932
739 -0.8299999999999179
740 4.284999999999858
741 -1.3349999999999118
742 9.609999999999276
743 -1.1349999999999163
744 -0.2299999999999168
745 9.579999999999298
746 -0.39499999999991803
747 -0.959999999999918
748 -0.9499999999999189
749 4.119999999999956
750 -0.1899999999999161
751 4.514999999999835
752 18.815000000000527
753 3.8500000000001267
754 4.140000000000067
755 3.7850000000001147
756 -1.1749999999999163
757 -0.23999999999991678
758 -1.0899999999999186
759 -0.9699999999999203
760 4.359999999999812
761 -1.0849999999999178
762 -0.739999999999917
763 13.754999999999928
764 -1.089999999999918
765 -0.199999999999917
766 -2.8849999999998928
767 -0.25499999999991724
768 3.96000000000012
769 3.1400000000001
770 -1.2799999999999148
771 23.8900000000007
772 3.6150000000001006
773 -0.4749999999999179
774 -2.3899999999998975
775 8.854999999999887
776 8.889999999999306
777 8.804999999999314
778 -0.7799999999999196
779 -0.6649999999999173
780 8.850000000000025
781 4.654999999999829
782 9.159999999999174
783 3.7700000000001266
784 -0.9349999999999182
785 14.465000000000385
786 -0.5699999999999172
787 -0.5249999999999183
788 -1.0549999999999176
789 -0.3299999999999182
790 9.474999999999264
791 -0.8699999999999221
792 -0.13999999999991622
793 3.800000000000132
794 -0.7149999999999174
795 -0.24999999999991768
796 -0.14999999999991695
797 8.684999999999576
798 -0.7699999999999179
799 13.139999999999834
800 -0.18499999999991606
801 8.839999999999383
802 13.349999999999524
803 -0.8149999999999177
804 4.660000000000026
805 4.509999999999793
806 -1.144999999999914
807 3.4049999999999603
808 3.940000000000116
809 3.864999999999938
810 9.059999999999697
811 4.474999999999788
812 -0.7199999999999167
813 9.089999999999385
814 -0.9849999999999185
815 -0.7499999999999176
816 -0.3099999999999182
817 -0.924999999999918
818 -0.4849999999999179
819 4.7199999999999
820 4.005000000000079
821 -0.7749999999999172
822 -0.1949999999999172
823 4.7249999999997945
824 4.539999999999835
825 -0.7149999999999183
826 4.035000000000085
827 -0.23999999999991725
828 14.215000000000314
829 -0.24999999999991726
830 13.459999999999791
831 -1.0999999999999195
832 -1.154999999999916
833 -0.35999999999991933
834 -0.8249999999999175
835 -0.9149999999999195
836 -0.369999999999918
837 13.624999999999469
838 13.289999999999937
839 14.254999999999777
840 -1.3999999999999118
841 4.564999999999882
842 -0.1899999999999172
843 -0.8299999999999184
844 -0.2849999999999177
845 -1.1449999999999205
846 -0.5449999999999174
847 -0.699999999999918
848 -0.8649999999999166
849 14.46999999999938
850 9.42499999999951
851 -0.979999999999918
852 -0.8249999999999177
853 -0.6049999999999173
854 -0.8049999999999182
855 -0.2799999999999168
856 -0.38499999999991913
857 -0.7049999999999176
858 -0.6149999999999183
859 9.529999999999424
860 -0.39999999999991903
861 -0.6149999999999184
862 9.769999999999241
863 4.364999999999782
864 3.61500000000012
865 -0.5649999999999168
866 8.525000000000004
867 7.620000000000072
868 -0.209999999999917
869 -1.0099999999999199
870 -0.36499999999991706
871 4.379999999999792
872 -0.64499999999992
873 4.684999999999816
874 -0.5299999999999203
875 9.139999999999464
876 13.8499999999995
877 -0.9299999999999193
878 13.284999999999746
879 -0.4049999999999186
880 9.414999999999827
881 -1.3549999999999138
882 -0.25499999999991657
883 -1.2749999999999178
884 8.934999999999242
885 4.160000000000094
886 -0.35999999999991755
887 -0.15499999999991695
888 -1.0649999999999193
889 -0.3799999999999167
890 -0.30499999999991706
891 -0.3549999999999171
892 -1.0599999999999208
893 -0.8349999999999197
894 -0.7149999999999176
895 -0.5799999999999188
896 4.074999999999816
897 3.885000000000118
898 -0.929999999999918
899 3.644999999999996
900 4.150000000000125
901 -0.8599999999999184
902 -0.6999999999999167
903 -1.1249999999999172
904 -0.8849999999999191
905 -0.6449999999999178
906 4.739999999999781
907 -1.0349999999999178
908 -1.8199999999999104
909 13.35499999999964
910 4.040000000000127
911 -1.1749999999999179
912 -0.999999999999919
913 -0.7949999999999179
914 -0.884999999999919
915 -0.5549999999999181
916 4.469999999999927
917 4.714999999999796
918 -0.8049999999999172
919 4.025000000000106
920 13.949999999999985
921 4.549999999999923
922 3.979999999999875
923 9.529999999999308
924 -1.374999999999915
925 -0.3499999999999173
926 -0.3749999999999178
927 3.2450000000001014
928 -0.3349999999999162
929 -0.894999999999918
930 9.379999999999196
931 -0.5049999999999172
932 18.005000000000365
933 -1.1049999999999183
934 3.505000000000134
935 8.779999999999866
936 -0.2199999999999159
937 -0.46499999999991765
938 8.569999999999192
939 14.400000000000185
940 4.129999999999838
941 4.2050000000001235
942 3.429999999999956
943 -0.7049999999999187
944 4.0600000000001195
945 3.424999999999873
946 3.860000000000074
947 -0.409999999999919
948 -0.8999999999999191
949 2.705000000000153
950 4.50499999999983
951 4.3549999999999045
952 4.794999999999801
953 3.569999999999907
954 -1.1399999999999173
955 -1.419999999999912
956 -0.8649999999999191
957 -0.8199999999999177
958 -0.814999999999917
959 -0.9799999999999203
960 -0.3749999999999177
961 -0.27499999999991614
962 -0.9999999999999201
963 -0.7649999999999187
964 -0.7749999999999192
965 18.90000000000059
966 -1.1499999999999173
967 -0.40999999999991643
968 -0.8349999999999174
969 -0.8449999999999184
970 8.89999999999926
971 -0.7449999999999165
972 -0.6749999999999164
973 -0.9549999999999205
974 4.264999999999814
975 -0.32999999999991864
976 -1.629999999999909
977 3.224999999999902
978 4.034999999999876
979 4.5549999999999535
980 -0.28999999999991705
981 -0.7899999999999177
982 -0.619999999999916
983 8.795000000000005
984 -1.3699999999999124
985 -0.5999999999999175
986 -0.6099999999999175
987 4.344999999999891
988 -0.4199999999999176
989 -1.0049999999999206
990 -0.27999999999991704
991 -0.4149999999999174
992 -1.5599999999999083
993 -0.7049999999999178
994 -0.9049999999999178
995 -0.479999999999917
996 -1.7649999999999142
997 -0.7149999999999174
998 3.9350000000001293
999 -0.6549999999999198
1000 4.409999999999926
1001 -0.629999999999918
1002 3.7099999999999467
1003 -0.7649999999999179
1004 9.074999999999362
1005 3.995000000000098
1006 4.0650000000000635
1007 3.789999999999842
1008 4.49000000000006
1009 4.064999999999841
1010 8.889999999999304
1011 -0.1849999999999161
1012 4.485000000000082
1013 8.224999999999714
1014 -0.6199999999999168
1015 4.599999999999784
1016 13.339999999999659
1017 -0.43499999999991873
1018 -0.3549999999999182
1019 -0.4499999999999185
1020 -0.24499999999991703
1021 -0.20999999999991656
1022 -0.5749999999999195
1023 -0.6899999999999178
1024 3.75999999999988
1025 -0.2499999999999168
1026 9.349999999999447
1027 4.254999999999793
1028 4.494999999999793
1029 -1.169999999999916
1030 -0.18999999999991676
1031 4.095000000000072
1032 -0.6699999999999178
1033 4.2199999999999624
1034 -0.4049999999999178
1035 -0.5099999999999199
1036 -1.1249999999999187
1037 -0.4249999999999165
1038 4.384999999999835
1039 -0.25499999999991635
1040 14.065000000000122
1041 -0.9949999999999212
1042 4.164999999999845
1043 -0.264999999999916
1044 -0.16999999999991675
1045 -0.3099999999999173
1046 -0.7349999999999167
1047 -0.13999999999991672
1048 -0.8449999999999193
1049 8.089999999999872
1050 -0.3249999999999193
1051 -1.3649999999999132
1052 -0.6949999999999196
1053 -0.1299999999999165
1054 4.589999999999789
1055 8.179999999999886
1056 -0.25999999999991746
1057 14.61000000000016
1058 -0.7599999999999183
1059 -0.21999999999991676
1060 -0.23999999999991703
1061 4.794999999999774
1062 -1.2599999999999127
1063 -0.2199999999999168
1064 3.8100000000001195
1065 -1.6549999999999085
1066 -1.3399999999999166
1067 -0.23499999999991703
1068 4.019999999999812
1069 -0.3949999999999178
1070 -0.12499999999991626
1071 -0.5849999999999164
1072 -0.8649999999999186
1073 4.144999999999797
1074 -1.0349999999999193
1075 -0.41999999999991894
1076 8.95499999999971
1077 3.400000000000139
1078 -0.6249999999999175
1079 -0.31999999999991796
1080 -0.7849999999999174
1081 8.794999999999384
1082 -0.4799999999999172
1083 -0.24999999999991593
1084 9.244999999999187
1085 -0.7949999999999177
1086 -0.19499999999991652
1087 -0.22999999999991677
1088 -0.14499999999991672
1089 -0.6049999999999182
1090 -1.1249999999999183
1091 -0.6749999999999171
1092 3.9899999999998235
1093 -0.38999999999991625
1094 -0.7049999999999176
1095 -0.7249999999999169
1096 -0.1649999999999163
1097 -0.754999999999919
1098 4.6999999999997994
1099 8.524999999999164
1100 -0.1949999999999172
1101 -0.16999999999991652
1102 4.495000000000087
1103 4.575000000000116
1104 -0.7349999999999183
1105 -0.8049999999999183
1106 4.734999999999802
1107 -0.7499999999999178
1108 -0.7699999999999168
1109 4.050000000000127
1110 -0.4499999999999174
1111 -0.7549999999999176
1112 3.7749999999999844
1113 -0.3099999999999173
1114 -0.7199999999999187
1115 -0.5599999999999177
1116 4.784999999999773
1117 4.759999999999802
1118 4.80499999999982
1119 -0.7749999999999203
1120 -0.49999999999991723
1121 -1.3999999999999126
1122 -0.14999999999991828
1123 -0.48999999999991833
1124 -0.6899999999999171
1125 -0.9199999999999182
1126 -0.2899999999999177
1127 -0.22999999999991588
1128 3.440000000000137
1129 4.294999999999787
1130 -0.13999999999991627
1131 -0.8249999999999199
1132 -0.9349999999999185
1133 -0.9249999999999189
1134 -0.05499999999991621
1135 -1.104999999999917
1136 4.57500000000007
1137 -1.3149999999999131
1138 -0.6499999999999166
1139 -1.249999999999916
1140 3.559999999999845
1141 4.110000000000123
1142 -0.6199999999999164
1143 -0.5849999999999161
1144 -1.064999999999922
1145 4.059999999999952
1146 4.104999999999917
1147 -0.8799999999999191
1148 -0.7699999999999165
1149 -0.15499999999991718
1150 -0.5899999999999166
1151 4.6500000000000865
1152 4.814999999999795
1153 4.184999999999793
1154 3.244999999999978
1155 -0.9449999999999193
1156 -1.1249999999999172
1157 -0.2849999999999177
1158 -0.8049999999999181
1159 -0.1649999999999163
1160 9.774999999999265
1161 -0.6899999999999165
1162 -0.43999999999991674
1163 -1.0499999999999174
1164 -0.7499999999999176
1165 -1.2149999999999184
1166 4.619999999999782
1167 -0.8249999999999182
1168 -0.07499999999991622
1169 -0.6049999999999173
1170 -0.14499999999991606
1171 -0.30499999999991706
1172 -0.20499999999991633
1173 -1.0349999999999198
1174 -0.33999999999991776
1175 3.850000000000091
1176 4.139999999999831
1177 9.34499999999915
1178 3.875000000000128
1179 8.754999999999722
1180 -1.1299999999999162
1181 3.535000000000087
1182 -0.8249999999999177
1183 -0.6899999999999178
1184 3.5850000000000835
1185 4.17999999999988
1186 -0.6549999999999166
1187 -0.93999999999992
1188 3.970000000000125
1189 -0.11499999999991581
1190 4.759999999999841
1191 -0.7749999999999183
1192 3.3549999999999454
1193 13.784999999999885
1194 3.155000000000145
1195 -0.7299999999999172
1196 4.074999999999818
1197 14.014999999999324
1198 -0.6299999999999193
1199 -1.249999999999914
1200 -0.07499999999991577
1201 9.374999999999453
1202 -0.9349999999999185
1203 -0.2199999999999159
1204 4.70499999999981
1205 9.279999999999177
1206 3.5750000000000917
1207 13.934999999999487
1208 -1.5799999999999121
1209 -0.9199999999999182
1210 9.319999999999203
1211 -1.5249999999999124
1212 -0.22499999999991568
1213 3.7750000000000217
1214 -0.5049999999999187
1215 -1.6899999999999096
1216 -0.3349999999999182
1217 -0.8049999999999168
1218 -0.7099999999999227
1219 4.279999999999878
1220 -1.3899999999999169
1221 -0.17999999999991653
1222 -0.6999999999999171
1223 3.6050000000001186
1224 4.354999999999887
1225 8.324999999999946
1226 -1.1999999999999154
1227 -0.19499999999991655
1228 3.990000000000128
1229 9.019999999999717
1230 -0.24999999999991726
1231 -1.0949999999999185
1232 -0.5899999999999168
1233 4.374999999999866
1234 -0.5399999999999181
1235 -0.15499999999991695
1236 -0.934999999999919
1237 -0.35499999999991666
1238 9.449999999999392
1239 -0.7049999999999169
1240 -0.589999999999919
1241 -0.2849999999999164
1242 14.745000000000418
1243 -1.0699999999999197
1244 -1.3649999999999114
1245 -0.9949999999999196
1246 3.955000000000129
1247 -0.3349999999999182
1248 -0.8199999999999186
1249 -0.8199999999999175
1250 4.2649999999998975
1251 -0.789999999999917
1252 -0.5749999999999164
1253 -0.2099999999999159
1254 -0.349999999999918
1255 -0.834999999999919
1256 -0.8949999999999182
1257 -1.284999999999916
1258 -0.8649999999999175
1259 3.3200000000001424
1260 8.41000000000001
1261 4.014999999999963
1262 -0.22999999999991744
1263 4.784999999999785
1264 -0.18499999999991631
1265 -0.12999999999991668
1266 -1.154999999999918
1267 -0.7199999999999183
1268 3.8050000000001303
1269 -0.254999999999917
1270 -1.0549999999999202
1271 -0.19499999999991677
1272 -0.9999999999999194
1273 4.579999999999786
1274 -1.444999999999912
1275 -0.45999999999991653
1276 -0.21499999999991656
1277 4.219999999999932
1278 9.105000000000125
1279 4.339999999999788
1280 9.259999999999222
1281 4.705000000000062
1282 4.824999999999784
1283 14.204999999999751
1284 14.510000000000234
1285 -0.3349999999999173
1286 -0.25499999999991657
1287 -0.25999999999991746
1288 -0.15499999999991584
1289 -0.25999999999991613
1290 9.229999999999658
1291 -0.14499999999991628
1292 9.909999999999231
1293 -0.2499999999999166
1294 -0.9199999999999211
1295 14.010000000000204
1296 -0.884999999999918
1297 -0.6849999999999165
1298 -0.7949999999999184
1299 8.480000000000095
1300 -0.30999999999991706
1301 -0.679999999999918
1302 -0.27499999999991703
1303 -0.47499999999991654
1304 -0.8349999999999173
1305 -0.8599999999999184
1306 -0.14499999999991695
1307 -0.8149999999999177
1308 -0.1949999999999167
1309 4.655000000000114
1310 -0.854999999999917
1311 -0.24499999999991612
1312 -0.6449999999999166
1313 -0.24499999999991637
1314 -0.6749999999999182
1315 4.020000000000027
1316 -0.17999999999991564
1317 -1.4199999999999093
1318 -0.6449999999999171
1319 -0.7649999999999175
1320 4.829999999999807
1321 4.060000000000111
1322 -0.594999999999917
1323 -0.1699999999999163
1324 -2.2349999999998995
1325 9.394999999999305
1326 4.075000000000121
1327 -0.24499999999991656
1328 -0.7999999999999199
1329 4.219999999999868
1330 14.03999999999986
1331 -0.6999999999999167
1332 -0.5499999999999163
1333 -0.6299999999999204
1334 4.37499999999984
1335 -1.109999999999918
1336 -0.16999999999991605
1337 -0.10999999999991603
1338 4.73499999999995
1339 -0.35499999999991744
1340 3.814999999999846
1341 -1.0249999999999193
1342 -0.8299999999999177
1343 -0.8299999999999172
1344 -1.304999999999917
1345 -0.3599999999999171
1346 13.814999999999658
1347 -0.044999999999915996
1348 -0.20999999999991611
1349 -0.7599999999999192
1350 -1.459999999999911
1351 -0.13999999999991625
1352 4.210000000000088
1353 -0.22499999999991635
1354 -0.8099999999999186
1355 -0.26999999999991836
1356 -0.7349999999999207
1357 -0.11499999999991627
1358 -0.349999999999918
1359 -0.2599999999999168
1360 -0.17499999999991647
1361 -0.1299999999999167
1362 -1.3499999999999117
1363 3.7049999999998597
1364 3.7799999999999025
1365 -1.0499999999999199
1366 -0.5199999999999196
1367 -0.14999999999991603
1368 -0.5999999999999188
1369 -0.4499999999999163
1370 -0.4549999999999163
1371 -0.22999999999991724
1372 -1.384999999999912
1373 4.259999999999855
1374 -0.15999999999991651
1375 -0.9199999999999191
1376 4.095000000000008
1377 -0.25499999999991746
1378 3.749999999999827
1379 -0.384999999999918
1380 -0.16499999999991607
1381 -0.15499999999991607
1382 4.909999999999788
1383 -0.7899999999999172
1384 3.935000000000082
1385 -0.20499999999991605
1386 -0.9799999999999183
1387 -0.5499999999999178
1388 3.9750000000000973
1389 -0.11499999999991659
1390 -0.1449999999999167
1391 4.269999999999804
1392 9.529999999999337
1393 4.500000000000098
1394 -0.9399999999999173
1395 4.6249999999999485
1396 -1.0949999999999172
1397 8.214999999999923
1398 -0.15999999999991607
1399 -0.14999999999991628
1400 3.805000000000132
1401 -0.6249999999999166
1402 -1.1549999999999154
1403 4.904999999999772
1404 -0.8599999999999186
1405 -0.09999999999991602
1406 3.9299999999999056
1407 -1.7949999999999051
1408 4.749999999999797
1409 -0.3099999999999175
1410 -0.8149999999999166
1411 9.809999999999256
1412 9.52499999999981
1413 -0.8049999999999179
1414 -0.774999999999917
1415 -0.7699999999999187
1416 -0.0999999999999158
1417 4.3449999999998035
1418 -1.0949999999999191
1419 14.214999999999621
1420 3.550000000000133
1421 -0.3649999999999178
1422 -0.8799999999999184
1423 9.399999999999604
1424 4.194999999999878
1425 -0.2699999999999168
1426 -0.14499999999991606
1427 -0.6449999999999182
1428 -0.2499999999999157
1429 -0.7699999999999183
1430 -1.1699999999999144
1431 -0.35499999999991666
1432 -0.11999999999991559
1433 -0.8199999999999177
1434 3.6400000000001276
1435 9.579999999999272
1436 -0.6649999999999167
1437 4.055000000000125
1438 -0.31999999999991685
1439 -0.06499999999991599
1440 -0.5599999999999163
1441 -0.3399999999999171
1442 -0.2949999999999166
1443 -0.22999999999991677
1444 -0.5299999999999176
1445 4.784999999999782
1446 -0.21999999999991587
1447 -0.6649999999999173
1448 4.9099999999997594
1449 -0.26499999999991636
1450 -0.6099999999999162
1451 4.489999999999802
1452 -0.13499999999991624
1453 4.824999999999781
1454 4.185000000000085
1455 -1.0749999999999185
1456 -0.6749999999999167
1457 -0.3299999999999164
1458 3.2100000000000897
1459 4.009999999999869
1460 -0.7099999999999163
1461 -0.49999999999991657
1462 -0.6599999999999175
1463 -0.22499999999991613
1464 -0.3299999999999174
1465 -0.5349999999999161
1466 4.839999999999761
1467 4.724999999999834
1468 -0.669999999999918
1469 -1.8349999999999032
1470 -0.90499999999992
1471 -0.05999999999991599
1472 -0.5349999999999177
1473 -0.2949999999999166
1474 -1.0449999999999184
1475 4.909999999999758
1476 -0.2849999999999177
1477 -1.0299999999999183
1478 -0.1249999999999158
1479 -0.6499999999999182
1480 -0.7949999999999177
1481 -0.17999999999991653
1482 -0.9049999999999193
1483 -0.9599999999999214
1484 -0.2899999999999164
1485 4.424999999999782
1486 9.784999999999231
1487 4.459999999999817
1488 -0.3349999999999164
1489 8.069999999999458
1490 3.9250000000000878
1491 -0.2299999999999168
1492 -0.22999999999991677
1493 4.089999999999842
1494 -1.024999999999917
1495 -0.7899999999999179
1496 4.310000000000121
1497 3.240000000000091
1498 -0.1749999999999163
1499 4.524999999999941
1500 9.444999999999329
1501 4.144999999999952
1502 -1.5049999999999109
1503 8.904999999999507
1504 3.9549999999998526
1505 -0.06999999999991621
1506 -0.1049999999999158
1507 4.5100000000001135
1508 4.689999999999945
1509 -0.3299999999999174
1510 -0.7849999999999203
1511 -0.2249999999999159
1512 -0.854999999999919
1513 4.714999999999801
1514 7.8849999999997955
1515 4.005000000000128
1516 4.754999999999814
1517 -0.1699999999999172
1518 -0.8649999999999175
1519 -0.9349999999999205
1520 -0.7249999999999169
1521 3.345000000000087
1522 -0.30999999999991773
1523 -0.8249999999999179
1524 -0.7599999999999179
1525 -0.13999999999991616
1526 -0.12999999999991604
1527 -0.43999999999992007
1528 4.769999999999874
1529 -0.22499999999991635
1530 3.974999999999868
1531 -0.1599999999999163
1532 -1.039999999999916
1533 4.449999999999895
1534 -0.38999999999991647
1535 -0.7899999999999181
1536 -0.16499999999991585
1537 -1.294999999999916
1538 -1.0599999999999168
1539 4.280000000000121
1540 -0.7399999999999172
1541 -0.8649999999999173
1542 3.9099999999999673
1543 -0.05499999999991599
1544 4.1600000000001245
1545 -0.09499999999991579
1546 -0.22999999999991658
1547 2.895000000000131
1548 -0.9149999999999167
1549 -0.6199999999999168
1550 9.059999999999475
1551 -0.3849999999999166
1552 -0.7349999999999174
1553 -0.7699999999999183
1554 -0.6749999999999176
1555 -1.234999999999917
1556 -0.7299999999999167
1557 -0.7549999999999177
1558 9.77999999999923
1559 -1.024999999999919
1560 4.440000000000108
1561 -1.0299999999999185
1562 -1.7649999999999069
1563 4.280000000000122
1564 9.624999999999186
1565 -0.9649999999999196
1566 -0.24999999999991634
1567 -0.14999999999991606
1568 19.030000000000676
1569 -0.14499999999991647
1570 4.6599999999999815
1571 -0.1699999999999163
1572 -0.15499999999991584
1573 -0.2649999999999177
1574 -0.71499999999992
1575 -0.6099999999999175
1576 -1.1599999999999198
1577 -0.5649999999999166
1578 3.954999999999833
1579 8.84999999999953
1580 -0.8899999999999191
1581 -0.19999999999991633
1582 4.739999999999797
1583 8.774999999999698
1584 -0.2499999999999157
1585 -0.7449999999999172
1586 -1.1399999999999166
1587 9.439999999999758
1588 4.685000000000113
1589 9.184999999999206
1590 -0.939999999999918
1591 3.985000000000044
1592 4.84999999999978
1593 -0.6199999999999162
1594 -0.6449999999999166
1595 -0.07999999999991644
1596 4.4049999999998395
1597 4.844999999999779
1598 4.15000000000003
1599 4.1049999999999525
1600 8.869999999999587
1601 -0.5099999999999192
1602 4.669999999999786
1603 -0.2099999999999159
1604 -0.13499999999991627
1605 4.004999999999866
1606 -0.2449999999999175
1607 4.649999999999793
1608 4.064999999999884
1609 -1.249999999999912
1610 4.0399999999998855
1611 -0.14999999999991628
1612 -0.07999999999991578
1613 -0.12999999999991582
1614 4.600000000000115
1615 -0.2599999999999166
1616 4.814999999999792
1617 8.930000000000065
1618 -0.28999999999991616
1619 8.800000000000006
1620 -1.0049999999999226
1621 -0.44499999999991763
1622 4.744999999999793
1623 -0.7599999999999186
1624 4.5600000000000875
1625 -0.2199999999999168
1626 4.859999999999769
1627 4.7749999999998
1628 -0.6149999999999164
1629 -0.08499999999991578
1630 -0.15499999999991584
1631 13.809999999999828
1632 4.13500000000012
1633 -0.19499999999991588
1634 4.224999999999847
1635 -0.38499999999991646
1636 -0.12499999999991582
1637 -0.224999999999917
1638 4.629999999999968
1639 -0.31999999999991685
1640 -0.1949999999999172
1641 -0.039999999999915554
1642 3.6000000000001338
1643 3.7150000000001313
1644 -0.2699999999999166
1645 4.64999999999985
1646 -0.14999999999991603
1647 -1.1199999999999168
1648 -1.254999999999913
1649 -0.7599999999999176
1650 -0.11999999999991559
1651 4.199999999999803
1652 8.999999999999984
1653 19.14500000000089
1654 1.6550000000001235
1655 -0.764999999999919
1656 4.839999999999775
1657 4.774999999999817
1658 4.2299999999998645
1659 -0.32999999999991864
1660 9.774999999999208
1661 -0.27999999999991615
1662 -0.3549999999999173
1663 -0.6649999999999175
1664 -0.7349999999999165
1665 -0.8949999999999166
1666 -0.10499999999991581
1667 -0.18499999999991606
1668 14.710000000000333
1669 -0.1549999999999163
1670 4.3649999999998546
1671 19.385000000000726
1672 -0.16499999999991607
1673 -0.854999999999919
1674 -0.709999999999918
1675 -0.06499999999991576
1676 14.329999999999462
1677 -0.7349999999999187
1678 -0.5699999999999168
1679 -0.3249999999999173
1680 3.950000000000113
1681 -0.19499999999991585
1682 -0.5849999999999166
1683 -0.10999999999991558
1684 -0.06499999999991643
1685 -0.16999999999991605
1686 9.819999999999244
1687 -0.24999999999991634
1688 -0.7849999999999177
1689 4.605000000000115
1690 -1.4549999999999108
1691 -0.5949999999999177
1692 -0.1399999999999165
1693 -0.19499999999991632
1694 4.859999999999768
1695 -0.6349999999999164
1696 -0.6499999999999166
1697 4.464999999999867
1698 -1.2149999999999137
1699 -0.15999999999991585
1700 4.799999999999767
1701 -0.7299999999999167
1702 -0.1799999999999161
1703 -0.35999999999991666
1704 -0.2999999999999166
1705 -0.5499999999999179
1706 -1.0999999999999193
1707 -0.17999999999991784
1708 14.635000000000401
1709 -1.0199999999999165
1710 -0.5949999999999164
1711 -0.8849999999999166
1712 -0.1349999999999165
1713 -0.5799999999999168
1714 4.64500000000001
1715 -0.24499999999991745
1716 3.9549999999998384
1717 -0.17999999999991606
1718 3.7649999999998442
1719 9.139999999999668
1720 4.244999999999807
1721 -0.8249999999999172
1722 4.29000000000012
1723 -0.9499999999999182
1724 -0.06499999999991556
1725 -0.6349999999999171
1726 -0.7499999999999167
1727 -1.309999999999916
1728 -0.20999999999991611
1729 -0.2049999999999159
1730 -0.13499999999991583
1731 -0.15999999999991607
1732 -0.1799999999999163
1733 4.340000000000102
1734 -0.389999999999916
1735 -0.1499999999999165
1736 -0.6949999999999169
1737 -0.21999999999991657
1738 -0.6399999999999162
1739 -0.10999999999991623
1740 4.39500000000011
1741 -0.10499999999991602
1742 -0.4949999999999168
1743 -0.5899999999999177
1744 4.304999999999815
1745 -0.5049999999999161
1746 -0.11999999999991603
1747 4.155000000000123
1748 -0.12499999999991558
1749 3.989999999999829
1750 3.9700000000000983
1751 -0.09499999999991557
1752 8.859999999999637
1753 -0.11499999999991581
1754 -0.7799999999999172
1755 -0.6549999999999178
1756 8.924999999999196
1757 -0.24499999999991615
1758 -0.17499999999991675
1759 -0.1899999999999164
1760 -1.3949999999999108
1761 -0.6299999999999177
1762 3.240000000000144
1763 -0.469999999999917
1764 4.474999999999778
1765 -0.06999999999991621
1766 -1.2199999999999172
1767 4.520000000000117
1768 -0.9149999999999182
1769 4.8299999999997665
1770 -0.6849999999999169
1771 4.154999999999811
1772 -0.9049999999999186
1773 -0.4349999999999172
1774 -0.16999999999991652
1775 14.225000000000158
1776 4.095000000000124
1777 4.260000000000122
1778 -0.7099999999999178
1779 4.814999999999822
1780 -0.20999999999991611
1781 4.715000000000113
1782 -0.14999999999991606
1783 -0.23999999999991567
1784 -0.4149999999999174
1785 -0.4699999999999172
1786 -0.12499999999991669
1787 -0.5949999999999179
1788 14.710000000000402
1789 -0.9349999999999178
1790 -1.0349999999999193
1791 -0.2899999999999168
1792 -0.7549999999999178
1793 -1.1549999999999183
1794 9.83999999999923
1795 9.38499999999998
1796 14.820000000000455
1797 -0.22999999999991635
1798 -0.774999999999917
1799 -0.8099999999999192
1800 4.239999999999809
1801 -1.5499999999999106
1802 -0.8449999999999175
1803 -0.12999999999991668
1804 -0.8549999999999204
1805 -0.10499999999991558
1806 -0.18499999999991587
1807 -0.7399999999999183
1808 4.135000000000088
1809 -0.19499999999991632
1810 4.065000000000007
1811 4.684999999999857
1812 -0.8049999999999192
1813 4.72999999999992
1814 -0.28499999999991593
1815 9.084999999999328
1816 -0.3649999999999169
1817 -0.46499999999991876
1818 -1.049999999999918
1819 -0.2399999999999157
1820 -0.15499999999991584
1821 8.769999999999998
1822 -0.3999999999999165
1823 -0.8599999999999188
1824 -0.16499999999991607
1825 -0.10499999999991602
1826 4.694999999999771
1827 -0.7949999999999223
1828 4.424999999999843
1829 -0.12499999999991626
1830 -0.08999999999991622
1831 -0.48999999999991634
1832 -0.24999999999991615
1833 -0.7249999999999176
1834 -0.35499999999991644
1835 -0.14999999999991603
1836 -0.639999999999916
1837 4.88999999999976
1838 -0.7199999999999169
1839 -0.11999999999991559
1840 3.8699999999999894
1841 -0.42499999999991805
1842 4.0999999999998495
1843 4.384999999999778
1844 4.015000000000127
1845 -0.4199999999999167
1846 -0.14999999999991673
1847 -0.11499999999991624
1848 -0.28499999999991704
1849 -0.16499999999991627
1850 -0.14499999999991584
1851 -0.9699999999999188
1852 4.919999999999779
1853 4.894999999999859
1854 -0.7299999999999187
1855 4.620000000000115
1856 4.359999999999784
1857 -0.6099999999999168
1858 4.5000000000001155
1859 4.405000000000119
1860 -0.489999999999917
1861 -0.5999999999999166
1862 4.309999999999829
1863 9.314999999999163
1864 -0.30499999999991617
1865 4.490000000000089
1866 4.094999999999857
1867 -0.08999999999991579
1868 4.385000000000073
1869 -0.1299999999999165
1870 4.8399999999997805
1871 -0.07999999999991556
1872 -0.1799999999999163
1873 4.304999999999939
1874 -0.06499999999991621
1875 -0.12499999999991582
1876 -0.2049999999999161
1877 -0.15999999999991585
1878 -0.06999999999991621
1879 -0.684999999999916
1880 -0.11499999999991602
1881 -0.9249999999999182
1882 -0.2949999999999157
1883 -0.7199999999999174
1884 -0.18999999999991565
1885 -0.10499999999991624
1886 4.224999999999882
1887 4.704999999999773
1888 -0.13999999999991672
1889 -0.784999999999917
1890 3.7799999999999434
1891 -0.6699999999999176
1892 -0.17499999999991564
1893 -0.6099999999999164
1894 -0.8049999999999161
1895 -0.974999999999918
1896 3.7250000000001267
1897 -0.244999999999917
1898 -0.4449999999999185
1899 -0.6299999999999168
1900 4.304999999999854
1901 -0.21499999999991612
1902 -0.619999999999916
1903 -0.5299999999999161
1904 -0.05999999999991599
1905 -0.7399999999999172
1906 -0.15499999999991607
1907 -1.1449999999999143
1908 -0.2099999999999163
1909 -0.36999999999991756
1910 -0.24499999999991615
1911 -0.13999999999991625
1912 -0.15999999999991607
1913 -0.43499999999991806
1914 -0.5549999999999163
1915 -1.2249999999999153
1916 -0.8699999999999177
1917 -0.18999999999991588
1918 -0.14499999999991672
1919 -0.7549999999999172
1920 -0.13499999999991558
1921 -0.2799999999999166
1922 -0.3049999999999166
1923 -0.10499999999991579
1924 9.439999999999179
1925 4.679999999999802
1926 -0.10499999999991559
1927 4.509999999999828
1928 -0.7299999999999167
1929 -0.10499999999991624
1930 -0.13499999999991671
1931 -0.5099999999999163
1932 4.894999999999776
1933 -0.09999999999991581
1934 4.85499999999981
1935 4.154999999999928
1936 -0.6099999999999164
1937 9.259999999999225
1938 -0.40999999999991715
1939 -0.1299999999999167
1940 -0.2649999999999168
1941 9.019999999999973
1942 4.12999999999987
1943 9.369999999999202
1944 -0.22499999999991632
1945 4.32999999999996
1946 -0.19999999999991633
1947 -0.1349999999999165
1948 -0.3099999999999164
1949 -0.12499999999991605
1950 -0.7099999999999174
1951 -0.11499999999991603
1952 -0.5299999999999183
1953 4.269999999999849
1954 -0.14499999999991584
1955 -0.15499999999991607
1956 -0.8999999999999178
1957 -0.2649999999999166
1958 3.635000000000117
1959 -0.23499999999991614
1960 -0.2299999999999161
1961 -0.6799999999999167
1962 4.834999999999766
1963 4.859999999999773
1964 -0.1299999999999156
1965 -0.30999999999991706
1966 4.559999999999936
1967 -0.2899999999999168
1968 -0.20999999999991678
1969 4.489999999999848
1970 -0.16999999999991608
1971 -0.4299999999999174
1972 -0.6999999999999167
1973 -0.3149999999999162
1974 3.7450000000001324
1975 -0.18999999999991632
1976 -0.6249999999999164
1977 -0.14499999999991714
1978 -0.559999999999917
1979 3.9200000000001287
1980 -0.20499999999991567
1981 -0.2249999999999168
1982 7.949999999999297
1983 4.849999999999777
1984 -1.1849999999999152
1985 3.804999999999847
1986 3.290000000000143
1987 9.094999999999184
1988 4.844999999999779
1989 -0.5149999999999165
1990 4.6999999999997994
1991 4.159999999999813
1992 4.814999999999797
1993 -0.6649999999999191
1994 9.749999999999254
1995 -0.6349999999999169
1996 -0.1249999999999156
1997 -0.659999999999916
1998 -0.28999999999991616
1999 4.7599999999997875
5421.836497306824
