0 2.520000000000014
1 6.9699999999999545
2 -2.1599999999999175
3 1.8150000000001176
4 36.29499999999966
5 -3.099999999999899
6 12.349999999999877
7 2.7249999999999943
8 -2.0649999999999165
9 7.230000000000151
10 5.840000000000089
11 2.9549999999999894
12 2.9900000000000295
13 1.8100000000001721
14 11.019999999999467
15 21.669999999999874
16 3.2200000000000877
17 7.690000000000149
18 17.844999999999988
19 17.019999999999612
20 26.639999999999954
21 2.5150000000001596
22 11.104999999999718
23 17.880000000000077
24 -2.3999999999999084
25 12.039999999999768
26 21.234999999999868
27 0.5700000000001779
28 6.480000000000116
29 -2.049999999999919
30 2.1700000000001083
31 -2.219999999999914
32 8.17999999999973
33 7.224999999999998
34 10.899999999999563
35 26.960000000000196
36 15.04499999999974
37 17.399999999999903
38 2.8200000000000967
39 31.82499999999924
40 18.05499999999976
41 21.05000000000019
42 7.909999999999486
43 11.739999999999633
44 17.369999999999784
45 2.670000000000097
46 13.10499999999981
47 17.86999999999982
48 -1.9049999999999208
49 13.099999999999964
50 3.225000000000109
51 6.619999999999992
52 19.599999999999458
53 16.919999999999956
54 -3.054999999999889
55 12.779999999999774
56 1.6000000000000643
57 0.3650000000001794
58 32.85999999999992
59 3.0199999999999347
60 12.029999999999857
61 1.0250000000001096
62 4.2300000000001585
63 17.635000000000034
64 6.735000000000153
65 6.355000000000058
66 12.374999999999673
67 17.314999999999735
68 17.51999999999945
69 21.229999999999855
70 12.654999999999761
71 27.600000000000048
72 10.804999999999525
73 -1.8699999999999204
74 7.594999999999689
75 -2.0249999999999178
76 2.0000000000001705
77 11.440000000000015
78 2.639999999999982
79 8.215000000000034
80 17.780000000000065
81 5.734999999999776
82 7.579999999999807
83 3.115000000000092
84 3.185000000000092
85 10.8499999999998
86 16.679999999999467
87 17.885000000000122
88 11.434999999999498
89 13.09999999999981
90 7.594999999999558
91 25.785000000000057
92 2.115000000000159
93 7.650000000000015
94 17.88999999999978
95 6.894999999999721
96 6.32500000000016
97 31.440000000000254
98 26.6650000000002
99 17.92000000000022
100 11.329999999999853
101 -2.5049999999999017
102 12.624999999999462
103 3.5249999999999675
104 2.8650000000001032
105 11.014999999999914
106 2.5849999999999813
107 17.81499999999998
108 7.190000000000085
109 17.929999999999687
110 26.780000000000076
111 11.844999999999786
112 21.00500000000027
113 -2.229999999999911
114 13.049999999999724
115 -2.559999999999903
116 2.7750000000001354
117 8.024999999999629
118 8.194999999999649
119 21.97999999999974
120 2.7750000000001265
121 2.3200000000001477
122 22.845000000000095
123 17.820000000000192
124 16.739999999999736
125 8.29999999999938
126 2.9950000000001262
127 7.854999999999856
128 13.009999999999657
129 12.874999999999826
130 17.89499999999994
131 12.320000000000036
132 31.090000000000256
133 18.185000000000098
134 2.1700000000001403
135 21.005000000000123
136 13.11499999999965
137 7.3399999999995575
138 17.464999999999744
139 12.144999999999712
140 -2.269999999999904
141 11.869999999999935
142 18.01500000000013
143 -1.399999999999922
144 11.98999999999966
145 26.804999999999705
146 13.13499999999988
147 22.589999999999872
148 1.1100000000000265
149 18.104999999999848
150 18.279999999999895
151 -2.729999999999896
152 2.654999999999945
153 15.869999999999466
154 2.1399999999999952
155 21.60499999999996
156 2.6250000000001394
157 3.360000000000098
158 13.15999999999983
159 -1.569999999999917
160 2.32499999999996
161 12.939999999999657
162 -1.7699999999999156
163 37.720000000000056
164 22.474999999999703
165 23.074999999999825
166 7.665000000000069
167 17.34499999999964
168 17.025000000000254
169 3.435000000000133
170 11.854999999999785
171 7.519999999999598
172 8.030000000000022
173 0.6400000000001815
174 8.239999999999396
175 3.209999999999982
176 17.80499999999999
177 16.76500000000007
178 17.41999999999938
179 7.3399999999994865
180 2.8899999999999535
181 2.2550000000001624
182 21.864999999999842
183 6.849999999999992
184 41.389999999999276
185 6.974999999999945
186 11.144999999999284
187 -2.4349999999999037
188 8.099999999999598
189 1.500000000000159
190 8.289999999999504
191 17.39999999999969
192 -4.874999999999854
193 27.775000000000066
194 12.934999999999789
195 -2.6949999999998937
196 -1.2199999999999194
197 -1.224999999999921
198 10.79999999999954
199 -1.944999999999914
200 27.08500000000022
201 2.1250000000001155
202 3.130000000000093
203 16.409999999999613
204 2.2700000000001337
205 8.259999999999707
206 7.975000000000009
207 7.274999999999947
208 -2.3549999999999063
209 -2.2949999999999044
210 7.7999999999996765
211 -2.5749999999998967
212 12.67499999999986
213 12.174999999999889
214 3.705000000000066
215 27.24499999999972
216 1.2650000000001491
217 3.854999999999885
218 3.625000000000136
219 -3.92499999999987
220 7.384999999999511
221 22.045000000000343
222 7.324999999999559
223 3.4699999999999864
224 3.4599999999999076
225 16.844999999999853
226 13.089999999999755
227 16.979999999999624
228 13.609999999999657
229 8.509999999999573
230 21.555000000000156
231 7.110000000000087
232 13.469999999999773
233 7.359999999999828
234 2.3600000000001184
235 17.00000000000041
236 15.075000000000147
237 3.34500000000014
238 36.389999999998956
239 12.94499999999967
240 -1.5999999999999157
241 8.524999999999887
242 12.50499999999967
243 17.850000000000236
244 26.555000000000373
245 26.74500000000049
246 13.309999999999802
247 12.574999999999838
248 18.085000000000345
249 7.0400000000000365
250 7.88999999999971
251 11.909999999999597
252 -1.6399999999999133
253 3.080000000000017
254 -1.4199999999999169
255 -1.549999999999915
256 33.49999999999956
257 -2.0449999999999084
258 7.429999999999831
259 11.749999999999972
260 42.57499999999983
261 7.0099999999999545
262 12.070000000000077
263 23.08999999999993
264 17.434999999999754
265 3.4449999999998884
266 1.66999999999997
267 8.525000000000057
268 2.5950000000000895
269 7.424999999999624
270 13.639999999999965
271 14.819999999999936
272 -1.6249999999999134
273 11.589999999999442
274 -1.5599999999999148
275 17.9549999999997
276 23.294999999999803
277 6.304999999999913
278 3.5199999999998806
279 27.845000000000447
280 22.440000000000058
281 12.889999999999645
282 7.994999999999561
283 17.405000000000456
284 11.754999999999951
285 -1.6949999999999141
286 12.914999999999392
287 22.179999999999712
288 3.24499999999992
289 6.759999999999686
290 3.4000000000001362
291 3.290000000000095
292 12.694999999999542
293 8.239999999999782
294 3.4550000000000196
295 3.3800000000000865
296 2.58500000000015
297 2.38000000000011
298 8.335000000000063
299 32.47499999999973
300 8.334999999999695
301 8.23999999999998
302 2.5750000000000846
303 10.449999999999568
304 9.895000000000147
305 11.754999999999672
306 2.1550000000001353
307 7.219999999999678
308 8.070000000000093
309 1.0500000000001841
310 2.225000000000099
311 32.99499999999974
312 3.4000000000001407
313 17.41500000000011
314 31.98999999999917
315 12.104999999999993
316 12.199999999999662
317 3.4100000000001014
318 -1.999999999999912
319 16.699999999999964
320 -1.6199999999999173
321 2.2799999999999416
322 7.88000000000001
323 16.754999999999548
324 12.259999999999927
325 20.14500000000045
326 3.40500000000009
327 22.169999999999895
328 2.9199999999999777
329 3.320000000000138
330 27.01000000000004
331 7.735000000000003
332 8.204999999999705
333 16.779999999999845
334 1.5450000000001158
335 13.159999999999442
336 3.4850000000001167
337 -2.824999999999892
338 7.429999999999887
339 6.755000000000174
340 3.5649999999999
341 3.3250000000001423
342 6.664999999999491
343 2.879999999999911
344 2.540000000000047
345 -1.149999999999919
346 3.0650000000001274
347 2.9049999999999887
348 3.550000000000086
349 15.185000000000025
350 16.265000000000054
351 -2.1149999999999034
352 22.755000000000244
353 7.444999999999579
354 7.059999999999759
355 -2.7749999999998956
356 13.7499999999998
357 18.700000000000152
358 2.670000000000151
359 -2.7049999999998935
360 12.559999999999906
361 8.334999999999567
362 1.7050000000001189
363 23.380000000000127
364 21.760000000000407
365 7.330000000000127
366 8.814999999999891
367 11.9599999999994
368 2.6150000000001503
369 -2.8699999999998904
370 7.064999999999621
371 -1.3699999999999173
372 22.32500000000033
373 3.4500000000001103
374 13.309999999999704
375 16.884999999999597
376 2.209999999999991
377 3.875000000000078
378 6.319999999999907
379 12.954999999999817
380 7.984999999999897
381 2.199999999999993
382 3.8799999999999573
383 2.23500000000016
384 16.79499999999979
385 -1.6949999999999141
386 2.884999999999911
387 26.39500000000018
388 12.934999999999558
389 7.1700000000001145
390 -0.06499999999987513
391 -1.9199999999999084
392 2.510000000000132
393 3.609999999999915
394 7.085000000000009
395 -1.6849999999999126
396 2.6200000000001458
397 17.554999999999815
398 -1.4099999999999175
399 3.649999999999939
400 -1.4199999999999156
401 8.109999999999761
402 27.73999999999974
403 -1.6249999999999138
404 12.929999999999808
405 7.23999999999987
406 -1.434999999999916
407 -1.1949999999999206
408 2.6349999999999385
409 8.564999999999898
410 -1.5199999999999125
411 8.29999999999989
412 -0.9049999999999204
413 -1.8149999999999118
414 23.365000000000066
415 11.759999999999701
416 1.5400000000001157
417 -1.2649999999999222
418 8.129999999999438
419 6.525000000000112
420 12.299999999999558
421 13.214999999999392
422 11.654999999999815
423 11.324999999999266
424 2.255000000000165
425 7.470000000000063
426 2.855000000000101
427 8.47499999999936
428 8.414999999999868
429 1.5900000000001764
430 7.070000000000083
431 -1.2949999999999189
432 3.250000000000136
433 -1.4949999999999164
434 8.779999999999703
435 3.32000000000013
436 3.4300000000001205
437 13.334999999999946
438 3.5300000000000393
439 2.545000000000098
440 6.964999999999833
441 23.205000000000364
442 17.765000000000242
443 -1.0199999999999216
444 6.715000000000119
445 2.1800000000001356
446 2.555000000000101
447 23.515000000000104
448 16.92499999999982
449 28.185000000000223
450 2.515000000000077
451 -1.3499999999999164
452 2.820000000000153
453 20.445000000000142
454 3.0600000000001106
455 6.1800000000000495
456 13.344999999999919
457 6.924999999999447
458 3.395000000000141
459 7.934999999999629
460 8.464999999999815
461 -1.8999999999999075
462 17.50000000000025
463 -1.129999999999918
464 8.195000000000073
465 3.06000000000013
466 -1.3499999999999173
467 5.535000000000149
468 -2.594999999999892
469 15.220000000000024
470 -1.5249999999999142
471 3.0599999999999214
472 3.5450000000000603
473 2.4600000000001137
474 13.269999999999742
475 20.929999999999936
476 2.7599999999999474
477 18.140000000000164
478 -1.9299999999999122
479 11.604999999999764
480 12.8399999999995
481 3.51500000000002
482 23.189999999999884
483 1.1150000000001805
484 7.67499999999939
485 -2.0799999999999024
486 3.345000000000086
487 6.965000000000079
488 2.7400000000001548
489 8.17499999999937
490 12.080000000000098
491 16.829999999999472
492 11.779999999999664
493 3.44000000000014
494 3.39000000000014
495 2.954999999999947
496 3.2150000000001446
497 -2.489999999999904
498 7.9749999999993175
499 17.95499999999982
500 7.729999999999971
501 -1.4449999999999146
502 3.1549999999999443
503 22.6800000000004
504 3.0850000000000852
505 -1.2549999999999168
506 1.5600000000001224
507 7.254999999999392
508 -2.039999999999906
509 -2.3599999999999004
510 8.609999999999342
511 -1.1399999999999197
512 8.870000000000037
513 2.3050000000001587
514 15.249999999999487
515 7.669999999999972
516 -2.194999999999906
517 3.2850000000001147
518 3.24499999999992
519 13.884999999999797
520 -0.93999999999992
521 8.524999999999348
522 -1.8449999999999123
523 19.54500000000008
524 22.454999999999746
525 -1.209999999999916
526 13.079999999999663
527 6.7250000000001755
528 -2.2349999999999035
529 8.525000000000055
530 3.2500000000000737
531 28.14000000000025
532 -1.1299999999999193
533 1.8949999999999312
534 -1.3349999999999163
535 6.769999999999835
536 2.6600000000000983
537 32.179999999999765
538 3.390000000000141
539 -2.924999999999894
540 -1.3799999999999164
541 8.349999999999618
542 -1.3849999999999163
543 13.209999999999633
544 -1.1749999999999177
545 2.4000000000001407
546 -1.8249999999999071
547 -1.1899999999999171
548 7.914999999999644
549 3.8849999999998577
550 -1.3999999999999133
551 -1.819999999999912
552 31.84500000000021
553 3.154999999999954
554 -1.0899999999999186
555 3.3550000000001203
556 -1.284999999999915
557 -1.694999999999909
558 -0.8499999999999213
559 12.329999999999805
560 7.764999999999684
561 12.979999999999787
562 2.930000000000147
563 1.5499999999999627
564 11.999999999999606
565 12.239999999999846
566 12.169999999999416
567 6.425000000000139
568 -1.359999999999915
569 7.244999999999392
570 8.574999999999305
571 28.37500000000015
572 2.8250000000001467
573 -1.29999999999992
574 -0.9849999999999225
575 2.8850000000001517
576 3.68499999999986
577 1.9650000000001713
578 -1.969999999999912
579 18.51000000000031
580 3.5299999999999168
581 -1.3049999999999176
582 12.88499999999951
583 8.10999999999964
584 -1.1799999999999176
585 8.20999999999975
586 1.3199999999999559
587 32.704999999999856
588 12.329999999999465
589 11.89499999999939
590 7.2649999999998265
591 -2.8599999999998906
592 2.785000000000113
593 2.5650000000001585
594 7.700000000000077
595 12.914999999999976
596 -2.06499999999991
597 7.39999999999944
598 2.5250000000001593
599 3.759999999999878
600 -2.1749999999999026
601 -1.304999999999916
602 3.874999999999849
603 7.739999999999303
604 7.47000000000003
605 4.184999999999839
606 4.104999999999933
607 3.779999999999914
608 3.3050000000001427
609 8.789999999999942
610 -1.3399999999999141
611 4.979999999999971
612 -1.4199999999999142
613 7.379999999999865
614 13.384999999999891
615 12.564999999999781
616 3.2500000000001217
617 2.539999999999959
618 8.13499999999967
619 -1.4449999999999137
620 -1.2799999999999148
621 18.220000000000322
622 1.6650000000001575
623 7.924999999999844
624 3.605000000000004
625 8.439999999999694
626 3.2150000000000025
627 7.809999999999389
628 -1.7649999999999095
629 8.005000000000129
630 2.9999999999999796
631 3.8399999999999572
632 3.275000000000138
633 8.575000000000097
634 13.274999999999682
635 3.57000000000013
636 -1.7199999999999107
637 22.59999999999961
638 -1.2149999999999186
639 3.165000000000054
640 -1.7049999999999106
641 8.749999999999313
642 8.499999999999421
643 -1.1449999999999223
644 13.529999999999934
645 2.6550000000000953
646 3.600000000000116
647 -1.8299999999999055
648 8.58499999999944
649 3.594999999999942
650 -1.6299999999999208
651 12.584999999999882
652 17.824999999999722
653 -1.174999999999918
654 -1.6749999999999163
655 -0.9849999999999227
656 17.255000000000166
657 -1.2999999999999179
658 3.979999999999926
659 8.264999999999391
660 8.249999999999478
661 13.569999999999792
662 2.7100000000001554
663 17.424999999999983
664 13.319999999999787
665 8.87999999999935
666 -1.1199999999999182
667 8.30999999999993
668 -1.3049999999999162
669 -0.9949999999999205
670 3.669999999999864
671 8.82999999999929
672 17.78499999999973
673 -1.2399999999999163
674 -2.094999999999904
675 18.42000000000051
676 12.894999999999921
677 16.110000000000237
678 2.7100000000000604
679 6.5749999999999496
680 32.27999999999954
681 8.629999999999344
682 -1.929999999999907
683 2.015000000000133
684 -1.87499999999991
685 8.459999999999361
686 -2.034999999999904
687 8.834999999999836
688 11.799999999999596
689 -1.2449999999999155
690 3.8400000000001313
691 8.654999999999445
692 -1.4249999999999137
693 6.995000000000145
694 16.639999999999887
695 8.370000000000058
696 -4.129999999999869
697 -1.3349999999999143
698 3.6199999999998864
699 2.8650000000001414
700 13.484999999999907
701 2.8999999999999053
702 8.585000000000061
703 3.2750000000000874
704 12.119999999999866
705 -1.3499999999999175
706 12.529999999999488
707 1.8400000000001102
708 8.514999999999342
709 7.9049999999999665
710 9.0299999999994
711 -1.1199999999999175
712 -1.0899999999999197
713 7.7499999999992175
714 3.0449999999999946
715 3.0850000000000954
716 8.939999999999412
717 21.720000000000613
718 8.589999999999334
719 -0.969999999999922
720 10.929999999999815
721 8.404999999999335
722 2.4800000000001003
723 -2.534999999999897
724 3.125000000000039
725 3.6450000000001355
726 -1.4999999999999103
727 -1.1249999999999174
728 16.859999999999822
729 -0.9199999999999205
730 3.6449999999999143
731 8.094999999999997
732 8.739999999999581
733 2.87999999999988
734 -1.6149999999999125
735 6.859999999999867
736 -1.1399999999999189
737 -1.0849999999999183
738 2.340000000000141
739 8.054999999999298
740 2.0700000000001646
741 7.984999999999317
742 27.089999999999808
743 8.599999999999598
744 3.5150000000001196
745 18.49500000000017
746 -0.8749999999999198
747 3.494999999999987
748 4.019999999999874
749 13.215000000000009
750 7.680000000000067
751 7.380000000000015
752 3.490000000000121
753 8.399999999999865
754 3.7799999999999807
755 -1.2649999999999173
756 -1.2699999999999183
757 -1.0149999999999202
758 -0.9199999999999204
759 8.799999999999395
760 31.629999999999566
761 3.0300000000001486
762 -1.3199999999999175
763 2.7900000000001492
764 -1.2799999999999159
765 -2.014999999999907
766 3.9999999999998392
767 7.989999999999308
768 3.014999999999901
769 -1.5399999999999139
770 -1.9949999999999046
771 -1.9199999999999091
772 2.499999999999944
773 3.770000000000133
774 -2.8699999999998873
775 3.8199999999999745
776 -1.2499999999999174
777 17.159999999999762
778 8.384999999999991
779 -1.1999999999999167
780 3.1550000000000886
781 3.715000000000071
782 8.034999999999954
783 8.139999999999882
784 7.015000000000074
785 -1.0949999999999185
786 13.999999999999625
787 3.6549999999999194
788 -1.2649999999999157
789 -1.2449999999999177
790 3.1349999999999874
791 3.210000000000117
792 18.145000000000255
793 4.115000000000106
794 -1.2449999999999155
795 3.7600000000000113
796 3.779999999999905
797 8.599999999999712
798 3.7000000000000606
799 8.43499999999994
800 12.824999999999907
801 -1.049999999999918
802 3.7399999999998856
803 13.059999999999869
804 -1.5299999999999123
805 -0.8499999999999204
806 8.014999999999862
807 7.510000000000053
808 8.514999999999974
809 21.295
810 -1.0999999999999215
811 -1.1249999999999194
812 3.6699999999999653
813 1.935000000000142
814 -1.8499999999999084
815 -1.2699999999999165
816 -1.314999999999916
817 8.229999999999926
818 17.95500000000009
819 13.60499999999981
820 3.590000000000134
821 11.414999999999344
822 8.634999999999318
823 -3.1349999999998865
824 -1.2599999999999174
825 -0.9999999999999203
826 18.43999999999975
827 -1.4099999999999147
828 2.4150000000001564
829 -2.1899999999998987
830 8.484999999999797
831 3.760000000000132
832 8.74499999999928
833 8.649999999999343
834 -1.4699999999999127
835 -0.914999999999922
836 13.369999999999411
837 -0.9249999999999204
838 3.475000000000139
839 8.24999999999984
840 -1.2849999999999173
841 2.485000000000145
842 33.519999999999094
843 -1.1599999999999187
844 2.635000000000157
845 8.42499999999942
846 -1.119999999999919
847 -2.9949999999998935
848 -1.1149999999999205
849 -1.1399999999999175
850 -1.434999999999915
851 -1.2849999999999147
852 2.7000000000001556
853 12.854999999999992
854 -1.324999999999917
855 -1.0699999999999186
856 -1.189999999999917
857 8.409999999999336
858 -1.079999999999919
859 -1.4999999999999103
860 -2.0949999999999083
861 -2.409999999999897
862 23.015000000000587
863 3.1450000000001177
864 -1.3899999999999137
865 3.9400000000000883
866 -1.2999999999999154
867 13.439999999999896
868 13.234999999999273
869 8.204999999999838
870 -1.2349999999999177
871 3.879999999999991
872 -2.1049999999999067
873 9.124999999999318
874 -2.154999999999909
875 3.744999999999882
876 3.6050000000001354
877 17.204999999999906
878 7.090000000000015
879 -1.0449999999999193
880 -1.1149999999999185
881 -0.9399999999999193
882 -1.0649999999999198
883 8.67999999999942
884 -1.1149999999999196
885 13.314999999999523
886 -0.6549999999999195
887 23.3650000000001
888 8.515000000000018
889 17.19000000000012
890 3.6199999999998944
891 3.0400000000001484
892 4.115000000000086
893 22.015000000000434
894 3.289999999999872
895 17.43500000000016
896 -0.9799999999999196
897 3.4550000000001386
898 13.399999999999396
899 21.86499999999963
900 18.385000000000325
901 8.334999999999232
902 3.774999999999922
903 -1.4399999999999147
904 8.310000000000047
905 -0.8299999999999197
906 8.429999999999435
907 3.8049999999998585
908 3.905000000000074
909 3.2350000000000563
910 8.80999999999946
911 23.18000000000033
912 3.2750000000001434
913 3.8200000000001264
914 7.630000000000079
915 -1.5749999999999105
916 13.410000000000185
917 3.619999999999899
918 13.679999999999827
919 8.529999999999937
920 -1.424999999999911
921 13.569999999999792
922 8.72499999999934
923 22.635000000000698
924 -1.5649999999999151
925 -1.214999999999918
926 -1.6149999999999098
927 3.9449999999998866
928 12.334999999999663
929 8.614999999999341
930 3.609999999999938
931 -2.774999999999883
932 3.924999999999839
933 -0.9649999999999187
934 13.57499999999972
935 8.174999999999846
936 -0.7599999999999192
937 8.814999999999358
938 -3.1749999999998764
939 3.5250000000000057
940 5.924999999999866
941 17.335000000000075
942 -0.929999999999922
943 8.284999999999371
944 -1.3199999999999164
945 -1.0299999999999194
946 3.944999999999956
947 3.86999999999985
948 3.4400000000000883
949 3.5399999999999165
950 -1.0299999999999176
951 2.740000000000056
952 2.0100000000001232
953 12.239999999999755
954 -0.779999999999919
955 -0.9399999999999187
956 -1.2099999999999165
957 8.714999999999344
958 -1.7049999999999115
959 -0.7149999999999198
960 3.659999999999875
961 12.364999999999212
962 8.574999999999367
963 2.825000000000146
964 -1.2249999999999197
965 -2.944999999999883
966 12.72999999999977
967 18.53500000000017
968 -1.3299999999999135
969 8.104999999999267
970 3.959999999999863
971 9.294999999999275
972 27.560000000000176
973 7.889999999999495
974 -1.434999999999911
975 3.535000000000138
976 3.439999999999909
977 -0.7199999999999189
978 -0.9749999999999194
979 -1.5399999999999108
980 3.5299999999999887
981 -1.1449999999999185
982 17.375000000000178
983 4.18000000000002
984 17.589999999999968
985 18.020000000000287
986 3.834999999999958
987 22.97000000000079
988 -1.0949999999999174
989 18.359999999999943
990 -0.8849999999999186
991 -0.5249999999999183
992 6.7450000000000365
993 -0.9299999999999201
994 3.7750000000001283
995 -1.164999999999916
996 3.9549999999998384
997 -1.6299999999999115
998 -0.8849999999999191
999 13.284999999999684
1000 3.9499999999998723
1001 3.8750000000001306
1002 8.684999999999295
1003 -1.799999999999909
1004 -1.984999999999909
1005 12.454999999999533
1006 -1.1949999999999195
1007 -3.00999999999989
1008 37.06999999999985
1009 17.30999999999996
1010 2.675000000000008
1011 7.335000000000087
1012 13.669999999999265
1013 3.8249999999998883
1014 -2.709999999999896
1015 -1.2199999999999154
1016 -1.1749999999999197
1017 13.554999999999488
1018 2.820000000000153
1019 -1.0399999999999192
1020 13.659999999999796
1021 -0.7399999999999203
1022 3.1450000000000617
1023 -1.1599999999999187
1024 16.32499999999945
1025 8.119999999999736
1026 8.504999999999532
1027 12.359999999999681
1028 8.069999999999425
1029 2.24500000000013
1030 7.149999999999351
1031 8.944999999999332
1032 3.155000000000146
1033 22.715000000000504
1034 12.559999999999697
1035 -1.2449999999999175
1036 12.40999999999981
1037 -1.3449999999999165
1038 13.15500000000005
1039 -1.3349999999999123
1040 7.214999999999964
1041 -0.6549999999999202
1042 3.424999999999999
1043 7.899999999999918
1044 3.495000000000121
1045 -0.9949999999999196
1046 3.9899999999999833
1047 3.745000000000114
1048 13.719999999999814
1049 2.6700000000001083
1050 3.1850000000001364
1051 2.625000000000157
1052 4.1150000000000935
1053 22.820000000000075
1054 2.4800000000001603
1055 3.065000000000146
1056 8.604999999999913
1057 3.3150000000001345
1058 8.10499999999997
1059 3.689999999999885
1060 13.609999999999774
1061 8.369999999999457
1062 -1.014999999999919
1063 3.5099999999999936
1064 -0.8699999999999202
1065 -2.1949999999999057
1066 2.6149999999999984
1067 -0.6099999999999186
1068 -1.274999999999915
1069 13.655000000000022
1070 -1.2099999999999158
1071 3.0800000000001475
1072 4.154999999999809
1073 -0.5949999999999188
1074 3.6649999999999405
1075 7.784999999999744
1076 -1.7649999999999089
1077 -0.994999999999919
1078 3.8100000000001275
1079 4.06499999999984
1080 8.244999999999198
1081 -1.5249999999999135
1082 12.329999999999924
1083 4.05499999999983
1084 -1.0449999999999204
1085 7.95999999999989
1086 12.189999999999738
1087 8.654999999999943
1088 17.670000000000186
1089 8.794999999999398
1090 -2.024999999999904
1091 3.6250000000000338
1092 8.354999999999954
1093 3.1850000000001293
1094 -1.0199999999999196
1095 12.949999999999745
1096 7.484999999999403
1097 -1.4199999999999144
1098 7.75499999999996
1099 8.849999999999286
1100 3.7099999999999564
1101 2.775000000000154
1102 13.734999999999904
1103 13.229999999999777
1104 3.110000000000147
1105 4.300000000000071
1106 7.979999999999575
1107 -1.4699999999999147
1108 13.560000000000102
1109 8.829999999999298
1110 23.86000000000028
1111 3.069999999999925
1112 -1.7449999999999097
1113 3.5199999999999623
1114 13.289999999999965
1115 -1.8049999999999076
1116 2.295000000000151
1117 3.4599999999998348
1118 -1.314999999999919
1119 8.564999999999367
1120 -1.664999999999915
1121 8.099999999999564
1122 2.704999999999939
1123 -1.2549999999999164
1124 18.525000000000503
1125 3.6049999999999
1126 -1.0049999999999195
1127 -1.3199999999999175
1128 -1.4899999999999147
1129 -0.599999999999919
1130 -1.3999999999999115
1131 8.909999999999375
1132 8.714999999999275
1133 -0.7699999999999192
1134 -2.1049999999999067
1135 7.484999999999744
1136 4.284999999999975
1137 2.4050000000001237
1138 -1.4799999999999123
1139 3.415000000000024
1140 7.154999999999536
1141 -0.9149999999999198
1142 -1.559999999999913
1143 7.409999999999708
1144 -1.1049999999999203
1145 3.7100000000001243
1146 3.9400000000000643
1147 -1.11999999999992
1148 -1.0899999999999175
1149 3.1950000000001193
1150 -0.8799999999999186
1151 -0.8299999999999197
1152 -0.9449999999999187
1153 16.810000000000024
1154 -1.1849999999999192
1155 -0.9999999999999205
1156 4.444999999999826
1157 13.424999999999347
1158 3.289999999999977
1159 3.599999999999924
1160 -1.314999999999913
1161 -1.839999999999911
1162 -0.7249999999999214
1163 8.61499999999953
1164 4.019999999999878
1165 -2.4149999999998975
1166 -1.294999999999918
1167 18.90500000000041
1168 13.840000000000002
1169 -0.49499999999991845
1170 8.549999999999416
1171 3.2250000000001444
1172 -1.2299999999999156
1173 13.614999999999373
1174 -1.1799999999999173
1175 -1.1149999999999178
1176 3.7100000000001288
1177 -1.4149999999999132
1178 -1.134999999999917
1179 4.009999999999919
1180 3.5000000000000915
1181 13.37499999999966
1182 -0.8099999999999201
1183 7.4799999999995395
1184 7.889999999999877
1185 -1.1299999999999164
1186 -1.264999999999916
1187 -1.294999999999915
1188 7.284999999999156
1189 -1.0299999999999176
1190 3.0550000000000157
1191 4.05499999999982
1192 -0.9399999999999209
1193 3.3200000000001397
1194 -1.234999999999916
1195 2.445000000000153
1196 32.7099999999993
1197 4.110000000000121
1198 -0.749999999999927
1199 7.054999999999659
1200 4.029999999999938
1201 8.144999999999262
1202 -1.0299999999999183
1203 -0.8449999999999188
1204 -1.0399999999999203
1205 3.3600000000001415
1206 -1.2449999999999175
1207 -0.7549999999999185
1208 -0.6149999999999204
1209 -2.054999999999904
1210 12.769999999999815
1211 -1.2949999999999158
1212 7.98500000000007
1213 -1.114999999999917
1214 3.175000000000092
1215 7.9150000000000515
1216 -1.5149999999999106
1217 1.8050000000001267
1218 3.4100000000000312
1219 9.019999999999733
1220 13.074999999999642
1221 4.0499999999998755
1222 -2.074999999999907
1223 -1.9049999999999052
1224 4.304999999999875
1225 -0.9249999999999171
1226 8.214999999999149
1227 9.074999999999747
1228 -0.9549999999999198
1229 4.020000000000113
1230 3.714999999999904
1231 3.519999999999995
1232 9.339999999999321
1233 -0.8199999999999199
1234 4.155000000000125
1235 7.629999999999858
1236 2.9150000000001004
1237 3.4200000000001403
1238 4.1200000000001005
1239 3.5000000000000844
1240 28.150000000000098
1241 4.084999999999813
1242 16.815000000000246
1243 3.6350000000001357
1244 4.239999999999882
1245 -1.644999999999912
1246 -1.389999999999912
1247 3.6950000000000935
1248 3.650000000000121
1249 13.899999999999922
1250 -0.984999999999918
1251 -0.8899999999999191
1252 4.0000000000000435
1253 -0.9599999999999204
1254 4.08999999999982
1255 14.274999999999942
1256 8.079999999999234
1257 -0.779999999999919
1258 9.039999999999242
1259 8.889999999999365
1260 3.490000000000137
1261 -0.5449999999999174
1262 3.3949999999999125
1263 -1.2699999999999185
1264 -1.2749999999999164
1265 8.659999999999208
1266 2.235000000000139
1267 3.629999999999833
1268 8.709999999999635
1269 -1.0199999999999192
1270 2.520000000000141
1271 -1.354999999999916
1272 -1.064999999999919
1273 -0.5799999999999186
1274 -1.0099999999999199
1275 -1.499999999999912
1276 3.500000000000136
1277 4.250000000000123
1278 3.3250000000001423
1279 -0.8999999999999173
1280 3.295000000000142
1281 7.344999999999744
1282 -1.4349999999999112
1283 7.61999999999921
1284 -0.9399999999999187
1285 3.340000000000142
1286 16.429999999999957
1287 3.2750000000000234
1288 14.16000000000008
1289 3.120000000000143
1290 13.184999999999686
1291 3.0200000000001195
1292 3.5300000000000127
1293 -1.3599999999999128
1294 3.060000000000148
1295 -1.8299999999999101
1296 3.5949999999998923
1297 2.270000000000147
1298 3.78000000000012
1299 -1.2249999999999173
1300 13.239999999999407
1301 3.8449999999999562
1302 4.045000000000002
1303 9.054999999999392
1304 -0.6899999999999191
1305 1.4900000000001234
1306 3.2300000000001434
1307 -0.7899999999999181
1308 3.8199999999999763
1309 -1.1649999999999179
1310 -1.2449999999999166
1311 3.9599999999998667
1312 3.9749999999998593
1313 8.10999999999947
1314 22.750000000000032
1315 13.179999999999692
1316 -0.8099999999999192
1317 8.989999999999661
1318 -1.4799999999999087
1319 -1.3399999999999128
1320 -1.1149999999999174
1321 3.219999999999989
1322 3.4750000000000867
1323 -1.7249999999999124
1324 4.260000000000122
1325 -1.1599999999999173
1326 3.6449999999998646
1327 -1.2599999999999159
1328 -0.7599999999999196
1329 4.414999999999834
1330 -0.9299999999999187
1331 -0.8649999999999186
1332 4.1549999999998395
1333 -0.8749999999999184
1334 4.624999999999805
1335 -0.9949999999999201
1336 8.419999999999465
1337 3.5350000000000836
1338 -1.1499999999999184
1339 3.1449999999999223
1340 2.990000000000129
1341 3.9449999999999736
1342 2.7050000000001
1343 -0.9849999999999249
1344 3.6499999999998662
1345 3.58500000000004
1346 6.804999999999431
1347 8.914999999999297
1348 3.590000000000132
1349 -1.1999999999999156
1350 8.599999999999836
1351 -1.039999999999918
1352 -1.1149999999999187
1353 -0.9899999999999198
1354 7.839999999999306
1355 -0.9749999999999187
1356 -1.2899999999999159
1357 4.0449999999998685
1358 3.525000000000138
1359 -1.6299999999999075
1360 -0.509999999999919
1361 3.490000000000137
1362 -0.6999999999999199
1363 -1.7249999999999117
1364 4.069999999999832
1365 -0.5149999999999187
1366 -1.9349999999999057
1367 -1.0349999999999184
1368 -0.9999999999999196
1369 -0.8899999999999191
1370 -0.7899999999999179
1371 -0.8199999999999186
1372 -0.9599999999999191
1373 -0.7649999999999183
1374 -1.0099999999999192
1375 -1.0649999999999182
1376 3.195000000000104
1377 4.4699999999997955
1378 10.330000000000028
1379 -1.204999999999917
1380 -1.0349999999999173
1381 8.114999999999485
1382 18.86500000000027
1383 -0.7399999999999196
1384 4.0099999999999385
1385 3.2649999999998656
1386 -1.429999999999913
1387 22.315000000000005
1388 2.9399999999999435
1389 8.855000000000036
1390 2.585000000000065
1391 22.984999999999342
1392 13.109999999999497
1393 3.3550000000000377
1394 8.02499999999974
1395 3.9600000000001163
1396 -1.6649999999999119
1397 3.3150000000001
1398 13.229999999999565
1399 4.0649999999998245
1400 -0.7299999999999187
1401 13.419999999999835
1402 3.6550000000001353
1403 -1.4299999999999131
1404 -0.9499999999999189
1405 3.6199999999999344
1406 4.019999999999828
1407 4.039999999999838
1408 3.4999999999999583
1409 -1.0949999999999178
1410 -1.0699999999999183
1411 8.824999999999253
1412 -0.789999999999919
1413 3.545000000000088
1414 -1.4749999999999102
1415 4.109999999999856
1416 6.45000000000009
1417 7.540000000000104
1418 -0.8449999999999177
1419 8.774999999999968
1420 8.764999999999713
1421 13.824999999999793
1422 3.8149999999999125
1423 3.6700000000000887
1424 -0.9299999999999196
1425 3.5100000000001383
1426 9.069999999999252
1427 17.675000000000047
1428 -1.0699999999999232
1429 4.07999999999996
1430 -1.4849999999999102
1431 13.80000000000023
1432 -0.5049999999999198
1433 3.9350000000001293
1434 4.294999999999851
1435 23.31000000000063
1436 4.259999999999935
1437 2.7700000000001532
1438 -1.0549999999999184
1439 8.329999999999412
1440 3.8049999999998576
1441 -1.1499999999999175
1442 -0.7849999999999179
1443 3.5050000000001367
1444 -1.5599999999999083
1445 3.7800000000001317
1446 4.050000000000127
1447 -2.4049999999998968
1448 3.9299999999999455
1449 3.9350000000001293
1450 3.5550000000001374
1451 -0.9449999999999187
1452 3.6100000000000945
1453 22.930000000000543
1454 -1.1149999999999165
1455 3.599999999999862
1456 8.569999999999457
1457 -0.8499999999999179
1458 3.935000000000108
1459 -1.074999999999917
1460 -1.0649999999999167
1461 -0.9849999999999183
1462 -1.4899999999999132
1463 8.92999999999983
1464 8.594999999999667
1465 -1.134999999999918
1466 13.624999999999876
1467 -1.194999999999918
1468 8.514999999999326
1469 -1.684999999999911
1470 7.449999999999217
1471 -2.399999999999901
1472 -1.2349999999999146
1473 -0.899999999999919
1474 -1.4499999999999125
1475 -0.7949999999999179
1476 19.175000000000388
1477 -1.279999999999914
1478 9.01999999999926
1479 3.5199999999998903
1480 -1.0749999999999171
1481 3.4199999999999955
1482 13.199999999999973
1483 -1.499999999999913
1484 13.73500000000013
1485 -1.659999999999908
1486 -0.7849999999999181
1487 8.284999999999272
1488 -1.099999999999917
1489 -1.1699999999999182
1490 3.760000000000068
1491 -1.2899999999999132
1492 -0.7999999999999183
1493 -1.264999999999915
1494 8.524999999999558
1495 4.164999999999896
1496 9.214999999999234
1497 -0.2949999999999177
1498 -1.434999999999911
1499 -1.3249999999999187
1500 -1.4999999999999125
1501 -1.4099999999999124
1502 3.145000000000146
1503 3.800000000000132
1504 2.5550000000001205
1505 -1.344999999999915
1506 3.9300000000001294
1507 3.5750000000000917
1508 -1.3149999999999116
1509 -0.9499999999999185
1510 -1.4999999999999094
1511 -0.7749999999999179
1512 4.0349999999998465
1513 3.9300000000001205
1514 -0.8349999999999181
1515 8.384999999999428
1516 -0.8299999999999197
1517 4.230000000000093
1518 -1.0049999999999204
1519 -1.01999999999992
1520 3.5050000000001384
1521 -0.7399999999999176
1522 3.8849999999998346
1523 -1.5599999999999112
1524 13.580000000000226
1525 -0.9399999999999207
1526 -1.3549999999999123
1527 3.845000000000131
1528 -0.8899999999999184
1529 18.210000000000086
1530 -0.9399999999999187
1531 -0.7349999999999187
1532 -0.9249999999999189
1533 3.7849999999998722
1534 8.794999999999263
1535 -0.869999999999918
1536 2.4350000000001613
1537 3.6099999999999195
1538 -1.8049999999999036
1539 -0.719999999999918
1540 -0.7499999999999174
1541 8.665000000000042
1542 8.579999999999602
1543 14.125000000000252
1544 6.434999999999674
1545 -1.7499999999999052
1546 -1.3299999999999133
1547 4.0049999999998676
1548 4.014999999999899
1549 3.969999999999831
1550 -1.5799999999999104
1551 -1.0749999999999185
1552 -0.6899999999999191
1553 7.984999999999223
1554 4.309999999999804
1555 -0.799999999999919
1556 2.844999999999912
1557 4.269999999999805
1558 12.989999999999341
1559 -0.8349999999999199
1560 -0.844999999999919
1561 -0.7999999999999184
1562 -0.5649999999999185
1563 3.9550000000001218
1564 6.829999999999907
1565 4.280000000000122
1566 8.78499999999942
1567 23.035000000000657
1568 2.635000000000157
1569 2.300000000000157
1570 -1.9499999999999063
1571 -0.9799999999999179
1572 -1.1699999999999153
1573 -0.9049999999999189
1574 4.029999999999833
1575 -0.32999999999991747
1576 -0.9049999999999195
1577 3.4199999999998516
1578 3.58500000000012
1579 3.6099999999998458
1580 8.334999999999818
1581 13.699999999999878
1582 -0.7249999999999183
1583 3.6500000000001345
1584 3.995000000000128
1585 4.074999999999823
1586 8.824999999999395
1587 18.79500000000033
1588 4.050000000000127
1589 18.51500000000088
1590 3.454999999999881
1591 -1.3299999999999137
1592 -1.0799999999999186
1593 7.809999999999259
1594 19.3000000000007
1595 4.199999999999858
1596 -0.8399999999999173
1597 8.539999999999383
1598 -0.7999999999999191
1599 -1.0849999999999178
1600 -0.9499999999999204
1601 -1.6699999999999062
1602 -1.1299999999999177
1603 -0.8249999999999179
1604 3.280000000000086
1605 -0.5949999999999177
1606 19.24500000000017
1607 3.4049999999998537
1608 3.760000000000132
1609 3.4350000000001364
1610 -1.3799999999999113
1611 12.649999999999627
1612 3.3500000000000894
1613 -0.9049999999999186
1614 3.904999999999882
1615 -0.8299999999999184
1616 -0.8349999999999188
1617 -1.054999999999918
1618 3.580000000000137
1619 8.809999999999626
1620 -1.0499999999999179
1621 -0.749999999999919
1622 -1.1149999999999185
1623 3.814999999999829
1624 -0.9949999999999192
1625 3.5200000000001337
1626 2.6099999999998813
1627 -0.4499999999999181
1628 3.5150000000001063
1629 8.69499999999988
1630 -1.0099999999999214
1631 -0.879999999999918
1632 -1.5049999999999153
1633 -0.24499999999991787
1634 2.720000000000102
1635 12.574999999999314
1636 -0.9899999999999192
1637 -0.8749999999999186
1638 -0.7199999999999178
1639 -0.73999999999992
1640 8.344999999999365
1641 3.235000000000144
1642 8.83999999999927
1643 -0.9199999999999184
1644 -0.3999999999999169
1645 8.954999999999306
1646 -0.4249999999999196
1647 -1.0699999999999175
1648 8.929999999999316
1649 13.899999999999986
1650 4.185000000000124
1651 -1.0349999999999202
1652 -0.824999999999917
1653 3.6699999999999067
1654 -0.5349999999999174
1655 -0.7249999999999187
1656 8.619999999999717
1657 3.2150000000000603
1658 -1.9299999999999065
1659 -1.184999999999915
1660 -1.3199999999999161
1661 -0.8349999999999186
1662 4.234999999999909
1663 -1.059999999999918
1664 3.43000000000011
1665 14.259999999999298
1666 -1.6249999999999076
1667 -1.0249999999999206
1668 -0.5049999999999172
1669 -0.5699999999999183
1670 -0.35499999999991755
1671 9.184999999999365
1672 -0.7449999999999178
1673 9.26999999999934
1674 3.214999999999902
1675 -1.254999999999916
1676 -1.324999999999915
1677 -0.7199999999999178
1678 4.20500000000012
1679 0.9250000000001453
1680 2.6249999999998597
1681 -1.214999999999915
1682 4.005000000000096
1683 9.464999999999353
1684 -1.1449999999999192
1685 -0.8349999999999181
1686 4.464999999999803
1687 8.579999999999666
1688 -0.23999999999991836
1689 4.079999999999976
1690 -0.7899999999999181
1691 3.669999999999864
1692 -1.7899999999999041
1693 3.4599999999998223
1694 8.099999999999625
1695 -0.6549999999999184
1696 -0.7799999999999176
1697 4.180000000000108
1698 -0.634999999999922
1699 22.294999999999643
1700 -1.4499999999999142
1701 -0.7549999999999178
1702 -0.7899999999999203
1703 -0.7449999999999183
1704 8.464999999999812
1705 4.214999999999833
1706 3.714999999999849
1707 14.255000000000226
1708 -0.914999999999918
1709 4.449999999999961
1710 3.7549999999998267
1711 8.289999999999596
1712 18.57500000000067
1713 -1.2099999999999163
1714 12.164999999999862
1715 -0.879999999999918
1716 8.94499999999928
1717 -0.834999999999919
1718 -0.7849999999999188
1719 9.504999999999278
1720 23.76500000000057
1721 -0.6849999999999173
1722 7.82500000000008
1723 9.184999999999242
1724 13.604999999999716
1725 7.984999999999209
1726 4.004999999999864
1727 -1.1849999999999197
1728 -0.9249999999999187
1729 -0.9799999999999218
1730 4.0699999999999905
1731 2.40500000000011
1732 -0.7749999999999181
1733 -1.1599999999999167
1734 4.01999999999999
1735 3.935000000000075
1736 32.82499999999857
1737 -0.5099999999999165
1738 -1.204999999999915
1739 4.170000000000124
1740 8.939999999999353
1741 3.5200000000001346
1742 -1.2399999999999154
1743 8.79499999999942
1744 3.784999999999906
1745 4.01499999999983
1746 -0.674999999999918
1747 -1.4849999999999102
1748 -1.3699999999999126
1749 13.655000000000008
1750 9.09499999999976
1751 4.244999999999807
1752 -0.9649999999999189
1753 3.520000000000138
1754 7.979999999999429
1755 -1.559999999999912
1756 -0.5949999999999166
1757 4.004999999999832
1758 8.194999999999684
1759 -0.8049999999999177
1760 4.184999999999873
1761 8.984999999999276
1762 1.6800000000001178
1763 -0.764999999999919
1764 3.8750000000001306
1765 -1.0699999999999183
1766 -0.5449999999999192
1767 13.36999999999922
1768 -1.1349999999999183
1769 8.789999999999417
1770 4.090000000000126
1771 -0.9449999999999187
1772 -0.9999999999999181
1773 -0.8649999999999186
1774 -1.2649999999999166
1775 -1.1349999999999156
1776 -1.0599999999999163
1777 3.71000000000004
1778 -0.9799999999999192
1779 -1.019999999999919
1780 -0.8499999999999184
1781 -0.8999999999999189
1782 -0.9499999999999194
1783 13.699999999999996
1784 8.104999999999562
1785 3.6599999999999113
1786 13.409999999999389
1787 4.014999999999915
1788 8.309999999999384
1789 -1.454999999999911
1790 -0.7049999999999174
1791 2.0000000000000506
1792 -0.9099999999999189
1793 -0.8499999999999177
1794 -0.8549999999999206
1795 -0.7899999999999179
1796 3.1700000000001456
1797 13.459999999999464
1798 8.86499999999931
1799 -0.8299999999999184
1800 9.409999999999265
1801 -1.3049999999999151
1802 3.5799999999999814
1803 9.014999999999857
1804 2.7449999999998678
1805 -1.2899999999999128
1806 -0.5349999999999192
1807 9.124999999999297
1808 -1.2199999999999176
1809 3.625000000000136
1810 3.4050000000001353
1811 -1.0299999999999194
1812 4.11999999999981
1813 3.954999999999874
1814 4.20499999999981
1815 -0.6549999999999184
1816 4.164999999999893
1817 4.079999999999804
1818 4.124999999999835
1819 -0.8399999999999199
1820 14.18500000000006
1821 -1.5499999999999092
1822 -1.1699999999999144
1823 4.319999999999811
1824 9.129999999999292
1825 3.774999999999851
1826 -1.4099999999999109
1827 -0.344999999999918
1828 -0.5049999999999192
1829 3.8750000000001306
1830 -0.4699999999999183
1831 -0.8599999999999175
1832 -0.34999999999991843
1833 4.204999999999803
1834 -0.8649999999999177
1835 8.76999999999931
1836 -0.8649999999999193
1837 -1.4149999999999114
1838 3.7749999999999115
1839 -0.6449999999999166
1840 -0.41999999999991783
1841 4.689999999999801
1842 2.9250000000000957
1843 8.23999999999922
1844 -0.9099999999999193
1845 17.909999999999624
1846 3.1750000000000913
1847 8.5749999999997
1848 -0.849999999999917
1849 4.2750000000001185
1850 9.07499999999921
1851 4.289999999999817
1852 3.7549999999998143
1853 8.829999999999218
1854 -0.9149999999999201
1855 -0.844999999999919
1856 -0.8499999999999173
1857 -1.0999999999999157
1858 14.395000000000003
1859 -0.6899999999999173
1860 9.049999999999317
1861 4.179999999999825
1862 -0.5949999999999166
1863 3.9249999999998355
1864 4.614999999999791
1865 -1.594999999999914
1866 3.990000000000128
1867 -1.1049999999999167
1868 -0.829999999999919
1869 -0.5149999999999181
1870 8.70499999999938
1871 -2.439999999999893
1872 -1.0699999999999197
1873 -0.6299999999999175
1874 3.6950000000000918
1875 4.179999999999812
1876 -0.8999999999999189
1877 -0.6949999999999176
1878 -1.1949999999999166
1879 -1.549999999999915
1880 -0.7199999999999196
1881 -1.514999999999909
1882 4.269999999999961
1883 -0.9549999999999187
1884 7.864999999999807
1885 -0.5849999999999186
1886 3.9349999999999117
1887 3.894999999999806
1888 3.3250000000001387
1889 8.264999999999329
1890 4.099999999999832
1891 -1.1949999999999141
1892 3.8450000000000903
1893 2.760000000000099
1894 3.919999999999807
1895 -0.96999999999992
1896 3.3950000000001364
1897 -1.7749999999999042
1898 4.174999999999828
1899 27.715000000000472
1900 4.189999999999821
1901 -0.7249999999999187
1902 -0.9399999999999182
1903 -0.7449999999999181
1904 -0.4699999999999181
1905 4.269999999999793
1906 -1.8099999999999112
1907 9.284999999999199
1908 3.815000000000123
1909 -0.8749999999999186
1910 3.8350000000001288
1911 8.314999999999232
1912 -0.9949999999999187
1913 -0.9549999999999217
1914 3.8999999999999195
1915 -0.8299999999999179
1916 4.584999999999807
1917 4.244999999999806
1918 3.9849999999998698
1919 3.905000000000074
1920 -0.7299999999999185
1921 -0.7849999999999181
1922 13.685000000000013
1923 -1.219999999999921
1924 8.984999999999326
1925 7.774999999999842
1926 3.955000000000129
1927 4.229999999999799
1928 -2.0649999999999085
1929 2.6050000000000995
1930 4.6749999999997875
1931 -0.9899999999999188
1932 4.330000000000028
1933 13.94499999999984
1934 -1.2049999999999135
1935 -0.8299999999999179
1936 -1.3099999999999181
1937 -1.719999999999904
1938 14.360000000000333
1939 13.679999999999453
1940 -0.8249999999999175
1941 9.209999999999638
1942 -0.9299999999999207
1943 2.8550000000000977
1944 4.19499999999978
1945 -0.8699999999999182
1946 -1.4849999999999142
1947 3.505000000000088
1948 4.495000000000078
1949 -0.6949999999999191
1950 -0.7349999999999187
1951 9.164999999999193
1952 8.194999999999585
1953 3.720000000000087
1954 -1.1149999999999152
1955 14.119999999999791
1956 4.714999999999787
1957 4.039999999999922
1958 9.529999999999289
1959 -0.8749999999999193
1960 -1.274999999999914
1961 3.5550000000000903
1962 8.699999999999253
1963 -0.7349999999999178
1964 -2.099999999999901
1965 -1.6249999999999118
1966 3.9550000000001173
1967 3.8899999999998114
1968 4.119999999999993
1969 -1.3399999999999166
1970 -0.8349999999999188
1971 4.09499999999985
1972 8.075000000000076
1973 -0.539999999999919
1974 -0.9349999999999185
1975 -1.2849999999999135
1976 3.3800000000001384
1977 -1.1599999999999173
1978 -0.7799999999999181
1979 8.594999999999246
1980 8.829999999999544
1981 -0.6599999999999184
1982 -0.7949999999999188
1983 3.9050000000001237
1984 -0.8649999999999177
1985 22.72000000000047
1986 4.279999999999791
1987 3.974999999999892
1988 3.8200000000001317
1989 -0.4299999999999165
1990 -0.9399999999999191
1991 -0.9199999999999197
1992 -1.3149999999999156
1993 -0.8749999999999192
1994 3.7500000000001332
1995 -0.9699999999999191
1996 3.0849999999999813
1997 3.7200000000000637
1998 8.70499999999959
1999 -0.7549999999999185
5738.789227724075
