0 -7.66
1 -7.66
2 -7.62
3 -7.71
4 -7.71
5 -7.82
6 -7.68
7 -5.07
8 -7.58
9 -7.65
10 -7.73
11 -7.61
12 -7.80
13 -7.74
14 -7.64
15 -5.12
16 -7.58
17 -7.64
18 -7.75
19 -7.72
20 -5.21
21 -7.67
22 -7.76
23 -7.60
24 -7.75
25 -7.63
26 -7.62
27 -7.56
28 -7.63
29 -7.55
30 -7.83
31 -7.74
32 -7.77
33 -7.73
34 -7.74
35 -7.80
36 -7.81
37 -7.56
38 -7.85
39 -7.74
40 -7.77
41 -7.66
42 -7.61
43 -7.73
44 -7.67
45 -7.66
46 -7.68
47 -7.63
48 -7.65
49 -7.64
50 -7.71
51 -7.66
52 -7.70
53 -7.64
54 -7.65
55 -7.83
56 -7.59
57 -7.61
58 -7.81
59 -5.17
60 -7.71
61 -7.54
62 -7.73
63 -7.63
64 -7.76
65 -7.60
66 -7.82
67 -7.77
68 -7.69
69 -7.76
70 -7.73
71 -5.15
72 -7.74
73 -7.59
74 -7.76
75 -7.67
76 -7.71
77 -7.69
78 -7.73
79 -7.74
80 -7.67
81 -5.07
82 -7.55
83 -7.76
84 -7.69
85 -7.65
86 -7.73
87 -7.54
88 -7.81
89 -7.72
90 -7.88
91 -7.56
92 -7.69
93 -7.64
94 -7.64
95 -7.64
96 -7.60
97 -7.64
98 -7.54
99 -7.66
100 -7.58
101 -7.63
102 -7.64
103 -5.07
104 -7.68
105 -7.63
106 -7.53
107 -7.58
108 -7.73
109 -7.84
110 -7.60
111 -7.68
112 -7.58
113 -5.27
114 -7.71
115 -7.64
116 -7.73
117 -7.81
118 -7.48
119 -7.68
120 -7.62
121 -7.56
122 -7.60
123 -7.79
124 -7.72
125 -7.73
126 -7.71
127 -7.60
128 -7.61
129 -7.67
130 -7.65
131 -7.77
132 -7.66
133 -7.73
134 -7.85
135 -7.76
136 -7.57
137 -5.18
138 -7.71
139 -7.58
140 -7.66
141 -7.68
142 -5.11
143 -7.71
144 -7.93
145 -7.57
146 -7.67
147 -7.57
148 -7.57
149 -7.63
150 -7.68
151 -7.86
152 -0.15
153 -7.46
154 -7.66
155 -7.74
156 -7.68
157 -7.55
158 -7.59
159 -7.59
160 -7.68
161 -7.69
162 -7.60
163 -7.87
164 -7.64
165 -7.74
166 -7.52
167 -7.62
168 -7.71
169 -7.66
170 -7.58
171 -7.86
172 -7.86
173 -5.25
174 -7.66
175 -7.81
176 -7.60
177 -7.68
178 -7.80
179 -7.64
180 -7.59
181 -7.62
182 -7.67
183 -7.72
184 -7.66
185 -5.12
186 -7.70
187 -7.77
188 -5.22
189 -7.47
190 -7.73
191 -7.41
192 -7.72
193 -7.63
194 -7.65
195 -7.72
196 -7.73
197 -7.56
198 -7.60
199 -7.72
200 -7.74
201 -7.64
202 -7.71
203 -5.33
204 -7.74
205 -5.11
206 -7.65
207 -7.72
208 -7.63
209 -7.37
210 -7.64
211 -7.47
212 -7.69
213 -7.68
214 -7.50
215 -7.66
216 -7.64
217 -7.77
218 -7.59
219 -7.55
220 -7.62
221 -7.68
222 -7.66
223 -7.59
224 -7.80
225 -5.17
226 -7.71
227 -7.63
228 -7.83
229 -7.80
230 -7.57
231 -7.70
232 -7.54
233 -7.49
234 -7.58
235 -7.67
236 -7.66
237 -7.72
238 -7.64
239 -7.73
240 -7.56
241 -7.69
242 -7.79
243 -7.67
244 -7.81
245 -7.69
246 -7.67
247 -7.72
248 -7.68
249 -7.77
250 -7.70
251 -7.78
252 -7.52
253 -5.32
254 -5.39
255 -7.56
256 -7.73
257 -5.11
258 -7.84
259 -7.70
260 -7.68
261 -7.70
262 -7.64
263 -7.45
264 -7.77
265 -5.11
266 -7.82
267 -7.68
268 -5.09
269 -7.72
270 -7.60
271 -7.54
272 -7.65
273 -7.83
274 -5.12
275 -7.67
276 -7.67
277 -7.76
278 -7.68
279 -5.25
280 -7.74
281 -7.68
282 -7.47
283 -7.70
284 -7.69
285 -7.71
286 -7.67
287 -7.60
288 -7.76
289 -7.62
290 -7.80
291 -7.67
292 -7.80
293 -7.70
294 -7.67
295 -5.12
296 -7.70
297 -7.61
298 -7.61
299 -7.70
300 -7.61
301 -7.62
302 -7.71
303 -7.83
304 -7.52
305 -7.69
306 -7.72
307 -5.20
308 -7.68
309 -7.69
310 -7.64
311 -7.56
312 -7.70
313 -7.67
314 -7.75
315 -7.67
316 -7.61
317 -5.19
318 -7.70
319 -7.69
320 -7.70
321 -7.69
322 -5.21
323 -7.93
324 -7.66
325 -7.52
326 -7.72
327 -7.78
328 -7.74
329 -7.65
330 -7.61
331 -7.64
332 -7.79
333 -7.58
334 -7.57
335 -7.60
336 -7.74
337 -7.60
338 -7.62
339 -7.69
340 -7.54
341 -7.76
342 -7.65
343 -7.70
344 -7.57
345 -7.59
346 -5.24
347 -7.69
348 -7.56
349 -7.64
350 -7.67
351 -7.70
352 -7.58
353 -7.62
354 -7.67
355 -7.62
356 -7.85
357 -7.61
358 -7.82
359 -7.58
360 -7.66
361 -7.67
362 -7.59
363 -7.73
364 -7.63
365 -7.74
366 -7.65
367 -7.75
368 -7.62
369 -7.70
370 -7.64
371 -7.70
372 -5.12
373 -5.27
374 -7.52
375 -7.65
376 -7.64
377 -5.23
378 -7.65
379 -7.72
380 -7.64
381 -7.80
382 -7.57
383 -7.62
384 -7.63
385 -7.81
386 -7.69
387 -7.70
388 -7.53
389 -5.09
390 -5.33
391 -7.71
392 -7.62
393 -7.65
394 -7.64
395 -7.68
396 -7.62
397 -7.54
398 -7.77
399 -7.78
400 -7.70
401 -7.67
402 -7.69
403 -7.66
404 -5.06
405 -7.71
406 -7.74
407 -7.56
408 -7.57
409 -7.65
410 -7.69
411 -7.47
412 -7.56
413 -7.53
414 -7.64
415 -5.23
416 -7.67
417 -7.63
418 -7.65
419 -7.60
420 -7.64
421 -7.62
422 -7.72
423 -7.65
424 -5.07
425 -7.75
426 -7.64
427 -7.70
428 -7.67
429 -5.15
430 -7.74
431 -7.66
432 -7.81
433 -7.62
434 -7.62
435 -7.62
436 -7.71
437 -7.50
438 -7.72
439 -7.70
440 -7.63
441 -5.07
442 -7.66
443 -7.68
444 -7.56
445 -7.65
446 -7.69
447 -7.62
448 -7.90
449 -7.83
450 -7.75
451 -7.81
452 -7.80
453 -7.65
454 -7.82
455 -7.71
456 -7.74
457 -5.22
458 -7.60
459 -7.66
460 -7.57
461 -7.81
462 -7.59
463 -7.75
464 -7.73
465 -7.74
466 -7.59
467 -7.76
468 -7.66
469 -7.75
470 -7.65
471 -7.65
472 -7.59
473 -7.83
474 -5.24
475 -7.66
476 -7.72
477 -7.61
478 -7.82
479 -5.27
480 -7.65
481 -7.70
482 -7.78
483 -7.70
484 -7.77
485 -7.73
486 -7.55
487 -7.66
488 -7.75
489 -7.80
490 -7.56
491 -7.67
492 -7.65
493 -7.57
494 -5.24
495 -5.19
496 -7.81
497 -7.68
498 -7.71
499 -7.58
500 -7.63
501 -7.53
502 -7.74
503 -7.73
504 -7.54
505 -7.63
506 -7.71
507 -7.56
508 -7.72
509 -7.61
510 -7.67
511 -7.82
512 -7.65
513 -7.61
514 -5.14
515 -7.48
516 -7.66
517 -7.57
518 -7.77
519 -7.59
520 -7.70
521 -7.67
522 -7.71
523 -7.52
524 -7.52
525 -7.72
526 -7.69
527 -5.19
528 -7.68
529 -7.69
530 -7.73
531 -7.64
532 -7.79
533 -7.61
534 -7.77
535 -7.62
536 -5.27
537 -7.65
538 -7.63
539 -7.80
540 -5.18
541 -7.63
542 -5.15
543 -5.10
544 -7.66
545 -7.56
546 -7.58
547 -7.66
548 -7.71
549 -7.69
550 -7.54
551 -7.77
552 -7.80
553 -7.61
554 -7.67
555 -7.64
556 -7.66
557 -7.69
558 -7.71
559 -7.77
560 -7.68
561 -7.68
562 -7.70
563 -7.53
564 -7.71
565 -7.74
566 -5.12
567 -7.71
568 -7.68
569 -7.75
570 -7.72
571 -7.79
572 -5.17
573 -7.60
574 -7.69
575 -7.73
576 -5.18
577 -7.68
578 -7.60
579 -5.39
580 -7.57
581 -5.17
582 -7.68
583 -7.58
584 -7.72
585 -7.70
586 -7.70
587 -5.15
588 -7.63
589 -7.74
590 -5.30
591 -7.81
592 -7.61
593 -7.73
594 -7.71
595 -7.48
596 -7.83
597 -7.74
598 -5.16
599 -5.15
600 -7.69
601 -7.53
602 -7.64
603 -7.61
604 -7.58
605 -7.73
606 -5.17
607 -7.71
608 -7.62
609 -7.47
610 -7.73
611 -7.70
612 -7.87
613 -7.46
614 -7.65
615 -5.21
616 -7.69
617 -7.65
618 -7.74
619 -7.61
620 -5.22
621 -7.63
622 -7.60
623 -7.59
624 -7.70
625 -7.55
626 -7.66
627 -7.69
628 -7.77
629 -7.72
630 -7.59
631 -7.76
632 -7.76
633 -7.64
634 -5.10
635 -7.67
636 -7.53
637 -7.55
638 -7.60
639 -7.55
640 -7.60
641 -7.73
642 -0.23
643 -7.59
644 -7.53
645 -7.83
646 -7.71
647 -7.82
648 -7.81
649 -7.67
650 -7.56
651 -5.11
652 -7.69
653 -7.75
654 -7.69
655 -7.49
656 -7.78
657 -7.75
658 -7.72
659 -5.17
660 -7.74
661 -7.77
662 -7.62
663 -7.75
664 -7.78
665 -5.19
666 -7.61
667 -7.75
668 -7.81
669 -7.61
670 -7.83
671 -7.53
672 -7.74
673 -7.74
674 -7.59
675 -5.09
676 -7.57
677 -7.59
678 -7.60
679 -7.56
680 -7.72
681 -7.53
682 -7.78
683 -7.68
684 -7.64
685 -7.74
686 -7.66
687 -7.61
688 -7.78
689 -7.77
690 -7.74
691 -7.66
692 -7.68
693 -7.64
694 -7.67
695 -7.66
696 -7.69
697 -7.81
698 -7.67
699 -7.86
700 -7.78
701 -7.67
702 -7.55
703 -7.63
704 -7.64
705 -7.59
706 -7.73
707 -5.05
708 -7.47
709 -7.80
710 -7.83
711 -7.52
712 -7.68
713 -7.61
714 -7.73
715 -7.72
716 -7.78
717 -7.74
718 -7.60
719 -7.58
720 -7.79
721 -7.71
722 -5.27
723 -7.74
724 -7.70
725 -7.62
726 -7.81
727 -7.74
728 -7.60
729 -5.31
730 -7.52
731 -7.64
732 -7.71
733 -7.72
734 -7.51
735 -7.69
736 -7.55
737 -4.99
738 -7.66
739 -5.26
740 -2.64
741 -5.30
742 -7.61
743 -7.56
744 -7.69
745 -7.81
746 -7.84
747 -7.57
748 -5.26
749 -7.63
750 -7.54
751 -7.61
752 -7.74
753 -7.73
754 -7.62
755 -7.47
756 -2.67
757 -7.61
758 -7.61
759 -7.61
760 -7.59
761 -7.68
762 -7.66
763 -7.58
764 -0.25
765 -5.13
766 -7.78
767 -7.65
768 -7.48
769 -7.57
770 -7.77
771 -7.59
772 -7.53
773 -7.58
774 -7.64
775 -7.84
776 -5.06
777 -7.63
778 -7.60
779 -4.93
780 -7.57
781 -7.72
782 -7.72
783 -7.68
784 -7.62
785 -7.71
786 -7.63
787 -5.30
788 -7.58
789 -7.69
790 -7.89
791 -7.84
792 -7.54
793 -7.69
794 -7.70
795 -7.67
796 -7.78
797 -7.64
798 -7.62
799 -7.67
800 -7.69
801 -7.64
802 -7.56
803 -2.55
804 -7.68
805 -7.77
806 -7.65
807 -7.74
808 -7.65
809 -7.60
810 -7.58
811 -7.63
812 -7.62
813 -7.67
814 -7.67
815 -7.55
816 -7.76
817 -7.46
818 -7.63
819 -7.58
820 -7.71
821 -7.57
822 -7.69
823 -7.72
824 -7.78
825 -7.72
826 -7.49
827 -5.09
828 -7.55
829 -7.73
830 -7.61
831 -7.80
832 -7.55
833 -7.84
834 -7.75
835 -7.67
836 -7.53
837 -7.75
838 -7.66
839 -7.60
840 -7.71
841 -7.72
842 -7.74
843 -7.58
844 -7.68
845 -7.70
846 -7.68
847 -7.66
848 -7.66
849 -5.19
850 -5.11
851 -7.66
852 -7.86
853 -7.63
854 -7.58
855 -7.79
856 -7.66
857 -7.50
858 -7.80
859 -7.82
860 -7.66
861 -7.69
862 -7.47
863 -7.67
864 -7.80
865 -7.72
866 -7.72
867 -7.76
868 -7.69
869 -7.67
870 -7.58
871 -7.69
872 -7.55
873 -7.62
874 -7.62
875 -7.71
876 -7.70
877 -7.72
878 -7.61
879 -7.65
880 -7.68
881 -7.80
882 -7.50
883 -7.71
884 -7.68
885 -7.62
886 -7.71
887 -7.69
888 -7.65
889 -7.58
890 -7.80
891 -7.71
892 -7.64
893 -7.63
894 -7.76
895 -7.78
896 -7.48
897 -7.68
898 -7.64
899 -7.62
900 -5.20
901 -7.60
902 -7.66
903 -7.67
904 -7.64
905 -7.58
906 -7.70
907 -7.80
908 -7.64
909 -7.45
910 -7.63
911 -7.73
912 -7.62
913 -7.75
914 -7.52
915 -7.82
916 -5.07
917 -7.60
918 -7.65
919 -5.13
920 -7.64
921 -7.70
922 -5.12
923 -7.77
924 -7.54
925 -7.85
926 -7.70
927 -7.61
928 -7.66
929 -7.86
930 -7.81
931 -7.74
932 -5.37
933 -7.78
934 -7.79
935 -7.74
936 -5.23
937 -7.67
938 -7.54
939 -5.12
940 -7.51
941 -7.70
942 -7.72
943 -5.23
944 -7.75
945 -7.58
946 -5.35
947 -7.70
948 -7.61
949 -7.60
950 -7.72
951 -7.66
952 -7.75
953 -7.69
954 -7.59
955 -7.67
956 -7.76
957 -7.65
958 -7.57
959 -7.75
960 -7.63
961 -7.61
962 -7.84
963 -7.54
964 -7.62
965 -7.76
966 -7.74
967 -7.82
968 -4.94
969 -5.15
970 -7.57
971 -7.65
972 -5.17
973 -7.68
974 -7.62
975 -5.13
976 -5.27
977 -7.72
978 -7.76
979 -7.70
980 -7.62
981 -7.49
982 -7.78
983 -7.56
984 -7.70
985 -7.74
986 -7.63
987 -7.53
988 -7.72
989 -7.77
990 -7.47
991 -7.74
992 -7.78
993 -5.15
994 -7.65
995 -7.86
996 -7.67
997 -7.76
998 -7.65
999 -7.84
3764.279316663742
