0 46.66999999999954
1 6.339999999999766
2 21.444999999999947
3 2.4900000000000206
4 1.2750000000001118
5 11.64999999999967
6 31.334999999999038
7 26.994999999999926
8 12.939999999999886
9 22.594999999999818
10 8.614999999999872
11 32.69499999999969
12 12.799999999999425
13 30.674999999999862
14 16.614999999999828
15 26.370000000000502
16 2.85500000000014
17 2.7450000000001484
18 6.485000000000061
19 16.48999999999979
20 18.560000000000294
21 3.42500000000004
22 18.404999999999628
23 13.419999999999279
24 8.644999999999449
25 3.189999999999931
26 18.524999999999743
27 3.694999999999945
28 3.360000000000019
29 8.339999999999348
30 3.2250000000001346
31 -0.7999999999999199
32 -1.5199999999999159
33 -1.0599999999999183
34 9.059999999999294
35 3.390000000000141
36 3.5949999999999918
37 15.825000000000557
38 7.979999999999319
39 8.984999999999644
40 8.81999999999946
41 -1.2449999999999148
42 -0.91499999999992
43 -0.91999999999992
44 -0.8849999999999186
45 4.11499999999983
46 -1.6749999999999081
47 13.734999999999626
48 3.639999999999973
49 3.894999999999923
50 -0.7549999999999184
51 -1.0499999999999179
52 3.779999999999828
53 4.119999999999808
54 -1.1899999999999178
55 -0.7249999999999176
56 -0.864999999999918
57 -1.0349999999999182
58 4.2899999999998295
59 -0.8449999999999179
60 -1.8399999999999084
61 -1.4399999999999136
62 -0.9999999999999178
63 3.720000000000132
64 -1.1049999999999203
65 3.4149999999998926
66 18.3750000000006
67 -0.8299999999999195
68 4.090000000000126
69 2.9049999999999336
70 -0.8949999999999182
71 3.9899999999998323
72 9.034999999999323
73 3.719999999999879
74 -0.7949999999999174
75 4.064999999999856
76 -0.8049999999999177
77 -1.61499999999991
78 3.4650000000000887
79 8.944999999999185
80 -0.6399999999999177
81 18.76000000000062
82 12.884999999999605
83 -1.3149999999999167
84 -1.1349999999999152
85 4.079999999999877
86 -1.4299999999999125
87 3.8450000000001303
88 -1.1199999999999162
89 4.050000000000127
90 -0.7949999999999181
91 -0.6299999999999164
92 -0.5999999999999173
93 -0.31499999999991707
94 3.900000000000082
95 4.1250000000001155
96 4.709999999999786
97 -0.7299999999999165
98 -0.8149999999999175
99 -1.3399999999999126
100 -0.42999999999991717
101 4.569999999999818
102 13.850000000000078
103 -0.5399999999999163
104 -0.9849999999999189
105 3.3850000000001073
106 4.859999999999773
107 9.179999999999229
108 3.9100000000001014
109 -0.7299999999999172
110 4.3999999999999035
111 -0.9149999999999178
112 -0.8749999999999182
113 4.249999999999892
114 4.599999999999947
115 -0.7649999999999185
116 -0.9349999999999187
117 18.195000000000054
118 4.240000000000123
119 4.379999999999822
120 -0.644999999999918
121 8.759999999999907
122 4.824999999999783
123 -0.24999999999991634
124 -0.6499999999999175
125 -0.3249999999999175
126 4.249999999999859
127 -0.09499999999991644
128 -0.25999999999991746
129 -0.6049999999999168
130 -0.5049999999999181
131 -0.6849999999999176
132 4.505000000000076
133 9.624999999999204
134 -0.11999999999991692
135 3.969999999999856
136 -0.9099999999999184
137 3.7200000000000824
138 -0.5899999999999175
139 9.20499999999934
140 4.919999999999766
141 -0.1899999999999161
142 3.9200000000000834
143 -0.21499999999991723
144 -0.7899999999999179
145 -0.5099999999999161
146 -0.30999999999991684
147 -0.639999999999918
148 4.809999999999799
149 8.124999999999922
150 -0.15499999999991584
151 4.809999999999795
152 -0.14999999999991606
153 4.21500000000012
154 3.7900000000001324
155 3.920000000000128
156 -0.9549999999999194
157 -1.2749999999999129
158 -0.5199999999999179
159 -0.344999999999916
160 -0.8749999999999197
161 -0.17499999999991586
162 3.9700000000000983
163 -0.40999999999991626
164 -0.9699999999999194
165 -1.2099999999999147
166 3.7600000000000975
167 -0.6249999999999171
168 -0.17499999999991608
169 -0.13499999999991605
170 -0.574999999999917
171 4.434999999999786
172 4.894999999999765
173 9.839999999999216
174 -0.6399999999999171
175 9.194999999999315
176 -0.16499999999991585
177 4.525000000000117
178 3.735000000000099
179 4.634999999999936
180 0.030000000000084227
181 -0.7299999999999163
182 4.784999999999796
183 8.859999999999848
184 -0.28499999999991704
185 4.864999999999778
186 3.7600000000001073
187 -0.15499999999991584
188 -0.2799999999999177
189 -0.7699999999999174
190 2.9899999999998625
191 -0.25499999999991724
192 -0.3349999999999173
193 -0.7399999999999165
194 4.1899999999999435
195 9.479999999999652
196 4.759999999999784
197 -0.1899999999999161
198 -0.23999999999991636
199 4.144999999999806
200 -0.5099999999999159
201 -0.5799999999999161
202 -0.844999999999917
203 -0.20499999999991678
204 -0.23499999999991658
205 -1.0449999999999198
206 9.144999999999312
207 4.809999999999813
208 4.229999999999953
209 -0.19999999999991608
210 -0.5449999999999161
211 -0.11999999999991603
212 -0.7899999999999165
213 -0.6899999999999169
214 -0.48499999999991633
215 4.374999999999787
216 3.569999999999877
217 -0.09499999999991579
218 4.289999999999792
219 -0.734999999999918
220 9.859999999999228
221 -1.2049999999999172
222 -0.8099999999999175
223 -0.5249999999999159
224 -0.22999999999991613
225 -0.1749999999999156
226 -0.14999999999991606
227 -0.5499999999999161
228 -0.1049999999999158
229 19.110000000000486
230 -0.5999999999999168
231 4.695000000000113
232 -0.42499999999991783
233 9.709999999999244
234 -0.22499999999991632
235 9.284999999999199
236 -0.09999999999991557
237 -0.7499999999999172
238 -0.5949999999999177
239 4.479999999999776
240 -0.6599999999999172
241 3.7049999999999432
242 4.094999999999823
243 4.319999999999783
244 -0.1799999999999163
245 -1.0399999999999188
246 -0.48499999999991633
247 4.814999999999799
248 4.184999999999805
249 4.824999999999925
250 4.525000000000115
251 -0.14499999999991584
252 -0.5899999999999193
253 4.754999999999953
254 4.449999999999778
255 -0.18499999999991587
256 -0.24999999999991637
257 -0.11499999999991692
258 -0.7849999999999188
259 -0.1949999999999161
260 -0.2749999999999168
261 -0.05499999999991555
262 -0.079999999999916
263 -0.2499999999999166
264 -0.70499999999992
265 -0.819999999999919
266 -0.3599999999999169
267 9.619999999999239
268 -0.1849999999999163
269 -0.5049999999999163
270 4.2599999999998
271 -0.17999999999991587
272 -0.7799999999999163
273 -0.5399999999999165
274 -1.1699999999999144
275 -0.5849999999999179
276 -0.8649999999999191
277 -0.04999999999991577
278 -0.08999999999991556
279 14.144999999999193
280 -0.15999999999991563
281 -0.09999999999991602
282 -0.09499999999991601
283 -0.5049999999999176
284 -0.17499999999991606
285 -0.18499999999991587
286 4.165000000000123
287 4.270000000000038
288 9.544999999999163
289 -1.0199999999999176
290 4.740000000000112
291 -0.079999999999916
292 -0.11999999999991648
293 4.325000000000056
294 -0.4699999999999163
295 4.409999999999983
296 -0.07499999999991555
297 -0.3799999999999173
298 -0.16499999999991563
299 -0.06999999999991555
300 -0.2949999999999166
301 -0.06499999999991576
302 -0.5299999999999165
303 -0.6799999999999166
304 4.185000000000124
305 4.769999999999793
306 4.739999999999779
307 4.874999999999792
308 -0.15499999999991562
309 -1.349999999999913
310 -0.06999999999991577
311 -0.16499999999991696
312 -0.5349999999999159
313 -0.1249999999999156
314 -0.1049999999999158
315 -0.1399999999999156
316 4.844999999999775
317 -0.1449999999999156
318 -0.12999999999991582
319 -0.9449999999999202
320 -0.5899999999999161
321 -0.14499999999991606
322 4.8249999999997755
323 4.884999999999769
324 -0.3599999999999171
325 -0.8499999999999186
326 -0.12999999999991582
327 -0.10499999999991558
328 -0.029999999999915768
329 -0.1399999999999156
330 -0.2099999999999159
331 -0.084999999999916
332 -0.13999999999991605
333 -0.28499999999991704
334 -0.24499999999991592
335 -0.7749999999999172
336 -1.1049999999999192
337 -0.18499999999991676
338 -0.18499999999991606
339 -0.46999999999991765
340 -0.6199999999999162
341 9.279999999999152
342 -0.19499999999991566
343 4.784999999999803
344 4.320000000000121
345 -0.6899999999999176
346 -0.25999999999991635
347 14.900000000000588
348 -0.23499999999991658
349 -0.5199999999999159
350 4.849999999999922
351 0.005000000000084445
352 -0.5449999999999161
353 -0.09999999999991581
354 -0.039999999999915554
355 -0.14499999999991584
356 -0.2649999999999168
357 4.3050000000001205
358 -0.1349999999999156
359 -0.9249999999999187
360 -0.22499999999991657
361 -0.12999999999991604
362 -0.12999999999991582
363 9.314999999999735
364 4.934999999999791
365 -0.6499999999999173
366 4.644999999999831
367 -0.5449999999999161
368 -0.11499999999991581
369 -0.5399999999999163
370 -0.06999999999991555
371 -0.06499999999991576
372 -0.02499999999991556
373 -0.7249999999999167
374 -0.15999999999991585
375 -0.34999999999991643
376 -0.14999999999991562
377 -0.15999999999991563
378 4.394999999999786
379 -0.789999999999917
380 -0.1249999999999156
381 4.854999999999766
382 -0.1099999999999158
383 -0.1249999999999156
384 9.239999999999181
385 -0.909999999999922
386 -0.02499999999991556
387 -0.944999999999919
388 -0.8349999999999201
389 -0.8549999999999182
390 -0.4899999999999159
391 4.909999999999774
392 4.444999999999856
393 4.914999999999759
394 -0.6899999999999169
395 9.714999999999845
396 -0.16999999999991564
397 -0.24499999999991637
398 -0.23499999999991658
399 -0.1249999999999156
400 -0.1699999999999164
401 -0.10499999999991558
402 -0.05999999999991599
403 -0.5099999999999161
404 -0.2749999999999175
405 -0.5649999999999161
406 -0.42999999999991606
407 4.799999999999781
408 -0.3149999999999182
409 -0.13499999999991605
410 3.7949999999998205
411 -0.5899999999999164
412 4.809999999999801
413 4.974999999999756
414 -0.23499999999991678
415 -0.43499999999991606
416 -0.8499999999999182
417 4.564999999999799
418 -0.7049999999999162
419 -0.15499999999991584
420 4.49999999999977
421 9.859999999999236
422 4.365000000000088
423 4.8249999999997915
424 4.214999999999812
425 -0.15999999999991585
426 4.9149999999997664
427 -0.5899999999999164
428 3.8849999999997973
429 4.1800000000001045
430 9.204999999999568
431 4.649999999999777
432 -0.14999999999991562
433 -0.2299999999999161
434 -0.5749999999999186
435 -0.7899999999999181
436 -0.5149999999999176
437 -0.14999999999991562
438 -0.16499999999991585
439 -0.1349999999999165
440 -0.36499999999991667
441 -0.23999999999991614
442 -1.0299999999999174
443 4.9399999999997535
444 4.499999999999768
445 -1.0649999999999171
446 9.819999999999245
447 -0.6699999999999167
448 -0.1999999999999161
449 -0.08999999999991623
450 -0.13999999999991583
451 4.899999999999756
452 9.2849999999992
453 9.849999999999214
454 -0.6999999999999165
455 -0.09499999999991557
456 -0.04999999999991577
457 -0.11499999999991559
458 -0.24499999999991637
459 9.429999999999213
460 -0.5849999999999164
461 9.199999999999836
462 -0.19499999999991652
463 9.059999999999167
464 4.250000000000101
465 -0.21999999999991698
466 -0.6649999999999175
467 -0.11999999999991559
468 -0.3349999999999162
469 4.8949999999997615
470 4.87499999999979
471 4.375000000000119
472 -0.054999999999915776
473 4.784999999999778
474 4.33500000000001
475 -0.6999999999999167
476 4.145000000000123
477 -0.1549999999999156
478 -0.7199999999999176
479 -0.9499999999999209
480 -0.21999999999991565
481 -0.7499999999999176
482 -0.17999999999991587
483 -0.13499999999991583
484 -0.1249999999999156
485 -0.7249999999999176
486 -0.16499999999991563
487 -0.33999999999991576
488 4.700000000000113
489 13.659999999999501
490 4.879999999999758
491 -0.15999999999991607
492 -0.04999999999991555
493 -0.1099999999999158
494 -0.7499999999999172
495 -0.999999999999917
496 -0.6599999999999173
497 -0.1799999999999163
498 4.9399999999997695
499 9.854999999999267
500 14.05499999999984
501 4.929999999999757
502 -0.02999999999991556
503 4.7749999999998
504 -0.08999999999991579
505 4.984999999999761
506 -0.8199999999999186
507 -0.10499999999991558
508 4.479999999999783
509 4.640000000000114
510 -0.17499999999991586
511 -0.09999999999991557
512 4.9349999999997625
513 -1.1799999999999131
514 -0.06999999999991555
515 -0.9549999999999194
516 -0.08999999999991579
517 -0.24999999999991745
518 -0.6299999999999177
519 -0.9749999999999178
520 -0.15999999999991563
521 -0.1099999999999158
522 -0.33499999999991664
523 4.230000000000095
524 -0.3199999999999171
525 -0.02499999999991556
526 -0.09999999999991557
527 -0.6249999999999175
528 -0.23499999999991614
529 4.250000000000121
530 -0.039999999999915554
531 -0.9899999999999178
532 -0.5299999999999159
533 -0.06499999999991554
534 -0.08999999999991556
535 -0.254999999999917
536 -0.16999999999991605
537 4.899999999999767
538 -0.42499999999991606
539 -0.08499999999991556
540 -0.06999999999991555
541 4.9749999999997545
542 -0.6449999999999166
543 9.73499999999924
544 -0.3799999999999167
545 -0.1349999999999165
546 -0.5149999999999161
547 -0.059999999999915545
548 -0.16999999999991564
549 -0.5949999999999166
550 -0.5199999999999165
551 -0.08499999999991556
552 -0.39499999999991625
553 4.899999999999761
554 4.245000000000122
555 -0.12999999999991638
556 -0.04999999999991555
557 -0.6349999999999162
558 -0.1399999999999156
559 4.259999999999811
560 4.6899999999999755
561 -0.0999999999999158
562 -0.33999999999991576
563 -0.08499999999991556
564 -0.09499999999991579
565 -0.1299999999999169
566 -0.5999999999999159
567 -0.5899999999999161
568 9.36999999999921
569 -0.12999999999991582
570 4.894999999999763
571 4.394999999999886
572 -0.12999999999991582
573 -0.12999999999991604
574 -0.1449999999999156
575 4.854999999999805
576 -0.09499999999991601
577 -0.1399999999999156
578 9.89999999999922
579 -0.12499999999991604
580 -0.17499999999991608
581 -0.1549999999999165
582 4.889999999999779
583 -0.5649999999999166
584 -0.1249999999999156
585 -0.3249999999999171
586 -0.04999999999991555
587 -0.22999999999991613
588 -0.05499999999991577
589 -0.14499999999991584
590 -0.6699999999999162
591 -0.039999999999915554
592 -0.6749999999999173
593 -0.16499999999991585
594 -0.16999999999991652
595 -0.07999999999991556
596 -0.17499999999991675
597 4.005000000000112
598 -0.09999999999991602
599 3.9150000000001084
600 -0.7649999999999176
601 4.754999999999823
602 -0.644999999999916
603 -0.3149999999999164
604 -0.22499999999991613
605 -0.06999999999991577
606 -0.7099999999999178
607 4.349999999999796
608 -0.15999999999991563
609 -0.4849999999999161
610 -0.5999999999999159
611 -0.5149999999999176
612 9.014999999999187
613 -0.07999999999991554
614 -0.8549999999999179
615 -0.0899999999999159
616 -0.08999999999991601
617 -0.14499999999991606
618 -0.15499999999991607
619 -0.08499999999991556
620 -0.12499999999991604
621 9.374999999999279
622 -0.05499999999991555
623 4.859999999999757
624 4.785000000000111
625 -0.04999999999991555
626 -0.10499999999991558
627 -0.02999999999991556
628 -0.10499999999991602
629 -0.10999999999991603
630 -0.09999999999991557
631 4.190000000000124
632 -0.09999999999991557
633 -0.5649999999999168
634 -0.6549999999999174
635 -0.19499999999991566
636 -0.6699999999999167
637 -0.17999999999991564
638 9.854999999999224
639 -0.6749999999999162
640 -0.6199999999999162
641 -0.19499999999991632
642 -0.13499999999991583
643 -0.08999999999991556
644 -0.059999999999915545
645 -0.04999999999991555
646 -0.5499999999999163
647 4.295000000000105
648 -0.11999999999991558
649 -0.24499999999991723
650 -0.9149999999999175
651 -0.014999999999915779
652 -0.08499999999991578
653 -0.564999999999917
654 -0.5349999999999159
655 -0.0999999999999158
656 -0.6149999999999166
657 -0.06499999999991554
658 -0.1249999999999156
659 4.130000000000114
660 -0.23499999999991814
661 4.859999999999762
662 -0.09999999999991557
663 -0.13999999999991583
664 -0.1349999999999158
665 -0.06499999999991554
666 4.659999999999763
667 -0.06999999999991555
668 -0.15499999999991604
669 -0.6399999999999166
670 4.8249999999997755
671 4.884999999999758
672 -0.1699999999999163
673 -0.11999999999991559
674 -0.06499999999991554
675 -0.04999999999991577
676 4.285000000000094
677 4.220000000000122
678 -0.05499999999991599
679 9.809999999999238
680 -0.04999999999991577
681 -0.24999999999991593
682 -0.1799999999999161
683 -0.1749999999999163
684 -0.1299999999999156
685 -0.6149999999999162
686 4.369999999999986
687 -0.7549999999999174
688 -0.4549999999999165
689 -0.15499999999991584
690 -0.13999999999991583
691 -0.5849999999999168
692 -0.12499999999991626
693 -0.07999999999991556
694 14.400000000000139
695 -0.08499999999991578
696 -0.26499999999991614
697 -0.1099999999999158
698 -0.37499999999991623
699 4.154999999999811
700 4.4849999999997685
701 -0.1399999999999165
702 -0.05499999999991555
703 -0.09499999999991557
704 -0.15499999999991562
705 4.869999999999767
706 4.279999999999787
707 4.834999999999782
708 -0.09999999999991602
709 4.869999999999789
710 4.8649999999997835
711 -0.004999999999915542
712 -0.17999999999991564
713 -0.05999999999991553
714 4.7899999999997815
715 -0.20999999999991567
716 -0.3199999999999175
717 -0.044999999999915774
718 -0.6549999999999173
719 -0.11999999999991559
720 -0.13999999999991583
721 4.369999999999792
722 -0.12999999999991582
723 4.864999999999881
724 -0.07999999999991556
725 -0.4799999999999172
726 -0.21499999999991568
727 -0.17499999999991564
728 -0.10499999999991558
729 4.919999999999791
730 -0.11999999999991626
731 -0.18499999999991565
732 -0.08999999999991556
733 -0.4949999999999161
734 -0.7649999999999179
735 -0.5199999999999163
736 4.8449999999998195
737 -0.15999999999991563
738 -0.09499999999991557
739 -0.1299999999999156
740 4.694999999999773
741 -0.09999999999991557
742 -0.3999999999999165
743 -0.08499999999991556
744 -0.2849999999999164
745 -0.11499999999991559
746 4.150000000000093
747 4.744999999999797
748 -0.7449999999999174
749 -0.08499999999991556
750 -0.07999999999991556
751 -0.13999999999991583
752 -0.02999999999991556
753 -0.03499999999991556
754 -0.06499999999991554
755 -0.05499999999991555
756 -0.5699999999999164
757 -0.03499999999991556
758 -0.43499999999991606
759 4.83999999999977
760 4.854999999999764
761 -0.6999999999999165
762 -0.16999999999991564
763 -0.5199999999999165
764 -0.2849999999999166
765 -0.1349999999999156
766 5.004999999999759
767 -0.7199999999999174
768 4.670000000000112
769 -0.15999999999991563
770 -0.25499999999991635
771 4.794999999999984
772 -0.06999999999991555
773 -0.05499999999991555
774 -0.6699999999999167
775 -0.6199999999999171
776 -0.1449999999999156
777 -0.059999999999915545
778 -0.18999999999991599
779 -0.2949999999999164
780 -0.18499999999991676
781 -0.10999999999991558
782 4.264999999999805
783 -0.08999999999991556
784 -0.6949999999999185
785 -0.04499999999991555
786 -0.14499999999991606
787 -0.909999999999918
788 -0.02499999999991556
789 -0.0049999999999155555
790 -0.1099999999999158
791 -0.08999999999991579
792 4.899999999999761
793 -0.2599999999999159
794 -0.16999999999991564
795 4.5500000000001
796 -0.10499999999991558
797 -0.1249999999999156
798 4.859999999999816
799 9.95999999999923
800 4.854999999999778
801 4.894999999999774
802 -0.15499999999991582
803 -0.7899999999999179
804 9.219999999999212
805 -0.5099999999999161
806 -0.084999999999916
807 4.664999999999765
808 -0.6199999999999164
809 -0.5249999999999181
810 4.924999999999766
811 -0.014999999999915557
812 -0.6599999999999162
813 -0.15999999999991563
814 9.839999999999273
815 4.774999999999801
816 -0.08499999999991578
817 -0.2149999999999159
818 -0.1649999999999165
819 -0.1799999999999161
820 -0.15499999999991607
821 4.194999999999938
822 -0.12999999999991646
823 -0.8199999999999183
824 -0.2249999999999159
825 -0.6249999999999164
826 -0.15999999999991604
827 -0.14499999999991584
828 -0.16999999999991564
829 -0.7749999999999172
830 -0.07999999999991556
831 -0.06999999999991555
832 -0.1099999999999156
833 -0.059999999999915545
834 -0.3249999999999175
835 -0.19499999999991613
836 -0.1249999999999156
837 4.525000000000114
838 -0.1049999999999158
839 -0.06999999999991555
840 -0.6849999999999167
841 -0.06999999999991599
842 -0.15999999999991563
843 -0.084999999999916
844 -0.15999999999991563
845 -0.13999999999991627
846 -0.14999999999991562
847 -0.09499999999991579
848 4.954999999999776
849 -0.04499999999991555
850 -0.1399999999999158
851 -0.11999999999991559
852 4.964999999999755
853 -0.6099999999999164
854 -0.6549999999999164
855 -0.1399999999999156
856 9.494999999999155
857 -0.14999999999991562
858 -0.07999999999991556
859 -0.6999999999999167
860 -0.06499999999991576
861 4.754999999999773
862 -0.09999999999991602
863 -0.03499999999991556
864 -0.06499999999991554
865 -0.1299999999999156
866 -0.659999999999916
867 -0.11999999999991626
868 -0.17499999999991653
869 -0.09499999999991557
870 -0.04999999999991555
871 4.859999999999769
872 -0.1349999999999156
873 -0.8049999999999183
874 -0.08499999999991556
875 -0.10999999999991558
876 -0.1049999999999158
877 -0.1449999999999156
878 -0.014999999999915557
879 -0.11999999999991559
880 -0.7399999999999174
881 -0.0049999999999155555
882 -0.17499999999991564
883 4.879999999999778
884 -0.2399999999999157
885 -0.04999999999991555
886 -0.18999999999991588
887 -0.12999999999991582
888 -0.09499999999991557
889 -0.1099999999999158
890 -0.13499999999991583
891 -0.11499999999991647
892 -0.1049999999999158
893 -0.10499999999991558
894 -0.06499999999991554
895 -0.7349999999999185
896 -0.614999999999916
897 -0.08999999999991556
898 -0.18999999999991676
899 -0.06499999999991554
900 -0.20999999999991567
901 4.839999999999761
902 -0.6799999999999178
903 -0.07499999999991555
904 -0.09999999999991557
905 -0.7649999999999173
906 4.839999999999786
907 -0.1299999999999156
908 -0.5599999999999161
909 -0.5199999999999163
910 -0.1249999999999156
911 4.859999999999768
912 -0.14999999999991562
913 -0.11499999999991559
914 -0.6549999999999166
915 -0.20999999999991634
916 -0.1399999999999156
917 -0.6399999999999169
918 -0.2849999999999175
919 9.529999999999566
920 -0.03499999999991556
921 -0.049999999999916216
922 -0.10999999999991558
923 -0.07499999999991577
924 -0.10499999999991558
925 4.899999999999765
926 -1.0299999999999172
927 -0.09499999999991557
928 -0.10499999999991602
929 -0.06999999999991555
930 0.005000000000084445
931 -0.23499999999991636
932 -0.13499999999991627
933 -0.07999999999991578
934 4.86999999999976
935 4.829999999999768
936 -0.09999999999991602
937 -0.09499999999991557
938 -0.07999999999991556
939 -0.06499999999991554
940 -0.09999999999991668
941 -0.1049999999999158
942 4.8549999999997695
943 -0.38499999999991646
944 -0.07999999999991556
945 -0.6749999999999173
946 -0.14499999999991606
947 -0.6849999999999187
948 -0.11499999999991559
949 -0.15499999999991562
950 4.225000000000099
951 4.844999999999784
952 -0.04499999999991555
953 4.879999999999767
954 -0.07499999999991555
955 -0.1449999999999156
956 -0.4999999999999181
957 -0.019999999999915558
958 -0.08499999999991578
959 -0.06499999999991576
960 4.929999999999764
961 -0.014999999999915557
962 4.489999999999774
963 -0.19499999999991588
964 -0.6699999999999169
965 4.81999999999977
966 -0.1699999999999156
967 4.369999999999794
968 -0.0999999999999158
969 4.66499999999985
970 4.924999999999759
971 4.934999999999754
972 -0.09999999999991602
973 -0.04499999999991555
974 -0.6749999999999164
975 -0.18999999999991563
976 -0.02499999999991556
977 -0.08999999999991556
978 -0.09499999999991579
979 -0.12499999999991582
980 -0.05499999999991577
981 -0.09999999999991557
982 -0.08499999999991556
983 4.9449999999997605
984 -0.18999999999991632
985 -0.14999999999991584
986 -0.1299999999999156
987 -0.08499999999991556
988 -0.11499999999991559
989 -0.10999999999991558
990 4.884999999999774
991 -0.9199999999999176
992 4.524999999999814
993 4.859999999999903
994 4.914999999999798
995 -0.03499999999991556
996 -0.5349999999999163
997 -0.18999999999991632
998 4.374999999999769
999 -0.1449999999999156
1000 -0.11999999999991559
1001 -0.16999999999991586
1002 -0.03499999999991556
1003 -0.18499999999991587
1004 -0.07499999999991555
1005 -0.6199999999999184
1006 4.715000000000113
1007 -0.7549999999999172
1008 -0.744999999999917
1009 -0.05499999999991555
1010 -0.18999999999991565
1011 -0.6749999999999171
1012 -0.5299999999999163
1013 -0.6449999999999162
1014 -1.1499999999999138
1015 -0.059999999999915545
1016 -0.09999999999991557
1017 -0.039999999999915554
1018 -0.5649999999999159
1019 -0.09999999999991602
1020 -0.05499999999991555
1021 0.010000000000084445
1022 -0.17499999999991608
1023 -0.15499999999991562
1024 4.954999999999755
1025 -0.2049999999999163
1026 -0.19499999999991566
1027 -0.04499999999991555
1028 -0.7899999999999168
1029 -0.09999999999991557
1030 -0.14999999999991606
1031 -0.07499999999991555
1032 4.904999999999756
1033 -0.08499999999991578
1034 -0.1449999999999158
1035 -0.07499999999991555
1036 -0.059999999999915545
1037 -0.19999999999991566
1038 -0.02999999999991556
1039 -0.1649999999999163
1040 -0.09499999999991557
1041 -0.16999999999991564
1042 -0.11499999999991559
1043 -0.05499999999991621
1044 -0.6699999999999176
1045 -0.05499999999991555
1046 -0.06999999999991555
1047 -0.13999999999991583
1048 4.9299999999997555
1049 -0.11499999999991559
1050 -0.15999999999991585
1051 -0.08999999999991556
1052 -0.0049999999999157775
1053 -0.19999999999991588
1054 -0.5749999999999159
1055 -0.04499999999991555
1056 -0.12499999999991582
1057 -0.05499999999991555
1058 -0.14999999999991562
1059 -0.06999999999991555
1060 19.855000000000956
1061 4.80000000000011
1062 -0.17999999999991587
1063 -0.07499999999991555
1064 -0.02999999999991556
1065 -0.014999999999915557
1066 4.895000000000095
1067 -0.1349999999999156
1068 -0.10999999999991558
1069 4.339999999999814
1070 -0.08499999999991556
1071 -0.7049999999999176
1072 -0.0999999999999158
1073 4.899999999999767
1074 -0.009999999999915556
1075 -0.06499999999991621
1076 -0.7199999999999165
1077 -0.579999999999917
1078 -0.09499999999991558
1079 4.834999999999775
1080 -0.2049999999999163
1081 -0.11499999999991559
1082 -0.5949999999999162
1083 -0.19999999999991586
1084 -0.05499999999991577
1085 4.779999999999791
1086 4.8449999999997715
1087 4.82999999999977
1088 -0.45499999999991586
1089 4.994999999999756
1090 -0.7349999999999172
1091 4.829999999999761
1092 -0.08999999999991556
1093 -0.04499999999991666
1094 -0.16999999999991564
1095 -0.16999999999991564
1096 -0.06999999999991555
1097 -0.07499999999991555
1098 9.724999999999257
1099 -0.22499999999991654
1100 -0.4999999999999161
1101 4.204999999999854
1102 -0.1399999999999156
1103 -0.05499999999991555
1104 -0.10999999999991625
1105 -0.1399999999999156
1106 4.809999999999767
1107 -0.14999999999991562
1108 -0.08999999999991555
1109 -0.09499999999991557
1110 -0.1099999999999158
1111 -0.6449999999999164
1112 -0.04499999999991555
1113 5.004999999999754
1114 -0.08499999999991556
1115 -0.2849999999999184
1116 -0.06499999999991554
1117 -0.13999999999991583
1118 4.790000000000089
1119 -0.06999999999991555
1120 -0.6249999999999177
1121 -0.8249999999999184
1122 -0.04999999999991555
1123 -0.02999999999991556
1124 -0.17999999999991653
1125 -0.614999999999916
1126 -0.14499999999991584
1127 -0.08499999999991556
1128 -0.07999999999991556
1129 -0.12999999999991604
1130 -0.2149999999999159
1131 -0.07999999999991556
1132 -0.13499999999991583
1133 4.725000000000075
1134 -0.11999999999991558
1135 -0.06499999999991576
1136 -0.2699999999999157
1137 9.324999999999159
1138 -0.989999999999917
1139 -0.574999999999917
1140 -0.08999999999991556
1141 -0.10499999999991558
1142 -0.19999999999991566
1143 -0.18499999999991587
1144 -0.09999999999991557
1145 -0.08499999999991556
1146 -0.014999999999915557
1147 -0.08499999999991556
1148 -0.09499999999991557
1149 -0.06499999999991554
1150 -0.0999999999999158
1151 -0.1249999999999156
1152 -0.1299999999999156
1153 -0.09999999999991557
1154 -0.05499999999991555
1155 4.939999999999762
1156 -0.7249999999999169
1157 -0.07499999999991555
1158 -0.7049999999999174
1159 4.909999999999761
1160 -0.10499999999991558
1161 -0.15999999999991563
1162 -0.1449999999999156
1163 -0.15499999999991562
1164 4.844999999999766
1165 -0.08999999999991556
1166 -0.05499999999991555
1167 4.099999999999837
1168 -0.07499999999991555
1169 -0.06999999999991556
1170 -0.06999999999991555
1171 -0.3099999999999162
1172 -0.054999999999916
1173 -0.21999999999991635
1174 -0.0999999999999158
1175 -0.10999999999991558
1176 -0.1399999999999156
1177 -1.0999999999999157
1178 4.9099999999997594
1179 4.899999999999756
1180 -0.11999999999991559
1181 -0.05499999999991555
1182 -0.04499999999991555
1183 -0.07999999999991578
1184 -0.1799999999999165
1185 -1.2899999999999119
1186 4.939999999999777
1187 -0.11999999999991559
1188 -0.7399999999999174
1189 4.859999999999778
1190 -0.5699999999999159
1191 -0.10499999999991558
1192 -0.1399999999999156
1193 -0.13499999999991583
1194 -0.10499999999991558
1195 -0.07499999999991555
1196 -0.07499999999991577
1197 -0.1349999999999156
1198 -0.20999999999991567
1199 -0.14999999999991606
1200 -0.7249999999999167
1201 -0.30499999999991684
1202 -0.08999999999991556
1203 -0.03499999999991578
1204 -0.10999999999991558
1205 -0.10499999999991558
1206 4.8949999999997615
1207 -0.2249999999999159
1208 -0.20999999999991567
1209 -0.1249999999999156
1210 -0.5449999999999159
1211 9.729999999999217
1212 -0.17499999999991564
1213 -0.06999999999991555
1214 4.779999999999787
1215 9.979999999999219
1216 14.820000000000018
1217 4.104999999999809
1218 -0.10999999999991558
1219 -0.07999999999991556
1220 4.739999999999781
1221 -0.10999999999991558
1222 -0.16999999999991716
1223 -0.07499999999991555
1224 -0.2449999999999157
1225 -0.1399999999999156
1226 -0.07999999999991556
1227 -0.11499999999991559
1228 -0.1399999999999156
1229 4.760000000000112
1230 4.879999999999785
1231 -0.03499999999991556
1232 -0.09999999999991557
1233 -0.48499999999991944
1234 -0.10499999999991558
1235 -0.04999999999991555
1236 -0.6299999999999168
1237 4.844999999999802
1238 -0.13499999999991583
1239 -0.6849999999999162
1240 -0.5049999999999158
1241 -0.07499999999991555
1242 0.005000000000084223
1243 9.839999999999238
1244 -0.5999999999999164
1245 -0.10999999999991558
1246 -0.7299999999999172
1247 -0.10999999999991558
1248 -0.06999999999991555
1249 -0.24999999999991634
1250 -0.019999999999915558
1251 -0.5799999999999161
1252 -0.039999999999915554
1253 4.9049999999997596
1254 4.939999999999864
1255 4.914999999999761
1256 -0.11999999999991559
1257 -0.12999999999991604
1258 -0.789999999999917
1259 -0.10499999999991558
1260 -0.08499999999991578
1261 -0.1849999999999161
1262 -0.18999999999991588
1263 4.7899999999997815
1264 -0.10499999999991558
1265 4.949999999999769
1266 -0.09999999999991556
1267 -0.08499999999991556
1268 -0.2999999999999173
1269 -0.7699999999999176
1270 -0.7649999999999174
1271 -0.08499999999991556
1272 -0.059999999999915545
1273 -0.14999999999991562
1274 -0.07499999999991555
1275 -0.15999999999991582
1276 4.3849999999997795
1277 -0.1249999999999156
1278 4.8549999999997695
1279 -0.11499999999991559
1280 4.889999999999778
1281 -0.4749999999999161
1282 -0.08999999999991579
1283 -0.07499999999991555
1284 4.854999999999771
1285 4.924999999999759
1286 -0.059999999999915545
1287 -0.15999999999991563
1288 -0.6249999999999166
1289 -0.08499999999991623
1290 -0.07499999999991577
1291 4.734999999999779
1292 -0.10999999999991558
1293 -0.1249999999999156
1294 -0.5399999999999161
1295 -0.10499999999991602
1296 4.9749999999997545
1297 -0.46499999999991676
1298 -0.03499999999991556
1299 -0.1849999999999161
1300 -0.0999999999999158
1301 -0.08999999999991579
1302 -0.09999999999991557
1303 -0.5249999999999163
1304 -0.2549999999999159
1305 -0.604999999999917
1306 -0.07499999999991555
1307 -0.13999999999991583
1308 -0.1299999999999156
1309 -0.6199999999999164
1310 -0.5349999999999159
1311 4.879999999999774
1312 -0.1299999999999156
1313 -0.2149999999999161
1314 -0.754999999999917
1315 -0.08499999999991556
1316 -0.2799999999999157
1317 -0.15999999999991563
1318 -0.5649999999999192
1319 -0.15499999999991562
1320 -0.11499999999991559
1321 4.8549999999997695
1322 -0.059999999999915545
1323 -0.08999999999991556
1324 -0.06499999999991554
1325 -0.14999999999991562
1326 -0.10999999999991558
1327 -0.10499999999991558
1328 -0.10999999999991558
1329 -0.15999999999991607
1330 -0.1249999999999156
1331 -0.08499999999991556
1332 4.899999999999761
1333 -0.45499999999991586
1334 4.889999999999788
1335 -0.04499999999991555
1336 -0.05499999999991555
1337 -0.11499999999991581
1338 -0.059999999999915545
1339 -0.1299999999999156
1340 -0.06499999999991554
1341 4.889999999999763
1342 -0.07499999999991555
1343 -0.03499999999991556
1344 -0.07999999999991578
1345 -0.26499999999991614
1346 -0.039999999999915554
1347 -0.6799999999999176
1348 -0.04999999999991555
1349 -0.2199999999999159
1350 4.89499999999976
1351 -0.22499999999991632
1352 4.8849999999997635
1353 4.919999999999766
1354 -0.18999999999991565
1355 -0.7249999999999167
1356 -0.08999999999991556
1357 -0.4849999999999179
1358 -0.15499999999991562
1359 -0.04499999999991555
1360 -0.1399999999999156
1361 0.020000000000084225
1362 -0.10499999999991558
1363 4.1899999999998085
1364 4.849999999999773
1365 -0.24499999999991567
1366 -0.10499999999991558
1367 -0.19999999999991633
1368 -0.15499999999991607
1369 -0.07999999999991556
1370 4.854999999999764
1371 -0.7749999999999161
1372 -0.1449999999999156
1373 -0.19499999999991588
1374 -0.06499999999991554
1375 -0.6499999999999171
1376 -0.5349999999999165
1377 -0.5349999999999161
1378 4.379999999999769
1379 -0.10999999999991558
1380 -0.5949999999999162
1381 -0.21499999999991612
1382 -0.1299999999999156
1383 -0.10499999999991558
1384 -0.09499999999991557
1385 -0.3199999999999162
1386 -0.17499999999991564
1387 4.859999999999778
1388 -0.619999999999916
1389 -0.04999999999991555
1390 -0.1449999999999156
1391 -0.12499999999991582
1392 -0.09999999999991557
1393 -0.04999999999991555
1394 4.87499999999976
1395 4.884999999999765
1396 -0.014999999999915557
1397 -0.059999999999915545
1398 -0.13999999999991583
1399 -0.059999999999915545
1400 -0.05499999999991555
1401 -0.09999999999991557
1402 -0.15999999999991563
1403 -0.014999999999915557
1404 -0.1249999999999156
1405 -0.07999999999991556
1406 4.834999999999864
1407 -0.07999999999991556
1408 4.909999999999772
1409 -0.12499999999991582
1410 -0.1799999999999161
1411 -0.09499999999991557
1412 -0.10999999999991558
1413 4.989999999999767
1414 -0.19499999999991566
1415 -0.04499999999991555
1416 -0.009999999999915556
1417 -0.10999999999991558
1418 -0.4849999999999161
1419 -0.629999999999916
1420 -0.11999999999991559
1421 -0.07999999999991556
1422 -0.14999999999991626
1423 -0.1349999999999156
1424 9.894999999999218
1425 -0.1149999999999158
1426 4.220000000000091
1427 -0.1099999999999158
1428 -0.08999999999991644
1429 -0.6649999999999171
1430 -0.06499999999991554
1431 8.444460408707499e-14
1432 -0.10999999999991558
1433 4.8449999999997555
1434 -0.14999999999991562
1435 4.879999999999934
1436 -0.059999999999915545
1437 4.994999999999752
1438 -0.059999999999915545
1439 -0.1249999999999156
1440 -0.04999999999991555
1441 9.854999999999212
1442 -0.07499999999991555
1443 4.884999999999778
1444 -0.06499999999991554
1445 -0.06999999999991555
1446 -0.8349999999999168
1447 9.93499999999922
1448 -0.15999999999991563
1449 -0.21499999999991612
1450 -0.12999999999991604
1451 -0.10999999999991558
1452 4.689999999999762
1453 -0.19499999999991566
1454 9.864999999999203
1455 -0.07499999999991577
1456 4.909999999999781
1457 4.899999999999758
1458 -0.08999999999991556
1459 -0.08499999999991578
1460 -0.06499999999991554
1461 -0.11499999999991559
1462 -0.2749999999999168
1463 -0.1299999999999156
1464 -0.18499999999991631
1465 4.934999999999764
1466 -0.15499999999991562
1467 -0.07999999999991556
1468 -0.9149999999999191
1469 -0.0049999999999155555
1470 -0.1349999999999156
1471 -0.07499999999991577
1472 -0.2949999999999173
1473 -0.10999999999991558
1474 -0.17499999999991586
1475 -0.04999999999991555
1476 -0.18999999999991588
1477 -0.2149999999999163
1478 -0.19499999999991566
1479 -0.5149999999999163
1480 4.90999999999977
1481 -0.09499999999991557
1482 -0.05499999999991555
1483 -0.08999999999991556
1484 -0.12999999999991582
1485 4.899999999999777
1486 -0.11999999999991559
1487 -0.09999999999991557
1488 -0.12999999999991582
1489 -0.8599999999999179
1490 4.964999999999758
1491 -0.1249999999999156
1492 -0.15499999999991562
1493 -0.14499999999991603
1494 -1.0199999999999163
1495 -0.12499999999991626
1496 -0.1249999999999156
1497 -0.7899999999999181
1498 -0.05499999999991555
1499 -0.5599999999999161
1500 4.974999999999765
1501 -0.019999999999915558
1502 -0.09499999999991557
1503 -0.10999999999991558
1504 -0.08499999999991556
1505 -0.17999999999991587
1506 -0.09999999999991557
1507 -0.16999999999991564
1508 -0.059999999999915545
1509 -0.15499999999991584
1510 -0.059999999999915545
1511 -0.4899999999999161
1512 -0.5199999999999159
1513 -0.039999999999915554
1514 -0.02999999999991556
1515 4.8599999999997605
1516 -0.11999999999991559
1517 4.86499999999976
1518 4.919999999999763
1519 -0.1299999999999156
1520 -0.4799999999999159
1521 -0.07499999999991555
1522 -0.11999999999991559
1523 -0.05499999999991577
1524 -0.04499999999991555
1525 -0.11499999999991559
1526 -0.1949999999999161
1527 -0.659999999999916
1528 -0.1249999999999156
1529 -0.17999999999991587
1530 -0.719999999999916
1531 -0.10999999999991558
1532 -0.08999999999991556
1533 -0.12999999999991582
1534 -0.05499999999991555
1535 -0.06499999999991554
1536 -0.22499999999991724
1537 -0.0999999999999158
1538 -0.18999999999991565
1539 4.909999999999774
1540 -0.2649999999999159
1541 -0.14499999999991606
1542 -0.08999999999991556
1543 -0.08999999999991556
1544 -0.07999999999991556
1545 -0.014999999999915557
1546 -0.10499999999991558
1547 4.929999999999775
1548 -0.05499999999991555
1549 4.9849999999997525
1550 -0.08499999999991556
1551 4.944999999999755
1552 -0.1999999999999163
1553 -0.15999999999991563
1554 4.884999999999767
1555 -0.059999999999915545
1556 -0.09499999999991557
1557 -0.09499999999991557
1558 -0.06999999999991555
1559 -0.1399999999999156
1560 -0.07999999999991578
1561 4.36000000000012
1562 -0.07499999999991555
1563 -0.5249999999999159
1564 0.010000000000084445
1565 -0.09999999999991557
1566 -0.34999999999991754
1567 -0.1299999999999156
1568 4.919999999999763
1569 4.234999999999797
1570 0.010000000000084223
1571 -0.07499999999991555
1572 -0.09999999999991557
1573 -0.11499999999991625
1574 -0.039999999999915554
1575 -0.09499999999991579
1576 4.954999999999783
1577 -0.07499999999991555
1578 -0.11499999999991559
1579 -0.15999999999991585
1580 -0.08499999999991556
1581 -0.2049999999999159
1582 -0.06499999999991554
1583 -0.10499999999991556
1584 14.775000000000555
1585 -0.8349999999999173
1586 -0.04999999999991555
1587 -0.03499999999991556
1588 -0.1249999999999156
1589 -0.7199999999999163
1590 -0.07499999999991577
1591 -0.05499999999991555
1592 -0.08999999999991556
1593 -0.07999999999991556
1594 -0.4249999999999174
1595 -0.15499999999991607
1596 -0.08499999999991556
1597 0.010000000000084445
1598 -0.1249999999999156
1599 -0.15499999999991562
1600 -0.04499999999991555
1601 -0.06999999999991555
1602 -0.19499999999991632
1603 -0.07999999999991556
1604 -0.0999999999999158
1605 -0.08499999999991556
1606 4.844999999999757
1607 -0.6399999999999162
1608 -0.1399999999999156
1609 -0.1449999999999156
1610 4.944999999999753
1611 4.874999999999755
1612 -0.13499999999991583
1613 -0.18499999999991565
1614 -0.17999999999991695
1615 -0.10999999999991558
1616 -0.17999999999991675
1617 -0.059999999999915545
1618 -0.34999999999991643
1619 -0.11999999999991559
1620 -0.09999999999991557
1621 -0.779999999999917
1622 -0.24499999999991637
1623 -0.5949999999999166
1624 -0.17499999999991608
1625 -0.08999999999991556
1626 -0.1299999999999156
1627 -0.014999999999915779
1628 -0.05499999999991555
1629 -0.10999999999991558
1630 -0.4899999999999172
1631 -0.08999999999991577
1632 4.929999999999768
1633 -0.15999999999991563
1634 -0.044999999999915774
1635 -0.48999999999991634
1636 -0.07499999999991555
1637 -0.1299999999999156
1638 -0.1049999999999158
1639 -0.03999999999991578
1640 -0.09499999999991557
1641 -0.03499999999991556
1642 4.924999999999754
1643 -0.09499999999991557
1644 -0.18999999999991632
1645 -0.16999999999991564
1646 -0.17499999999991653
1647 -0.1299999999999156
1648 -0.09499999999991557
1649 -0.1099999999999158
1650 -0.6099999999999166
1651 -0.15499999999991562
1652 -0.08999999999991556
1653 4.844999999999786
1654 -0.21999999999991568
1655 4.809999999999756
1656 -0.019999999999915558
1657 -0.1399999999999156
1658 -0.20499999999991586
1659 -0.25499999999991724
1660 -0.08499999999991578
1661 -0.13499999999991627
1662 -0.03499999999991556
1663 -0.009999999999915556
1664 -0.11499999999991559
1665 -0.17999999999991698
1666 -0.4999999999999159
1667 -0.059999999999915545
1668 -0.08999999999991556
1669 -0.07999999999991556
1670 4.969999999999755
1671 -0.1299999999999156
1672 -0.06999999999991555
1673 4.939999999999761
1674 -0.0049999999999155555
1675 -0.06999999999991555
1676 -0.04999999999991555
1677 -0.06499999999991554
1678 -0.06999999999991555
1679 -0.07999999999991556
1680 -0.649999999999916
1681 -0.07499999999991555
1682 -0.24999999999991748
1683 -0.059999999999915545
1684 -0.08999999999991597
1685 4.879999999999774
1686 -0.06999999999991555
1687 -1.1249999999999136
1688 -0.09999999999991557
1689 -0.18999999999991565
1690 -0.06999999999991555
1691 -0.04999999999991555
1692 -0.0049999999999155555
1693 -0.06499999999991554
1694 -0.06499999999991554
1695 4.979999999999827
1696 -0.05999999999991577
1697 -0.07499999999991555
1698 -0.10999999999991557
1699 -0.1399999999999156
1700 4.8799999999997565
1701 -0.8699999999999171
1702 -0.06499999999991554
1703 -0.6649999999999169
1704 -0.11999999999991601
1705 -0.09999999999991557
1706 -0.14999999999991606
1707 -0.18999999999991565
1708 -0.06499999999991554
1709 -0.2999999999999166
1710 -0.24499999999991637
1711 -0.1299999999999156
1712 -0.10499999999991558
1713 -0.04999999999991555
1714 -0.1649999999999163
1715 -0.11999999999991559
1716 -0.05499999999991577
1717 -0.16999999999991605
1718 -0.11499999999991559
1719 -0.014999999999915557
1720 4.929999999999761
1721 -0.08999999999991556
1722 4.909999999999761
1723 -0.10499999999991558
1724 -0.11999999999991559
1725 -0.3349999999999184
1726 9.929999999999222
1727 -0.1799999999999172
1728 -0.019999999999915558
1729 -0.6799999999999173
1730 -0.17999999999991564
1731 -0.009999999999915556
1732 4.874999999999799
1733 -0.04499999999991555
1734 -0.1349999999999156
1735 -0.07499999999991577
1736 -0.15999999999991651
1737 -0.08999999999991556
1738 -0.5649999999999161
1739 -0.07999999999991556
1740 8.959999999999598
1741 -0.1399999999999156
1742 -0.754999999999917
1743 -0.04999999999991555
1744 -0.08499999999991556
1745 -0.13999999999991583
1746 -0.05499999999991555
1747 4.934999999999789
1748 4.949999999999753
1749 -0.13999999999991583
1750 -0.09499999999991557
1751 -0.10999999999991558
1752 -0.15999999999991563
1753 -0.07999999999991556
1754 -0.10499999999991558
1755 -0.12999999999991582
1756 9.929999999999218
1757 -0.20999999999991567
1758 -0.1049999999999158
1759 -0.13999999999991583
1760 -0.6099999999999168
1761 -0.059999999999915545
1762 -0.059999999999915975
1763 4.959999999999758
1764 -0.17499999999991586
1765 -0.11499999999991559
1766 -0.08499999999991556
1767 -0.09999999999991646
1768 -0.039999999999915554
1769 9.869999999999223
1770 -0.15999999999991563
1771 -0.1849999999999161
1772 8.444460408707499e-14
1773 -0.02499999999991578
1774 -0.12999999999991582
1775 -0.07999999999991556
1776 4.9049999999997596
1777 -0.10499999999991558
1778 -0.08499999999991556
1779 -0.1249999999999156
1780 -0.1349999999999156
1781 4.859999999999768
1782 4.869999999999755
1783 4.824999999999974
1784 -0.04999999999991555
1785 -0.1399999999999156
1786 -0.0049999999999155555
1787 -0.17499999999991564
1788 -0.07499999999991555
1789 -0.10999999999991558
1790 -0.14999999999991584
1791 -0.539999999999917
1792 4.829999999999781
1793 4.884999999999756
1794 -0.06999999999991555
1795 -0.07499999999991555
1796 -0.09499999999991557
1797 -0.16999999999991564
1798 -0.009999999999915556
1799 -0.11999999999991559
1800 -0.15999999999991651
1801 -0.12999999999991582
1802 -0.1349999999999156
1803 -0.06999999999991555
1804 -0.19499999999991566
1805 -0.08499999999991556
1806 -0.1399999999999156
1807 -0.05499999999991555
1808 4.924999999999772
1809 -0.17499999999991564
1810 -0.18999999999991565
1811 -0.5699999999999164
1812 4.8999999999997685
1813 -0.06499999999991554
1814 -0.1399999999999156
1815 -0.11499999999991559
1816 -0.08999999999991601
1817 4.8899999999997705
1818 -0.07499999999991555
1819 -0.12999999999991582
1820 -0.10999999999991558
1821 -0.11999999999991559
1822 -0.08499999999991556
1823 4.454999999999778
1824 4.829999999999786
1825 -0.17499999999991564
1826 4.909999999999756
1827 -0.15499999999991562
1828 -0.3599999999999162
1829 -0.4899999999999161
1830 -0.15499999999991584
1831 -0.18499999999991587
1832 -0.5199999999999159
1833 -0.019999999999915558
1834 -0.1299999999999156
1835 -0.05499999999991555
1836 -0.06999999999991555
1837 -0.15999999999991563
1838 -0.1399999999999156
1839 4.799999999999797
1840 -0.14499999999991606
1841 -0.09999999999991557
1842 -0.09999999999991557
1843 -0.09499999999991557
1844 -0.09999999999991557
1845 -0.1449999999999156
1846 -0.5649999999999159
1847 -0.08499999999991556
1848 -0.09499999999991557
1849 -0.04999999999991555
1850 -0.014999999999915557
1851 -0.1249999999999156
1852 4.309999999999827
1853 -0.09999999999991557
1854 -0.09499999999991557
1855 -0.12999999999991627
1856 -0.17999999999991564
1857 -0.10999999999991558
1858 -0.5849999999999159
1859 -0.10999999999991558
1860 4.709999999999787
1861 4.869999999999755
1862 9.93999999999922
1863 -0.11499999999991559
1864 -0.12999999999991604
1865 -0.05499999999991555
1866 -0.07499999999991555
1867 -0.07999999999991556
1868 4.929999999999761
1869 -0.044999999999915996
1870 -0.11999999999991559
1871 -0.11999999999991581
1872 -0.06999999999991555
1873 -0.774999999999917
1874 -0.09999999999991557
1875 -0.07499999999991555
1876 -0.18499999999991565
1877 -0.07999999999991554
1878 4.9099999999997666
1879 -0.15999999999991563
1880 -0.04999999999991555
1881 8.444460408707499e-14
1882 -0.06999999999991555
1883 -0.11499999999991581
1884 0.010000000000084445
1885 -0.10999999999991558
1886 4.329999999999777
1887 -0.06499999999991554
1888 -0.08999999999991556
1889 -0.08999999999991556
1890 -0.04999999999991577
1891 -0.10499999999991558
1892 -0.02499999999991556
1893 -0.11499999999991559
1894 -0.1149999999999158
1895 -0.12999999999991582
1896 -0.14499999999991628
1897 -0.1349999999999156
1898 4.784999999999773
1899 4.87499999999976
1900 -0.4799999999999159
1901 -0.09499999999991557
1902 -0.06999999999991555
1903 -0.11499999999991559
1904 9.889999999999201
1905 -0.1299999999999156
1906 4.879999999999764
1907 -0.16999999999991586
1908 -0.07999999999991556
1909 -0.10999999999991558
1910 -0.10499999999991558
1911 4.814999999999795
1912 -0.09499999999991557
1913 -0.04999999999991555
1914 -0.09999999999991557
1915 8.422255948214996e-14
1916 -0.16999999999991564
1917 -0.1449999999999158
1918 -0.1399999999999156
1919 -0.10999999999991558
1920 -0.09499999999991557
1921 -0.05999999999991577
1922 4.784999999999766
1923 -0.12999999999991557
1924 -0.09499999999991557
1925 -0.04999999999991577
1926 -0.49499999999991634
1927 -0.15999999999991563
1928 4.849999999999761
1929 -0.11999999999991581
1930 9.879999999999212
1931 -0.06999999999991555
1932 -0.5349999999999161
1933 -0.059999999999915545
1934 -0.08499999999991556
1935 -0.04499999999991555
1936 -0.6049999999999175
1937 -0.1299999999999156
1938 -0.1099999999999158
1939 -0.03499999999991556
1940 4.939999999999762
1941 4.844999999999809
1942 -0.07999999999991556
1943 4.874999999999758
1944 -0.03499999999991556
1945 -0.04999999999991555
1946 -0.5349999999999163
1947 -0.08499999999991556
1948 4.824999999999779
1949 -0.11499999999991559
1950 -0.12499999999991582
1951 4.230000000000024
1952 -0.1399999999999156
1953 -0.11999999999991558
1954 -0.039999999999915554
1955 -0.08999999999991556
1956 -0.06499999999991599
1957 4.849999999999782
1958 -0.5499999999999163
1959 -0.07999999999991556
1960 -0.019999999999915558
1961 -0.1399999999999156
1962 -0.039999999999915554
1963 -0.08999999999991556
1964 -0.09999999999991557
1965 -0.7649999999999165
1966 -0.16999999999991564
1967 -0.5799999999999175
1968 -0.039999999999915554
1969 -0.08999999999991579
1970 4.859999999999775
1971 -0.08499999999991556
1972 4.379999999999769
1973 -0.08999999999991556
1974 -0.05499999999991555
1975 -0.1749999999999163
1976 9.984999999999221
1977 -0.1449999999999156
1978 4.959999999999755
1979 -0.06999999999991555
1980 -0.1299999999999156
1981 -0.759999999999917
1982 -0.04499999999991555
1983 -0.07999999999991556
1984 -0.09999999999991557
1985 -0.04999999999991555
1986 -0.07499999999991555
1987 -0.1449999999999156
1988 -0.1749999999999163
1989 4.2650000000000965
1990 -0.13999999999991583
1991 4.924999999999766
1992 4.849999999999768
1993 9.974999999999216
1994 -0.1349999999999156
1995 -0.09499999999991557
1996 -0.08499999999991556
1997 9.829999999999217
1998 -0.05499999999991555
1999 -0.15499999999991607
5532.218224287033
