0 -7.74
1 -7.56
2 -7.77
3 -7.67
4 -7.80
5 -7.59
6 -7.56
7 -7.65
8 -7.94
9 -7.52
10 -5.22
11 -7.81
12 -7.68
13 -7.78
14 -7.48
15 -7.64
16 -7.74
17 -7.63
18 -7.54
19 -7.69
20 -7.76
21 -7.80
22 -7.65
23 -7.77
24 -7.65
25 -7.66
26 -7.69
27 -7.66
28 -7.58
29 -7.63
30 -7.65
31 -7.62
32 -7.59
33 -7.67
34 -7.76
35 -7.66
36 -7.56
37 -7.77
38 -7.60
39 -7.72
40 -7.57
41 -7.78
42 -7.63
43 -7.61
44 -7.66
45 -7.74
46 -7.60
47 -7.52
48 -7.65
49 -7.69
50 -7.70
51 -7.65
52 -7.61
53 -7.73
54 -7.70
55 -5.34
56 -7.79
57 -7.85
58 -7.61
59 -7.64
60 -7.67
61 -7.64
62 -7.71
63 -5.12
64 -5.30
65 -7.61
66 -7.49
67 -5.30
68 -7.75
69 -7.64
70 -7.72
71 -7.62
72 -7.68
73 -7.76
74 -7.70
75 -7.71
76 -7.78
77 -7.56
78 -7.80
79 -7.79
80 -7.52
81 -7.51
82 -7.68
83 -7.88
84 -7.57
85 -7.80
86 -7.71
87 -7.75
88 -7.63
89 -7.72
90 -7.70
91 -7.61
92 -7.80
93 -7.78
94 -7.66
95 -5.23
96 -7.78
97 -7.72
98 -7.64
99 -7.66
100 -7.51
101 -7.67
102 -5.15
103 -7.59
104 -7.61
105 -7.74
106 -7.79
107 -7.73
108 -7.72
109 -7.67
110 -5.16
111 -7.76
112 -7.88
113 -7.62
114 -5.20
115 -7.57
116 -7.73
117 -7.69
118 -7.63
119 -7.67
120 -7.71
121 -7.58
122 -7.62
123 -7.80
124 -7.57
125 -7.69
126 -7.59
127 -5.07
128 -7.65
129 -7.54
130 -7.60
131 -7.62
132 -5.14
133 -7.66
134 -7.59
135 -7.79
136 -7.69
137 -7.68
138 -7.66
139 -7.58
140 -7.69
141 -7.47
142 -7.56
143 -7.76
144 -7.67
145 -7.63
146 -7.56
147 -7.78
148 -7.58
149 -7.64
150 -7.84
151 -7.56
152 -7.72
153 -7.67
154 -7.70
155 -7.74
156 -7.70
157 -7.66
158 -7.70
159 -5.12
160 -5.05
161 -5.25
162 -7.62
163 -7.57
164 -7.70
165 -7.59
166 -7.57
167 -5.18
168 -7.69
169 -7.58
170 -5.31
171 -7.70
172 -7.78
173 -2.58
174 -7.68
175 -7.76
176 -7.84
177 -7.66
178 -7.61
179 -7.65
180 -7.58
181 -7.65
182 -7.70
183 -7.63
184 -7.79
185 -7.57
186 -7.70
187 -7.63
188 -7.60
189 -5.21
190 -7.81
191 -7.59
192 -7.68
193 -7.59
194 -5.08
195 -7.57
196 -7.75
197 -7.76
198 -7.67
199 -7.63
200 -7.64
201 -7.70
202 -7.58
203 -7.68
204 -7.67
205 -5.16
206 -7.66
207 -7.66
208 -7.64
209 -7.80
210 -7.75
211 -7.62
212 -7.70
213 -7.69
214 -7.64
215 -7.72
216 -7.74
217 -7.70
218 -7.67
219 -7.58
220 -7.60
221 -7.81
222 -7.70
223 -7.61
224 -7.59
225 -7.55
226 -7.70
227 -7.69
228 -7.52
229 -7.70
230 -7.59
231 -7.70
232 -7.63
233 -7.76
234 -5.22
235 -7.68
236 -7.72
237 -7.70
238 -7.78
239 -7.66
240 -7.74
241 -7.64
242 -7.48
243 -7.59
244 -7.65
245 -5.30
246 -7.63
247 -7.67
248 -7.62
249 -7.68
250 -7.57
251 -5.19
252 -7.58
253 -7.75
254 -7.68
255 -7.72
256 -5.07
257 -7.66
258 -7.54
259 -7.52
260 -7.68
261 -5.22
262 -7.66
263 -7.57
264 -7.61
265 -7.83
266 -7.70
267 -7.81
268 -7.67
269 -7.65
270 -7.72
271 -7.63
272 -7.43
273 -7.50
274 -7.72
275 -7.60
276 -7.71
277 -7.80
278 -7.70
279 -7.76
280 -7.60
281 -7.83
282 -7.78
283 -5.09
284 -7.91
285 -7.60
286 -7.64
287 -7.47
288 -7.69
289 -7.51
290 -7.65
291 -7.71
292 -7.75
293 -7.69
294 -7.56
295 -7.76
296 -7.69
297 -7.50
298 -7.68
299 -7.67
300 -7.80
301 -7.69
302 -7.71
303 -7.68
304 -7.74
305 -7.59
306 -7.56
307 -7.71
308 -7.61
309 -5.24
310 -7.75
311 -7.54
312 -7.66
313 -7.59
314 -7.71
315 -7.68
316 -7.59
317 -7.68
318 -7.79
319 -7.75
320 -7.72
321 -7.66
322 -7.76
323 -7.58
324 -7.67
325 -7.65
326 -7.59
327 -7.71
328 -7.60
329 -7.73
330 -7.57
331 -7.69
332 -5.27
333 -7.67
334 -7.54
335 -7.67
336 -7.64
337 -7.57
338 -7.71
339 -7.58
340 -7.77
341 -7.65
342 -7.55
343 -7.62
344 -7.75
345 -7.70
346 -7.68
347 -7.67
348 -7.73
349 -7.75
350 -7.66
351 -5.00
352 -7.72
353 -7.72
354 -7.76
355 -7.63
356 -7.79
357 -7.68
358 -5.24
359 -7.65
360 -7.76
361 -7.63
362 -7.53
363 -7.61
364 -7.52
365 -7.74
366 -5.26
367 -7.65
368 -2.69
369 -7.70
370 -7.62
371 -7.54
372 -7.57
373 -7.70
374 -7.59
375 -5.11
376 -7.51
377 -7.83
378 -7.72
379 -7.72
380 -7.62
381 -7.78
382 -7.68
383 -7.64
384 -7.72
385 -5.19
386 -7.51
387 -7.79
388 -7.79
389 -7.42
390 -7.82
391 -5.20
392 -7.49
393 -7.55
394 -7.64
395 -7.61
396 -7.76
397 -7.62
398 -7.59
399 -7.86
400 -7.42
401 -7.67
402 -7.64
403 -7.78
404 -7.61
405 -7.66
406 -7.80
407 -7.61
408 -7.70
409 -7.55
410 -7.66
411 -7.68
412 -7.51
413 -7.71
414 -5.24
415 -7.64
416 -7.82
417 -7.74
418 -7.74
419 -5.24
420 -7.70
421 -7.72
422 -7.74
423 -7.64
424 -7.54
425 -7.54
426 -7.75
427 -2.76
428 -7.63
429 -7.63
430 -7.67
431 -7.63
432 -7.65
433 -7.77
434 -5.02
435 -7.64
436 -7.77
437 -7.61
438 -7.55
439 -7.65
440 -7.62
441 -7.67
442 -7.65
443 -7.62
444 -7.86
445 -7.81
446 -7.68
447 -7.69
448 -7.63
449 -5.17
450 -7.52
451 -7.72
452 -7.72
453 -7.73
454 -7.73
455 -7.53
456 -7.70
457 -7.67
458 -7.69
459 -7.58
460 -7.86
461 -7.60
462 -7.58
463 -7.70
464 -7.63
465 -7.71
466 -7.64
467 -7.63
468 -7.67
469 -7.63
470 -7.61
471 -7.78
472 -7.62
473 -7.74
474 -7.78
475 -7.68
476 -7.54
477 -7.66
478 -7.61
479 -7.81
480 -7.71
481 -7.70
482 -7.65
483 -7.86
484 -7.64
485 -7.68
486 -7.65
487 -7.76
488 -7.77
489 -7.56
490 -7.69
491 -7.54
492 -7.51
493 -7.73
494 -7.61
495 -5.15
496 -7.83
497 -7.68
498 -7.72
499 -7.74
500 -7.63
501 -7.63
502 -7.50
503 -7.69
504 -7.64
505 -7.56
506 -7.64
507 -7.63
508 -7.72
509 -7.73
510 -7.63
511 -7.71
512 -7.67
513 -7.67
514 -7.51
515 -7.63
516 -7.52
517 -7.70
518 -5.42
519 -7.52
520 -7.68
521 -7.72
522 -7.67
523 -7.67
524 -7.75
525 -2.68
526 -5.12
527 -7.61
528 -7.64
529 -5.08
530 -7.68
531 -7.74
532 -7.60
533 -7.75
534 -7.64
535 -7.60
536 -7.60
537 -7.80
538 -7.73
539 -7.71
540 -7.71
541 -7.63
542 -7.66
543 -7.69
544 -5.28
545 -7.64
546 -7.63
547 -7.70
548 -7.69
549 -7.57
550 -7.76
551 -7.61
552 -5.16
553 -5.13
554 -7.51
555 -7.70
556 -7.83
557 -0.09
558 -7.75
559 -7.79
560 -7.73
561 -7.60
562 -2.62
563 -7.75
564 -5.11
565 -7.52
566 -7.65
567 -7.68
568 -7.77
569 -7.80
570 -5.14
571 -7.66
572 -7.68
573 -7.55
574 -7.81
575 -7.71
576 -7.67
577 -7.60
578 -7.73
579 -7.88
580 -7.67
581 -5.29
582 -7.70
583 -7.63
584 -5.12
585 -7.58
586 -7.76
587 -7.59
588 -7.69
589 -2.75
590 -7.56
591 -7.65
592 -7.65
593 -7.66
594 -7.73
595 -7.83
596 -7.66
597 -7.69
598 -7.49
599 -7.79
600 -5.18
601 -7.59
602 -7.64
603 -7.66
604 -7.70
605 -7.74
606 -7.75
607 -7.66
608 -7.84
609 -5.14
610 -7.62
611 -7.71
612 -7.87
613 -7.72
614 -7.50
615 -7.63
616 -7.56
617 -7.77
618 -7.57
619 -7.70
620 -2.74
621 -7.66
622 -7.71
623 -7.75
624 -7.62
625 -7.73
626 -5.06
627 -7.68
628 -7.65
629 -7.67
630 -7.64
631 -7.62
632 -7.69
633 -7.57
634 -7.59
635 -7.38
636 -7.71
637 -7.60
638 -7.76
639 -7.72
640 -7.67
641 -5.29
642 -7.73
643 -7.68
644 -7.55
645 -7.71
646 -5.28
647 -7.60
648 -7.75
649 -7.73
650 -7.64
651 -7.79
652 -7.54
653 -7.71
654 -7.55
655 -7.50
656 -7.63
657 -5.18
658 -7.59
659 -7.66
660 -7.64
661 -7.74
662 -7.63
663 -7.71
664 -7.62
665 -7.76
666 -7.72
667 -7.58
668 -7.70
669 -7.77
670 -7.62
671 -7.75
672 -7.76
673 -7.64
674 -7.64
675 -7.66
676 -5.27
677 -7.64
678 -7.69
679 -7.67
680 -7.59
681 -7.67
682 -7.82
683 -2.69
684 -7.75
685 -7.83
686 -7.62
687 -7.70
688 -7.72
689 -7.71
690 -7.65
691 -7.48
692 -7.53
693 -7.67
694 -7.62
695 -7.66
696 -7.73
697 -7.72
698 -7.53
699 -7.62
700 -7.62
701 -7.49
702 -7.82
703 -7.72
704 -5.20
705 -7.46
706 -7.54
707 -7.82
708 -7.76
709 -7.57
710 -5.01
711 -7.81
712 -7.73
713 -7.83
714 -7.71
715 -7.51
716 -7.58
717 -7.69
718 -7.66
719 -7.65
720 -7.69
721 -7.77
722 -7.70
723 -7.67
724 -7.77
725 -7.66
726 -7.57
727 -7.67
728 -7.69
729 -7.52
730 -7.67
731 -7.77
732 -5.16
733 -7.59
734 -7.68
735 -7.66
736 -7.57
737 -7.58
738 -7.71
739 -7.75
740 -7.66
741 -7.79
742 -7.63
743 -7.74
744 -7.79
745 -7.57
746 -7.70
747 -7.71
748 -7.66
749 -7.66
750 -7.63
751 -2.62
752 -7.60
753 -5.18
754 -7.62
755 -7.71
756 -7.70
757 -7.67
758 -7.58
759 -7.75
760 -7.67
761 -7.63
762 -5.20
763 -7.75
764 -7.73
765 -7.70
766 -7.66
767 -7.64
768 -5.16
769 -7.67
770 -7.66
771 -7.66
772 -7.69
773 -7.75
774 -7.64
775 -7.74
776 -7.83
777 -7.75
778 -7.76
779 -7.61
780 -7.49
781 -7.60
782 -7.64
783 -7.75
784 -7.80
785 -7.67
786 -7.62
787 -7.52
788 -2.72
789 -7.71
790 -7.65
791 -7.81
792 -7.70
793 -7.53
794 -7.68
795 -7.70
796 -7.59
797 -7.60
798 -7.67
799 -7.78
800 -7.68
801 -7.67
802 -5.30
803 -7.57
804 -7.64
805 -7.64
806 -7.60
807 -7.60
808 -7.62
809 -7.73
810 -7.82
811 -7.68
812 -7.57
813 -7.73
814 -7.64
815 -7.71
816 -5.16
817 -7.57
818 -7.64
819 -7.71
820 -7.77
821 -7.71
822 -7.73
823 -7.73
824 -7.76
825 -5.20
826 -5.24
827 -7.78
828 -7.76
829 -5.23
830 -7.62
831 -7.70
832 -7.69
833 -7.62
834 -7.64
835 -7.92
836 -7.52
837 -7.70
838 -7.86
839 -7.72
840 -7.76
841 -7.75
842 -7.65
843 -7.69
844 -7.60
845 -7.57
846 -7.57
847 -7.56
848 -5.23
849 -5.08
850 -7.66
851 -7.56
852 -7.67
853 -7.58
854 -7.64
855 -7.70
856 -5.07
857 -7.55
858 -7.66
859 -5.22
860 -7.64
861 -7.56
862 -7.71
863 -7.63
864 -7.68
865 -7.57
866 -7.71
867 -7.67
868 -7.61
869 -7.64
870 -5.02
871 -5.21
872 -7.66
873 -7.76
874 -7.69
875 -5.32
876 -7.82
877 -7.70
878 -7.75
879 -7.67
880 -7.60
881 -5.21
882 -7.61
883 -7.64
884 -7.69
885 -7.59
886 -7.67
887 -7.63
888 -7.66
889 -7.57
890 -7.72
891 -7.65
892 -7.54
893 -7.70
894 -7.69
895 -7.64
896 -7.78
897 -7.78
898 -7.65
899 -7.57
900 -7.82
901 -7.72
902 -7.56
903 -7.80
904 -7.67
905 -7.84
906 -7.73
907 -7.67
908 -7.69
909 -7.74
910 -7.78
911 -5.31
912 -7.62
913 -7.54
914 -7.54
915 -7.72
916 -5.11
917 -7.61
918 -7.57
919 -7.71
920 -7.72
921 -7.61
922 -7.65
923 -5.18
924 -7.58
925 -7.79
926 -7.64
927 -7.63
928 -7.57
929 -7.66
930 -7.88
931 -7.70
932 -5.18
933 -7.63
934 -7.62
935 -7.70
936 -7.69
937 -7.58
938 -7.74
939 -7.59
940 -7.63
941 -7.57
942 -5.26
943 -7.76
944 -7.58
945 -7.70
946 -7.52
947 -7.71
948 -7.69
949 -7.68
950 -7.72
951 -7.67
952 -7.75
953 -7.61
954 -5.35
955 -7.62
956 -7.63
957 -7.81
958 -7.70
959 -7.65
960 -7.73
961 -7.70
962 -7.69
963 -7.78
964 -7.55
965 -7.76
966 -5.15
967 -7.60
968 -7.72
969 -7.63
970 -5.01
971 -7.75
972 -7.68
973 -7.64
974 -5.04
975 -7.73
976 -7.61
977 -7.60
978 -7.65
979 -5.15
980 -7.68
981 -7.65
982 -7.67
983 -7.72
984 -7.65
985 -5.22
986 -7.55
987 -7.64
988 -7.75
989 -7.75
990 -7.61
991 -7.61
992 -7.73
993 -7.67
994 -7.64
995 -7.60
996 -7.62
997 -7.66
998 -5.09
999 -7.70
3814.95698928833
