0 -2.6149999999999096
1 -2.009999999999907
2 2.625000000000095
3 -1.9499999999999142
4 -2.9049999999999065
5 -1.5799999999999166
6 -1.6699999999999138
7 -2.5549999999999122
8 -1.659999999999915
9 1.3600000000000236
10 -1.5699999999999108
11 -1.664999999999912
12 2.8650000000001166
13 3.56500000000013
14 8.374999999999542
15 -1.029999999999918
16 3.6199999999998935
17 -1.7649999999999075
18 2.7500000000001545
19 11.564999999999603
20 -1.174999999999916
21 3.7149999999998506
22 3.780000000000123
23 12.83499999999963
24 -0.6749999999999183
25 -1.284999999999919
26 4.464999999999826
27 -1.0599999999999177
28 1.6000000000001522
29 3.284999999999968
30 14.164999999999885
31 -0.5399999999999179
32 4.539999999999881
33 13.354999999999789
34 3.300000000000102
35 -1.4749999999999137
36 -0.7199999999999198
37 3.4049999999998786
38 3.95000000000012
39 -1.334999999999914
40 3.8700000000000516
41 3.6800000000001285
42 3.6250000000001004
43 3.335000000000054
44 -0.7249999999999178
45 -0.7549999999999196
46 -1.1149999999999172
47 4.024999999999858
48 -0.8599999999999175
49 -0.2999999999999173
50 -0.749999999999919
51 4.615000000000018
52 4.834999999999793
53 -0.33499999999991753
54 -0.24999999999991593
55 -1.6799999999999098
56 9.14999999999937
57 4.619999999999886
58 8.744999999999912
59 13.634999999999678
60 -1.224999999999918
61 4.269999999999844
62 4.654999999999799
63 -0.2799999999999168
64 4.029999999999869
65 -0.9499999999999202
66 4.134999999999881
67 -0.6249999999999164
68 9.674999999999239
69 -0.7749999999999188
70 -0.3699999999999167
71 -0.6699999999999164
72 4.779999999999796
73 -0.7249999999999169
74 -0.8299999999999181
75 2.7100000000001483
76 4.719999999999799
77 4.15999999999982
78 -0.8449999999999175
79 -1.044999999999919
80 3.78000000000013
81 3.904999999999882
82 -0.624999999999918
83 4.374999999999828
84 -0.6199999999999175
85 -0.8049999999999181
86 -0.3549999999999173
87 -1.5549999999999147
88 4.314999999999852
89 -0.2049999999999163
90 -0.7849999999999172
91 9.594999999999278
92 -0.899999999999918
93 -0.17999999999991673
94 4.749999999999873
95 -1.1949999999999144
96 -0.6549999999999171
97 3.8350000000001137
98 -0.22999999999991702
99 9.07999999999943
100 -0.2999999999999177
101 -0.23999999999991636
102 -0.29999999999991683
103 -0.4499999999999161
104 -1.3649999999999145
105 12.749999999999433
106 -0.9749999999999183
107 4.270000000000118
108 9.869999999999228
109 -1.0849999999999174
110 -0.24999999999991637
111 -0.42499999999991783
112 -0.1899999999999165
113 -0.5699999999999161
114 -0.8199999999999208
115 -0.16999999999991652
116 4.159999999999985
117 -0.9049999999999206
118 -0.22499999999991646
119 4.854999999999757
120 -0.2949999999999177
121 -0.6549999999999169
122 -0.1799999999999161
123 4.754999999999768
124 -0.09999999999991668
125 -0.17499999999991597
126 4.200000000000075
127 -0.25499999999991635
128 -0.1949999999999172
129 4.819999999999882
130 -0.2899999999999167
131 -0.4249999999999176
132 -0.7049999999999162
133 -0.8299999999999186
134 -0.17499999999991653
135 -0.10499999999991558
136 -0.1249999999999167
137 -0.12499999999991582
138 -0.14499999999991628
139 -0.05499999999991577
140 4.250000000000074
141 -0.3749999999999191
142 -0.7249999999999187
143 3.979999999999973
144 -0.7549999999999174
145 -0.2749999999999159
146 -2.124999999999904
147 -0.2899999999999175
148 4.594999999999983
149 -1.0499999999999214
150 -0.7299999999999167
151 -0.09999999999991559
152 4.90499999999977
153 7.969999999999817
154 3.640000000000133
155 -0.2399999999999177
156 9.179999999999202
157 -0.10499999999991558
158 -0.1849999999999161
159 -0.16999999999991697
160 -0.4599999999999181
161 -0.17999999999991653
162 4.204999999999812
163 -0.26999999999991614
164 4.879999999999774
165 -0.7749999999999182
166 4.509999999999883
167 -0.4449999999999192
168 3.500000000000119
169 -0.1699999999999172
170 -0.14999999999991606
171 4.329999999999819
172 4.714999999999881
173 -1.3899999999999135
174 -0.11999999999991559
175 4.789999999999847
176 -0.739999999999917
177 -0.39499999999991625
178 8.389999999999755
179 4.77499999999978
180 -0.06499999999991599
181 -0.14999999999991584
182 -0.2749999999999159
183 4.015000000000056
184 -0.07499999999991577
185 4.225000000000122
186 8.489999999999862
187 -0.15499999999991562
188 -1.0849999999999191
189 -0.19999999999991633
190 -0.3349999999999164
191 -0.5699999999999168
192 -0.7149999999999163
193 -0.2599999999999163
194 9.359999999999156
195 4.7499999999997735
196 -1.1649999999999154
197 -0.10499999999991669
198 -0.15499999999991607
199 9.559999999999262
200 9.094999999999533
201 -0.41499999999991716
202 -0.45499999999991675
203 -0.8649999999999232
204 4.749999999999859
205 -0.2199999999999159
206 -0.7299999999999176
207 9.764999999999251
208 -0.4549999999999171
209 -0.15999999999991563
210 -0.09499999999991579
211 -0.059999999999915545
212 -1.1449999999999139
213 4.659999999999791
214 -0.3249999999999173
215 -0.28999999999991793
216 -0.1499999999999176
217 -0.2749999999999168
218 -0.16499999999991607
219 -0.05999999999991577
220 -0.374999999999916
221 -0.5749999999999159
222 -0.1399999999999156
223 -0.9149999999999171
224 -0.1099999999999158
225 -0.23499999999991614
226 -0.24999999999991593
227 -0.1399999999999156
228 -0.22499999999991677
229 -0.6799999999999171
230 -0.5699999999999175
231 -0.1099999999999158
232 -0.14999999999991562
233 -0.17999999999991564
234 -0.7249999999999178
235 -0.5399999999999161
236 -0.2199999999999159
237 -0.13499999999991583
238 -0.30999999999991773
239 -0.6099999999999162
240 -0.1749999999999156
241 -1.1249999999999163
242 -0.719999999999916
243 -0.5749999999999161
244 -0.11999999999991603
245 4.739999999999834
246 -0.4699999999999194
247 -0.8649999999999177
248 -0.12499999999991603
249 -0.7799999999999168
250 -0.1949999999999161
251 -0.05499999999991577
252 4.450000000000118
253 -0.13499999999991558
254 4.694999999999808
255 4.329999999999791
256 4.829999999999786
257 -0.7099999999999174
258 -0.15499999999991562
259 4.889999999999799
260 -0.1549999999999164
261 -0.7849999999999172
262 -0.21499999999991612
263 -0.2849999999999166
264 -0.14499999999991606
265 -1.5749999999999091
266 -0.21499999999991612
267 4.135000000000123
268 -0.1249999999999156
269 -0.1999999999999161
270 -0.11499999999991581
271 4.809999999999792
272 -0.09999999999991557
273 -0.08999999999991556
274 -0.0999999999999158
275 -0.8449999999999179
276 4.824999999999821
277 -0.3949999999999176
278 -0.11499999999991559
279 -0.19999999999991588
280 -0.11499999999991603
281 -0.11499999999991559
282 -0.33499999999991753
283 -0.12499999999991648
284 -0.08999999999991623
285 -0.22999999999991658
286 9.519999999999214
287 -0.07999999999991556
288 3.8100000000001106
289 4.6750000000001135
290 -0.044999999999915996
291 -0.19499999999991655
292 4.83499999999977
293 -0.15499999999991718
294 -0.12999999999991604
295 -0.05499999999991555
296 -0.37999999999991624
297 3.6400000000001347
298 -0.3649999999999158
299 -0.08499999999991556
300 4.074999999999854
301 -0.11999999999991581
302 -0.6349999999999171
303 -0.19499999999991588
304 -0.1049999999999158
305 -0.12499999999991605
306 4.929999999999754
307 4.914999999999761
308 -0.16499999999991627
309 -0.8699999999999177
310 -0.1499999999999158
311 -1.3949999999999125
312 -0.07999999999991578
313 -0.10499999999991558
314 -0.7149999999999178
315 -0.04999999999991577
316 -0.18999999999991588
317 -0.12999999999991582
318 9.199999999999166
319 -0.044999999999915774
320 -0.8899999999999186
321 -0.3049999999999164
322 -0.09499999999991579
323 -1.0749999999999176
324 -0.7199999999999172
325 -0.06999999999991555
326 -0.10999999999991558
327 -0.10999999999991603
328 -0.1099999999999158
329 -0.13499999999991605
330 9.239999999999318
331 -0.09499999999991557
332 -0.08999999999991556
333 -1.1849999999999157
334 -0.04499999999991555
335 -0.624999999999916
336 -0.7299999999999175
337 4.854999999999778
338 -0.09499999999991601
339 -0.14499999999991606
340 4.75499999999985
341 4.244999999999806
342 3.880000000000125
343 -0.014999999999915557
344 -0.9749999999999178
345 4.709999999999867
346 9.834999999999237
347 4.4999999999998
348 -0.06499999999991554
349 4.279999999999835
350 -0.10999999999991558
351 -0.3299999999999164
352 -1.3899999999999133
353 -0.13499999999991605
354 -0.13499999999991583
355 9.604999999999357
356 -0.6099999999999166
357 -0.08999999999991623
358 -0.10999999999991557
359 -0.04999999999991555
360 -0.1249999999999156
361 4.384999999999856
362 4.745000000000112
363 -0.2699999999999175
364 -0.044999999999915774
365 -1.1949999999999164
366 -0.039999999999916
367 -0.2549999999999161
368 -0.08999999999991556
369 -0.08999999999991556
370 4.809999999999808
371 -0.08499999999991556
372 -0.09499999999991623
373 -0.7549999999999181
374 -0.14999999999991584
375 3.5100000000001046
376 -0.049999999999915994
377 4.445000000000118
378 -0.14499999999991606
379 -0.4699999999999179
380 4.424999999999935
381 4.819999999999815
382 4.864999999999776
383 -0.894999999999918
384 -0.5249999999999159
385 -0.009999999999915556
386 4.254999999999804
387 -0.08999999999991556
388 -0.4199999999999165
389 -0.5699999999999161
390 -0.10999999999991557
391 4.049999999999858
392 -0.18499999999991565
393 -0.25999999999991724
394 -0.15499999999991562
395 -0.1249999999999156
396 -0.039999999999915554
397 -0.664999999999918
398 -0.17499999999991583
399 0.020000000000084447
400 -0.10999999999991603
401 -0.6899999999999171
402 4.8499999999997625
403 4.774999999999778
404 -0.20499999999991633
405 -0.6649999999999171
406 -0.1449999999999156
407 -0.11499999999991559
408 -0.004999999999916
409 -0.05499999999991555
410 -0.14999999999991584
411 4.805000000000111
412 3.5649999999998805
413 -0.07499999999991555
414 -0.28499999999991615
415 4.6749999999998035
416 -0.7849999999999197
417 -0.06999999999991555
418 -0.12499999999991716
419 4.400000000000114
420 -0.1349999999999156
421 -0.6449999999999166
422 -0.06999999999991555
423 -0.02999999999991556
424 -0.11999999999991581
425 -0.10499999999991558
426 4.774999999999764
427 -0.06999999999991555
428 4.219999999999785
429 -0.35499999999991644
430 4.854999999999764
431 -0.2199999999999159
432 -0.13499999999991627
433 4.365000000000118
434 -0.16999999999991564
435 -0.02999999999991556
436 3.5800000000000987
437 -0.17499999999991586
438 4.899999999999783
439 -0.17499999999991564
440 -0.08499999999991556
441 -0.249999999999917
442 -0.06499999999991599
443 4.045000000000083
444 -0.12499999999991582
445 -0.4899999999999159
446 -0.26499999999991614
447 3.3349999999998126
448 -0.6349999999999164
449 4.099999999999844
450 -0.19999999999991588
451 -0.2299999999999157
452 4.894999999999785
453 -0.8849999999999186
454 -0.13499999999991602
455 -0.15499999999991584
456 -0.8649999999999197
457 -0.26999999999991803
458 -0.05499999999991577
459 4.584999999999779
460 -0.16999999999991586
461 -0.1349999999999156
462 -0.1399999999999156
463 -0.43499999999991606
464 -0.06499999999991554
465 -0.6899999999999167
466 4.899999999999776
467 4.4699999999999305
468 -0.6249999999999166
469 -0.02499999999991578
470 -0.15499999999991562
471 -0.12499999999991582
472 -0.0999999999999158
473 -0.8299999999999192
474 -0.1349999999999165
475 -0.019999999999915558
476 4.059999999999882
477 -0.19499999999991566
478 4.045000000000002
479 -0.17999999999991564
480 -0.0999999999999158
481 -0.07499999999991622
482 -0.08499999999991556
483 -0.47499999999991654
484 -0.1749999999999163
485 -0.6399999999999169
486 -0.20999999999991745
487 -0.11999999999991559
488 -0.05499999999991555
489 9.319999999999197
490 4.859999999999796
491 -0.1349999999999156
492 -0.22499999999991613
493 -0.009999999999915556
494 -0.05499999999991555
495 3.520000000000115
496 -0.07999999999991556
497 4.879999999999774
498 4.869999999999764
499 -0.11499999999991559
500 -0.16999999999991564
501 -0.1749999999999163
502 -0.21499999999991629
503 -0.14999999999991562
504 4.375000000000101
505 -0.1049999999999158
506 4.86999999999976
507 -0.11999999999991581
508 -0.1449999999999158
509 4.289999999999837
510 -0.10999999999991558
511 -0.06499999999991554
512 -0.6949999999999162
513 -0.02999999999991556
514 -0.38999999999991714
515 -0.05499999999991555
516 -0.08999999999991601
517 -0.6999999999999169
518 -0.08499999999991556
519 -0.6799999999999162
520 -0.1099999999999158
521 -0.10499999999991558
522 -0.1249999999999156
523 -0.2399999999999168
524 -0.24499999999991748
525 -0.6399999999999166
526 -0.17999999999991587
527 -0.2349999999999168
528 -0.12499999999991582
529 -0.2749999999999175
530 -0.07999999999991556
531 -0.1599999999999165
532 -0.06999999999991555
533 -0.15999999999991585
534 0.010000000000084445
535 -0.02499999999991556
536 4.879999999999765
537 -0.5699999999999159
538 9.570000000000036
539 -0.05499999999991553
540 4.809999999999799
541 -0.4399999999999183
542 -0.014999999999915557
543 -0.09499999999991557
544 -0.20499999999991633
545 4.7449999999998
546 -0.14999999999991628
547 -0.2599999999999159
548 -0.1099999999999158
549 -0.659999999999916
550 -0.9399999999999173
551 4.909999999999761
552 -0.334999999999918
553 3.885000000000084
554 -0.479999999999917
555 -0.19499999999991588
556 -0.19499999999991566
557 -0.059999999999915545
558 -0.8599999999999179
559 4.969999999999753
560 -0.1349999999999156
561 -0.519999999999917
562 4.8049999999997866
563 -0.18499999999991631
564 -0.15499999999991584
565 4.824999999999774
566 -0.07499999999991556
567 -0.15999999999991563
568 4.605000000000113
569 -0.08999999999991579
570 -0.11999999999991559
571 -0.12999999999991604
572 -0.5649999999999159
573 -0.36499999999991667
574 -0.11999999999991559
575 -0.5399999999999169
576 -0.059999999999915545
577 -0.2249999999999172
578 -0.09999999999991557
579 -0.1399999999999165
580 -0.5149999999999167
581 -0.15499999999991584
582 -0.1749999999999163
583 -0.06499999999991554
584 -0.08999999999991556
585 0.025000000000084226
586 -0.9199999999999173
587 -0.08999999999991579
588 4.7599999999998035
589 -0.18499999999991584
590 -0.2149999999999161
591 -0.1649999999999163
592 4.904999999999767
593 -0.09999999999991668
594 -0.9899999999999177
595 -0.11499999999991559
596 -0.11999999999991647
597 -0.07999999999991578
598 -0.02999999999991556
599 -0.4349999999999174
600 -0.06999999999991577
601 -0.26999999999991636
602 9.90999999999923
603 -0.1249999999999156
604 -0.10499999999991558
605 4.929999999999757
606 -0.16999999999991586
607 4.96499999999976
608 -0.5349999999999159
609 4.395000000000093
610 -0.1399999999999165
611 4.690000000000052
612 -0.17999999999991675
613 4.250000000000113
614 -0.059999999999915545
615 -0.06499999999991576
616 -0.2249999999999168
617 4.944999999999762
618 -0.12999999999991582
619 -0.1449999999999156
620 -0.2349999999999177
621 -0.12999999999991582
622 -0.2949999999999166
623 -0.05999999999991599
624 9.859999999999228
625 -0.14999999999991562
626 -0.7399999999999174
627 -0.09499999999991557
628 -1.089999999999917
629 -0.07999999999991578
630 4.879999999999767
631 -0.12499999999991583
632 -0.08499999999991556
633 -0.18999999999991632
634 -0.07999999999991556
635 -0.06999999999991599
636 -0.22999999999991655
637 -0.22999999999991702
638 -0.21499999999991612
639 4.565000000000116
640 -0.11999999999991559
641 -0.16999999999991586
642 -0.1399999999999158
643 4.679999999999869
644 -0.05499999999991555
645 -0.194999999999917
646 -0.08999999999991556
647 -0.04999999999991555
648 -0.7049999999999176
649 -0.714999999999916
650 -0.1949999999999161
651 -0.0999999999999158
652 -0.7249999999999169
653 4.500000000000089
654 -0.08999999999991556
655 -0.08999999999991556
656 4.859999999999757
657 -0.5599999999999166
658 -0.1349999999999156
659 -0.07499999999991555
660 -0.1799999999999163
661 -0.08499999999991556
662 -0.2849999999999175
663 -0.15999999999991585
664 4.8449999999997715
665 -0.04999999999991555
666 -0.05499999999991666
667 -0.6649999999999184
668 -0.1399999999999156
669 -0.20499999999991633
670 -0.07499999999991555
671 -0.21999999999991612
672 -0.11499999999991559
673 -0.26999999999991636
674 -0.079999999999916
675 4.629999999999776
676 -0.04499999999991555
677 -0.9349999999999176
678 -0.14499999999991606
679 4.100000000000126
680 -0.15499999999991582
681 -0.4649999999999181
682 4.899999999999756
683 -0.2499999999999157
684 4.249999999999935
685 -0.23999999999991636
686 -0.1049999999999158
687 -0.24999999999991634
688 -1.704999999999905
689 -0.7949999999999188
690 4.864999999999757
691 -0.1399999999999156
692 -0.08499999999991578
693 -0.42499999999991805
694 -0.41499999999991627
695 -0.08999999999991579
696 -0.11999999999991581
697 -0.11999999999991581
698 -0.10999999999991558
699 4.944999999999753
700 4.874999999999789
701 -0.11499999999991603
702 -0.23999999999991636
703 -0.12499999999991604
704 -0.16499999999991585
705 -0.09499999999991557
706 -0.05499999999991555
707 -1.0099999999999183
708 4.93499999999977
709 -0.14999999999991626
710 9.91499999999921
711 -0.20499999999991564
712 -0.04999999999991555
713 4.849999999999809
714 -0.2799999999999159
715 -0.7099999999999187
716 -0.08999999999991556
717 -0.5549999999999163
718 -0.14499999999991584
719 -0.05499999999991555
720 4.819999999999767
721 -0.1399999999999156
722 -0.9499999999999165
723 -0.13999999999991583
724 9.34999999999976
725 -0.06999999999991555
726 -0.1099999999999158
727 -0.08499999999991556
728 -0.17999999999991564
729 4.224999999999813
730 -0.10999999999991558
731 -0.09999999999991556
732 -0.1099999999999158
733 4.764999999999812
734 -0.20999999999991653
735 -0.09999999999991557
736 -0.18999999999991588
737 -0.1999999999999161
738 -0.6549999999999162
739 -0.16499999999991585
740 -0.7649999999999174
741 -0.20999999999991611
742 -0.10999999999991558
743 4.954999999999789
744 -0.07499999999991555
745 4.889999999999785
746 -0.03499999999991556
747 -0.11999999999991559
748 9.804999999999257
749 -0.11499999999991559
750 -0.059999999999915545
751 -0.26499999999991636
752 -0.09499999999991557
753 -0.33499999999991686
754 9.179999999999625
755 -0.17999999999991587
756 -0.19499999999991655
757 -0.5699999999999166
758 -0.4899999999999168
759 -0.8649999999999166
760 -0.09499999999991557
761 -0.06499999999991576
762 4.615000000000115
763 -0.07999999999991556
764 -0.09499999999991557
765 9.874999999999213
766 -0.17999999999991587
767 4.804999999999774
768 4.859999999999789
769 -0.5899999999999177
770 -0.9599999999999174
771 -1.1049999999999156
772 -0.6349999999999169
773 -0.06999999999991577
774 -0.31999999999991685
775 -0.04499999999991555
776 -0.4599999999999163
777 -0.5699999999999164
778 -0.08499999999991578
779 -0.10499999999991558
780 -0.06499999999991554
781 -0.06999999999991555
782 -0.15499999999991562
783 -0.06499999999991554
784 4.889999999999774
785 -0.659999999999916
786 -0.13999999999991583
787 -0.04499999999991555
788 4.98999999999979
789 4.5249999999999435
790 -0.09499999999991601
791 -0.49499999999991723
792 -0.059999999999915545
793 4.3399999999997805
794 4.904999999999763
795 -0.7599999999999163
796 -0.07499999999991555
797 -0.17499999999991608
798 -0.1099999999999158
799 -0.16499999999991563
800 -0.23999999999991592
801 4.899999999999763
802 -0.6899999999999165
803 -1.1399999999999146
804 -0.09999999999991557
805 -0.014999999999915557
806 -0.744999999999917
807 4.884999999999755
808 -0.02499999999991556
809 -0.06499999999991554
810 -0.12499999999991583
811 -0.30499999999991684
812 -0.11999999999991559
813 -0.09999999999991557
814 4.769999999999791
815 -0.1549999999999163
816 -0.6999999999999165
817 -0.07999999999991556
818 -0.11999999999991559
819 -0.3599999999999162
820 -0.08499999999991556
821 4.944999999999757
822 -0.3099999999999162
823 -0.02499999999991556
824 -0.12499999999991582
825 -0.019999999999915558
826 -0.18999999999991588
827 -0.07999999999991556
828 -0.11999999999991581
829 -0.13999999999991583
830 -0.044999999999915774
831 -0.09999999999991557
832 -0.07999999999991644
833 4.59999999999977
834 4.919999999999766
835 4.859999999999768
836 -0.05999999999991599
837 -0.20999999999991567
838 4.964999999999762
839 -0.32499999999991575
840 -0.10999999999991603
841 -0.20499999999991655
842 4.159999999999836
843 -0.014999999999915557
844 4.765000000000111
845 4.879999999999776
846 -0.14999999999991606
847 4.9049999999997596
848 -0.4399999999999163
849 -0.05499999999991555
850 -0.07999999999991556
851 -0.07999999999991556
852 4.86999999999976
853 4.804999999999783
854 9.234999999999161
855 4.849999999999816
856 4.909999999999758
857 -0.6699999999999162
858 14.649999999999729
859 -0.039999999999915554
860 -0.06999999999991555
861 -0.1399999999999156
862 -0.779999999999917
863 -0.1299999999999156
864 -0.019999999999915558
865 -0.07999999999991554
866 4.874999999999817
867 -0.8149999999999175
868 -0.11999999999991559
869 -0.10499999999991558
870 4.269999999999848
871 -0.1399999999999156
872 -0.8799999999999171
873 -0.18499999999991565
874 -1.1549999999999152
875 -0.07499999999991555
876 -0.02499999999991556
877 4.884999999999804
878 -0.11999999999991602
879 0.020000000000084447
880 0.015000000000084446
881 -0.24999999999991615
882 -0.10499999999991558
883 4.109999999999784
884 4.904999999999774
885 -0.10999999999991558
886 -0.13499999999991583
887 4.844999999999759
888 -0.17499999999991606
889 -0.1449999999999156
890 -0.1349999999999165
891 -0.15499999999991562
892 4.804999999999822
893 -0.1449999999999156
894 4.934999999999754
895 -0.09499999999991557
896 4.7999999999997955
897 -0.08999999999991579
898 -0.16999999999991564
899 -0.16499999999991585
900 4.819999999999795
901 -0.06499999999991554
902 -0.0999999999999158
903 -0.0849999999999158
904 4.269999999999819
905 -0.05499999999991555
906 -0.20499999999991567
907 -0.15999999999991563
908 -0.10999999999991558
909 9.254999999999155
910 -0.02499999999991578
911 -0.059999999999915545
912 -0.15999999999991607
913 -0.12999999999991582
914 -0.31999999999991574
915 -0.039999999999915554
916 -0.1699999999999163
917 -0.04499999999991555
918 -0.1249999999999156
919 -0.6599999999999178
920 9.514999999999237
921 -0.11499999999991559
922 -0.43999999999991674
923 -0.11499999999991582
924 -0.09999999999991557
925 -0.2549999999999168
926 4.734999999999813
927 4.8150000000001105
928 -0.1349999999999156
929 4.864999999999778
930 -0.059999999999915545
931 -0.019999999999915558
932 4.829999999999793
933 -0.07499999999991555
934 -0.08999999999991601
935 -0.23999999999991659
936 9.839999999999245
937 -0.15499999999991607
938 -0.7849999999999168
939 -0.07999999999991556
940 4.864999999999764
941 -0.9899999999999181
942 -0.17499999999991564
943 -0.04999999999991577
944 -0.539999999999919
945 -0.1399999999999156
946 3.8950000000000964
947 -0.354999999999916
948 -0.7499999999999165
949 -0.06499999999991599
950 -0.15999999999991563
951 -0.17999999999991564
952 -0.059999999999915545
953 4.889999999999765
954 -0.04999999999991577
955 -0.14499999999991606
956 4.944999999999762
957 -0.059999999999915545
958 -0.3249999999999164
959 -0.17499999999991564
960 4.949999999999776
961 4.744999999999777
962 -0.16499999999991585
963 -0.9099999999999187
964 -0.10999999999991558
965 -0.03499999999991556
966 -0.05499999999991577
967 4.799999999999785
968 -0.6999999999999167
969 -0.05499999999991555
970 -0.09999999999991624
971 -0.7049999999999165
972 -0.19499999999991632
973 -0.11999999999991559
974 -0.14999999999991584
975 -0.10499999999991602
976 4.93499999999978
977 -0.04999999999991555
978 -0.17499999999991586
979 -0.7049999999999196
980 -0.1199999999999158
981 -0.04499999999991555
982 -0.08999999999991556
983 -0.5899999999999164
984 -0.0049999999999155555
985 -0.16999999999991564
986 -0.37499999999991623
987 -0.08999999999991556
988 4.8649999999997995
989 -0.1049999999999158
990 -0.16499999999991563
991 -0.14999999999991562
992 -0.10999999999991558
993 -0.14999999999991562
994 -0.17999999999991587
995 -0.08499999999991556
996 -0.08499999999991556
997 -0.12499999999991626
998 -0.1349999999999156
999 -0.01999999999991578
1000 -0.2449999999999157
1001 -0.1249999999999156
1002 -0.18499999999991565
1003 -0.5099999999999167
1004 -0.18999999999991588
1005 -0.12499999999991604
1006 -0.08999999999991556
1007 -0.07499999999991555
1008 -0.06999999999991577
1009 -0.08499999999991556
1010 -0.4199999999999165
1011 -0.5949999999999168
1012 -0.1249999999999156
1013 -0.10999999999991558
1014 -0.11499999999991625
1015 4.8549999999998175
1016 -0.14999999999991562
1017 -0.06999999999991555
1018 -0.1049999999999158
1019 -0.18499999999991587
1020 -0.11999999999991559
1021 -0.1399999999999169
1022 -0.19499999999991566
1023 -0.09999999999991557
1024 -0.07999999999991556
1025 -0.5699999999999161
1026 -0.10499999999991558
1027 4.89999999999976
1028 -0.14999999999991562
1029 -0.05999999999991553
1030 -0.1449999999999156
1031 4.959999999999794
1032 -0.14999999999991562
1033 4.954999999999753
1034 -0.15999999999991585
1035 -0.08499999999991556
1036 -0.14999999999991606
1037 -0.7099999999999171
1038 -0.29999999999991683
1039 -0.20999999999991567
1040 -0.24999999999991637
1041 -0.16999999999991608
1042 -0.02499999999991556
1043 -0.11999999999991559
1044 -0.02499999999991556
1045 -0.3749999999999169
1046 -0.11499999999991559
1047 -0.27499999999991614
1048 -0.10499999999991647
1049 -0.3799999999999178
1050 -0.35999999999991733
1051 -0.14999999999991717
1052 -0.07499999999991555
1053 -0.15999999999991563
1054 9.844999999999237
1055 -0.05499999999991577
1056 -0.10999999999991603
1057 -0.04499999999991555
1058 -0.09999999999991557
1059 -0.079999999999916
1060 -0.6649999999999167
1061 -0.16499999999991719
1062 -0.1349999999999156
1063 -0.2849999999999168
1064 -0.08499999999991556
1065 4.909999999999786
1066 4.869999999999766
1067 -0.16999999999991608
1068 -0.02499999999991556
1069 -0.09999999999991557
1070 4.924999999999756
1071 -0.2049999999999161
1072 4.919999999999759
1073 -0.07499999999991555
1074 -0.3499999999999162
1075 -0.20999999999991567
1076 -0.04499999999991555
1077 -0.1499999999999165
1078 -0.1849999999999163
1079 4.84499999999977
1080 -0.11499999999991559
1081 -0.12999999999991582
1082 -0.07499999999991555
1083 -0.17499999999991583
1084 -0.02499999999991556
1085 -0.1749999999999163
1086 -0.31999999999991596
1087 -0.09999999999991557
1088 -0.04499999999991555
1089 -0.15499999999991562
1090 -0.09999999999991557
1091 -0.14999999999991584
1092 4.829999999999781
1093 -0.05999999999991577
1094 -0.6149999999999173
1095 9.959999999999223
1096 -0.11999999999991559
1097 -0.15499999999991562
1098 -0.03499999999991556
1099 -0.6549999999999164
1100 -0.09999999999991557
1101 4.784999999999799
1102 -0.06499999999991554
1103 -0.3399999999999164
1104 -0.06999999999991556
1105 -0.06999999999991555
1106 -0.10499999999991558
1107 4.864999999999757
1108 -0.5999999999999164
1109 -0.1049999999999158
1110 -0.19999999999991588
1111 -0.19499999999991588
1112 -0.11999999999991558
1113 -0.11499999999991559
1114 -0.0049999999999155555
1115 -0.11999999999991559
1116 -0.09999999999991602
1117 -0.04999999999991555
1118 -0.07999999999991601
1119 -0.059999999999915545
1120 -0.059999999999915545
1121 -0.08999999999991556
1122 -0.06499999999991576
1123 -0.11499999999991559
1124 -0.1299999999999156
1125 4.464999999999868
1126 -0.08499999999991556
1127 -0.1399999999999156
1128 -0.15999999999991585
1129 -0.11499999999991559
1130 -0.04999999999991555
1131 -0.06499999999991576
1132 -0.17499999999991586
1133 4.799999999999774
1134 -0.014999999999915557
1135 -0.26499999999991614
1136 -0.16499999999991563
1137 4.864999999999755
1138 -0.014999999999915557
1139 4.404999999999784
1140 -0.1849999999999161
1141 -0.1299999999999156
1142 -0.1799999999999161
1143 -0.04499999999991555
1144 -0.15499999999991584
1145 -0.1299999999999156
1146 -0.08499999999991556
1147 4.934999999999757
1148 4.644999999999847
1149 -0.6349999999999164
1150 -0.8249999999999175
1151 -0.6549999999999171
1152 -0.09499999999991557
1153 -0.1299999999999156
1154 -0.04999999999991577
1155 -0.1299999999999156
1156 9.599999999999856
1157 -0.15499999999991607
1158 -0.06999999999991555
1159 -0.1249999999999156
1160 -0.034999999999915765
1161 -0.06499999999991554
1162 4.839999999999784
1163 -0.06499999999991554
1164 -0.8949999999999186
1165 -0.11999999999991559
1166 4.959999999999753
1167 -0.15999999999991563
1168 -0.07499999999991555
1169 -0.11499999999991581
1170 -0.3749999999999169
1171 -0.05499999999991555
1172 -0.19499999999991652
1173 -0.764999999999917
1174 -0.9999999999999176
1175 -0.1249999999999156
1176 -0.09999999999991557
1177 -0.09499999999991557
1178 -0.1299999999999156
1179 -0.5949999999999166
1180 -0.1199999999999167
1181 -0.07499999999991555
1182 -0.13999999999991583
1183 4.9849999999997525
1184 -0.08999999999991556
1185 -0.09499999999991557
1186 4.819999999999772
1187 -0.1299999999999156
1188 -0.02499999999991556
1189 -0.039999999999915554
1190 -0.07999999999991556
1191 -0.07499999999991555
1192 9.959999999999212
1193 -0.1849999999999161
1194 -0.06499999999991665
1195 -0.1099999999999158
1196 -0.09999999999991668
1197 -0.6849999999999167
1198 4.879999999999767
1199 -0.04499999999991555
1200 -0.09499999999991557
1201 -0.08999999999991556
1202 4.934999999999757
1203 -0.06499999999991554
1204 -0.15999999999991563
1205 -0.04499999999991555
1206 -0.07999999999991556
1207 -0.19499999999991652
1208 -0.14499999999991584
1209 -0.1849999999999161
1210 -0.06499999999991554
1211 -0.06999999999991555
1212 -0.1249999999999156
1213 -0.08499999999991556
1214 -0.04999999999991555
1215 -0.1649999999999163
1216 -0.1349999999999156
1217 -0.2499999999999159
1218 -0.014999999999915557
1219 0.045000000000084445
1220 -0.19499999999991632
1221 -0.07499999999991577
1222 -0.10999999999991558
1223 -0.6899999999999162
1224 4.894999999999763
1225 -0.08999999999991556
1226 -0.1249999999999156
1227 -0.06999999999991555
1228 -0.10999999999991558
1229 -0.16499999999991563
1230 -0.014999999999915557
1231 -0.15499999999991584
1232 14.910000000000611
1233 -0.09499999999991557
1234 -0.1399999999999156
1235 4.944999999999766
1236 -0.08999999999991556
1237 -0.10999999999991603
1238 -0.1299999999999156
1239 -0.06499999999991554
1240 4.9149999999997664
1241 -0.15999999999991563
1242 -0.17999999999991564
1243 -0.06999999999991555
1244 -0.3049999999999166
1245 4.884999999999767
1246 9.819999999999245
1247 -0.10999999999991558
1248 -0.05499999999991555
1249 4.909999999999756
1250 4.919999999999759
1251 -0.08999999999991556
1252 -0.1699999999999168
1253 -0.21999999999991612
1254 -0.11499999999991559
1255 -0.20499999999991608
1256 -0.05499999999991555
1257 0.020000000000084447
1258 -0.02499999999991578
1259 -0.31499999999991596
1260 -0.7199999999999165
1261 -0.1299999999999156
1262 -0.08499999999991556
1263 -0.15499999999991562
1264 -0.1249999999999156
1265 -0.08999999999991556
1266 -0.15499999999991584
1267 -0.05499999999991555
1268 -0.2549999999999161
1269 4.919999999999798
1270 -0.1599999999999163
1271 -0.22499999999991568
1272 -0.1399999999999156
1273 -0.669999999999918
1274 -0.3549999999999169
1275 -0.1399999999999156
1276 -0.14999999999991562
1277 -0.1399999999999156
1278 -0.08499999999991556
1279 -0.04999999999991555
1280 -0.04999999999991555
1281 -0.17499999999991564
1282 -0.14999999999991562
1283 -0.04999999999991555
1284 4.814999999999774
1285 -0.10999999999991558
1286 -0.049999999999915536
1287 -0.16999999999991564
1288 -0.12999999999991582
1289 -0.10499999999991558
1290 -0.1299999999999156
1291 -0.06999999999991555
1292 -0.8899999999999173
1293 -0.09499999999991557
1294 -0.07999999999991556
1295 -0.20999999999991587
1296 -0.08999999999991556
1297 -0.1599999999999163
1298 -0.10999999999991558
1299 4.939999999999759
1300 -0.06499999999991554
1301 -0.4249999999999174
1302 -0.11499999999991559
1303 -0.04499999999991555
1304 -0.04999999999991555
1305 4.219999999999803
1306 -0.15499999999991562
1307 -0.019999999999915558
1308 -0.08499999999991556
1309 -0.08499999999991556
1310 -0.06999999999991555
1311 -0.1249999999999156
1312 -0.6999999999999174
1313 -0.07999999999991556
1314 -0.19999999999991655
1315 -0.09999999999991557
1316 4.769999999999896
1317 4.8599999999998
1318 -0.2699999999999167
1319 -0.33499999999991664
1320 -0.10499999999991558
1321 -0.1349999999999156
1322 4.8399999999997645
1323 -0.5449999999999159
1324 -0.06499999999991554
1325 -0.16499999999991563
1326 -0.06999999999991555
1327 4.964999999999753
1328 -0.06499999999991621
1329 -0.3199999999999164
1330 -0.07499999999991555
1331 -0.07999999999991556
1332 -0.16999999999991564
1333 -0.17499999999991564
1334 -0.1249999999999156
1335 -0.37499999999991646
1336 -0.1399999999999156
1337 4.914999999999763
1338 -0.16999999999991586
1339 9.789999999999234
1340 14.885000000000568
1341 4.8899999999997545
1342 -0.04499999999991555
1343 -0.059999999999915545
1344 -0.18999999999991565
1345 4.909999999999756
1346 -0.18499999999991565
1347 -0.1349999999999165
1348 -0.03499999999991556
1349 -0.03499999999991556
1350 -0.04999999999991555
1351 4.849999999999791
1352 4.859999999999784
1353 -0.06499999999991554
1354 -0.15999999999991607
1355 -0.5749999999999166
1356 -0.07499999999991555
1357 -0.13999999999991605
1358 -0.729999999999916
1359 -0.3149999999999162
1360 -0.04999999999991577
1361 -0.08999999999991556
1362 -0.15999999999991563
1363 -0.07499999999991555
1364 -0.09499999999991557
1365 4.8699999999997585
1366 4.804999999999783
1367 -0.11499999999991559
1368 -0.15999999999991563
1369 -0.059999999999915545
1370 -0.08999999999991556
1371 -0.04999999999991555
1372 -0.07499999999991555
1373 -0.09499999999991557
1374 4.774999999999791
1375 -0.1399999999999156
1376 -0.20499999999991567
1377 4.944999999999775
1378 -0.1249999999999156
1379 -0.1099999999999158
1380 -0.20499999999991678
1381 -0.6499999999999164
1382 -0.07499999999991577
1383 -0.7849999999999183
1384 -0.14499999999991672
1385 -0.4049999999999169
1386 -0.09999999999991557
1387 -0.07999999999991556
1388 4.834999999999775
1389 -0.1449999999999156
1390 4.9099999999997666
1391 -0.19999999999991588
1392 -0.1249999999999156
1393 -0.07499999999991555
1394 -0.1549999999999165
1395 4.939999999999787
1396 -0.04999999999991555
1397 -0.04999999999991555
1398 -0.02999999999991556
1399 4.904999999999754
1400 -0.11999999999991581
1401 4.539999999999835
1402 -0.059999999999915545
1403 4.874999999999764
1404 0.015000000000084446
1405 9.844999999999235
1406 -0.7449999999999165
1407 -0.1399999999999156
1408 -0.1749999999999156
1409 -0.11499999999991559
1410 4.274999999999791
1411 4.849999999999789
1412 -0.1099999999999158
1413 -0.09499999999991557
1414 -0.08999999999991556
1415 -0.10499999999991558
1416 -0.20499999999991633
1417 -0.10499999999991558
1418 -0.019999999999915558
1419 -0.11999999999991559
1420 4.749999999999852
1421 -0.1349999999999156
1422 -0.1299999999999156
1423 -0.08499999999991556
1424 -0.09499999999991579
1425 -0.06999999999991555
1426 4.859999999999787
1427 -0.1249999999999156
1428 -0.14499999999991584
1429 4.624999999999778
1430 -0.08999999999991556
1431 9.864999999999212
1432 -0.1999999999999161
1433 -0.07499999999991555
1434 4.9049999999997596
1435 -0.11499999999991559
1436 4.924999999999772
1437 -0.11499999999991559
1438 -0.18499999999991565
1439 4.705000000000093
1440 -0.07999999999991556
1441 -0.11999999999991559
1442 -0.16999999999991586
1443 4.824999999999774
1444 -0.059999999999915545
1445 -0.009999999999915556
1446 4.979999999999763
1447 -0.5649999999999163
1448 -0.059999999999915545
1449 -0.019999999999915558
1450 -0.18499999999991587
1451 -0.11499999999991559
1452 -0.11999999999991559
1453 -0.06499999999991554
1454 -0.639999999999916
1455 -0.894999999999917
1456 -0.02499999999991556
1457 -0.1299999999999156
1458 -0.05499999999991555
1459 -0.05499999999991555
1460 -0.0049999999999155555
1461 -0.24499999999991637
1462 -0.5499999999999168
1463 -0.08499999999991556
1464 -0.13999999999991602
1465 -0.18999999999991565
1466 -0.1449999999999156
1467 -0.08499999999991578
1468 -0.19499999999991652
1469 -0.12499999999991583
1470 -0.11499999999991559
1471 -0.6649999999999173
1472 -0.039999999999915554
1473 4.329999999999777
1474 4.994999999999758
1475 -0.06999999999991555
1476 -0.6599999999999162
1477 -0.17499999999991586
1478 -0.15499999999991562
1479 -0.14999999999991562
1480 9.824999999999218
1481 -0.11999999999991583
1482 4.89999999999977
1483 -0.06999999999991555
1484 -0.059999999999915545
1485 -0.07499999999991577
1486 -0.23499999999991636
1487 -0.04999999999991555
1488 4.964999999999753
1489 -0.6849999999999162
1490 -0.18999999999991607
1491 -0.26499999999991636
1492 -0.09499999999991557
1493 -0.09499999999991557
1494 -0.16499999999991563
1495 -0.08499999999991556
1496 -0.03499999999991556
1497 -0.1249999999999156
1498 -0.15499999999991562
1499 4.974999999999753
1500 -0.13999999999991605
1501 -0.12499999999991604
1502 -0.11999999999991559
1503 -0.02999999999991556
1504 -0.019999999999915558
1505 -0.11499999999991559
1506 -0.12499999999991626
1507 -0.039999999999915554
1508 4.884999999999781
1509 -0.07499999999991555
1510 -0.17499999999991564
1511 4.74999999999977
1512 -0.16999999999991586
1513 -0.06499999999991554
1514 -0.12999999999991627
1515 -0.02999999999991556
1516 4.894999999999776
1517 -0.13499999999991583
1518 -0.11999999999991559
1519 -0.9099999999999171
1520 -0.13499999999991583
1521 -0.18499999999991676
1522 -0.13999999999991583
1523 -0.03499999999991556
1524 -0.08999999999991556
1525 -0.5849999999999164
1526 4.904999999999774
1527 -0.014999999999915557
1528 -0.02499999999991556
1529 -0.04999999999991555
1530 -0.13499999999991583
1531 -0.04999999999991555
1532 -0.06499999999991554
1533 -0.09999999999991557
1534 9.429999999999152
1535 -0.6749999999999173
1536 -0.21499999999991656
1537 4.8449999999998
1538 -0.11499999999991559
1539 -0.16499999999991607
1540 -0.13999999999991583
1541 -0.6499999999999173
1542 -0.03999999999991578
1543 -0.04499999999991555
1544 -0.23499999999991592
1545 -0.059999999999915545
1546 -0.11999999999991581
1547 -0.11499999999991559
1548 -0.10499999999991558
1549 -0.6099999999999166
1550 -0.03499999999991556
1551 -0.1249999999999156
1552 -0.04999999999991555
1553 4.9049999999997596
1554 -0.12999999999991582
1555 -0.09499999999991579
1556 -0.09999999999991557
1557 -0.22499999999991568
1558 -0.10499999999991602
1559 -0.15999999999991582
1560 -0.14499999999991584
1561 -0.07499999999991555
1562 -0.10499999999991558
1563 -0.1299999999999156
1564 -0.15499999999991584
1565 9.849999999999254
1566 -0.09499999999991557
1567 -0.09499999999991557
1568 4.9549999999997585
1569 9.924999999999223
1570 4.934999999999771
1571 8.444460408707499e-14
1572 -0.06499999999991554
1573 -0.1249999999999156
1574 -0.15499999999991607
1575 4.874999999999757
1576 -0.05499999999991555
1577 -0.08499999999991578
1578 -0.1299999999999156
1579 -0.10499999999991558
1580 -0.05499999999991555
1581 -0.10499999999991558
1582 4.8499999999997945
1583 -0.04499999999991555
1584 -0.04999999999991555
1585 -0.08999999999991601
1586 -0.06999999999991555
1587 4.979999999999753
1588 -0.09499999999991557
1589 -0.11499999999991559
1590 -0.05499999999991555
1591 -0.12499999999991604
1592 -0.06499999999991554
1593 4.85999999999978
1594 -0.11499999999991581
1595 -0.11999999999991581
1596 -0.06499999999991554
1597 -0.1949999999999161
1598 -0.10999999999991558
1599 -0.11999999999991581
1600 -0.06499999999991554
1601 4.90999999999977
1602 -0.16999999999991564
1603 -0.15999999999991563
1604 -0.05499999999991555
1605 4.849999999999786
1606 -0.15999999999991607
1607 -0.18499999999991631
1608 -0.10499999999991558
1609 -0.15499999999991562
1610 -0.07999999999991556
1611 -0.04999999999991555
1612 -0.13999999999991583
1613 -0.14999999999991584
1614 -0.12999999999991582
1615 -0.16999999999991564
1616 4.854999999999773
1617 4.919999999999782
1618 4.959999999999755
1619 -0.10999999999991558
1620 -0.10999999999991558
1621 -0.06999999999991555
1622 9.789999999999194
1623 4.859999999999771
1624 -0.07499999999991555
1625 -0.14999999999991562
1626 4.899999999999767
1627 -0.18999999999991588
1628 4.85000000000011
1629 -0.1399999999999156
1630 -0.20499999999991567
1631 -0.08499999999991556
1632 -0.1449999999999156
1633 -0.1449999999999156
1634 -0.1249999999999156
1635 4.9399999999997535
1636 -0.09499999999991557
1637 -0.6599999999999161
1638 4.8449999999997555
1639 -0.5199999999999161
1640 -0.08999999999991556
1641 -0.099999999999916
1642 0.015000000000084446
1643 -0.07499999999991555
1644 -0.19999999999991566
1645 -0.1999999999999161
1646 -0.6299999999999168
1647 -0.20999999999991611
1648 -0.2299999999999157
1649 -0.6549999999999173
1650 -0.019999999999915762
1651 -0.09499999999991557
1652 -0.08999999999991556
1653 -0.18499999999991565
1654 -0.009999999999915556
1655 -0.16499999999991585
1656 -0.10999999999991647
1657 -0.10499999999991558
1658 -0.17499999999991564
1659 -0.11999999999991559
1660 -0.039999999999915554
1661 -0.08999999999991579
1662 -0.18999999999991565
1663 -0.09999999999991557
1664 -0.09999999999991557
1665 -0.17999999999991564
1666 -0.15499999999991562
1667 -0.06499999999991554
1668 -0.23999999999991614
1669 -0.1299999999999156
1670 -0.10999999999991558
1671 -0.09499999999991601
1672 -0.04499999999991555
1673 -0.23499999999991614
1674 -0.08999999999991556
1675 -0.2599999999999166
1676 -0.06499999999991554
1677 -0.06499999999991554
1678 4.304999999999792
1679 -0.11499999999991559
1680 -0.07999999999991578
1681 4.919999999999768
1682 -0.1449999999999156
1683 -0.1449999999999156
1684 -0.2099999999999161
1685 -0.059999999999915545
1686 -0.11999999999991559
1687 -0.04999999999991555
1688 -0.10999999999991558
1689 -0.16999999999991564
1690 -0.039999999999915554
1691 -0.339999999999916
1692 -0.5649999999999159
1693 4.439999999999848
1694 -0.09499999999991557
1695 -0.6599999999999167
1696 -0.11999999999991559
1697 -0.03499999999991556
1698 -0.17499999999991564
1699 -0.10999999999991558
1700 -0.02999999999991556
1701 -0.10499999999991558
1702 -0.09499999999991557
1703 -0.07999999999991556
1704 -0.14999999999991562
1705 -0.07499999999991555
1706 -0.05499999999991555
1707 -0.16999999999991627
1708 -0.10499999999991558
1709 4.909999999999763
1710 -0.1449999999999156
1711 -0.08499999999991557
1712 -0.2249999999999159
1713 -0.09499999999991557
1714 -0.17999999999991564
1715 -0.11999999999991559
1716 -0.15999999999991607
1717 -0.26999999999991636
1718 -0.16499999999991563
1719 -0.11999999999991559
1720 -0.10499999999991558
1721 -0.14999999999991562
1722 -0.02999999999991556
1723 -0.08499999999991556
1724 -0.09499999999991557
1725 -0.21999999999991568
1726 -0.07499999999991555
1727 -0.11999999999991603
1728 -0.2299999999999157
1729 -0.09999999999991557
1730 -0.09999999999991557
1731 -0.17499999999991586
1732 -0.11999999999991559
1733 -0.15999999999991563
1734 -0.16499999999991563
1735 -0.07999999999991556
1736 -0.12499999999991603
1737 -0.14999999999991562
1738 0.005000000000084445
1739 -0.10999999999991558
1740 -0.019999999999915558
1741 -0.1849999999999161
1742 -0.14999999999991584
1743 -0.08499999999991556
1744 -0.04499999999991555
1745 -0.02499999999991556
1746 -0.07499999999991555
1747 -0.2399999999999157
1748 -0.08999999999991556
1749 -0.04999999999991577
1750 -0.09499999999991557
1751 -0.04999999999991555
1752 -0.039999999999915554
1753 -0.11999999999991592
1754 -0.14999999999991562
1755 4.385000000000119
1756 -0.2049999999999159
1757 -0.059999999999915545
1758 -0.7649999999999165
1759 -0.1249999999999156
1760 -0.08499999999991556
1761 -0.09499999999991557
1762 -0.04999999999991555
1763 -0.18499999999991565
1764 -0.06999999999991555
1765 -0.05499999999991555
1766 -0.08499999999991556
1767 4.349999999999805
1768 -0.1299999999999156
1769 -0.15999999999991563
1770 -0.07999999999991556
1771 -0.13499999999991605
1772 -0.07499999999991555
1773 -0.08999999999991556
1774 4.899999999999758
1775 -0.11499999999991559
1776 -0.08499999999991556
1777 -0.08999999999991556
1778 -0.06999999999991555
1779 -0.02999999999991556
1780 -0.07999999999991556
1781 -0.019999999999915558
1782 -0.12999999999991582
1783 -0.11999999999991559
1784 -0.18999999999991565
1785 -0.15499999999991562
1786 -0.14999999999991562
1787 -0.24999999999991657
1788 -0.06499999999991554
1789 -0.33499999999991575
1790 4.919999999999756
1791 -0.08999999999991556
1792 -0.07999999999991556
1793 -0.10499999999991558
1794 0.025000000000084448
1795 -0.2299999999999157
1796 -0.014999999999915557
1797 -0.05499999999991555
1798 -0.05499999999991555
1799 -0.08999999999991556
1800 -0.06999999999991555
1801 -0.05499999999991555
1802 -0.15499999999991562
1803 -0.13999999999991558
1804 -0.1249999999999156
1805 -0.6699999999999162
1806 -0.15999999999991585
1807 -0.08499999999991556
1808 -0.06999999999991555
1809 -0.13999999999991627
1810 -0.09499999999991557
1811 4.834999999999772
1812 -0.07999999999991556
1813 -0.08999999999991556
1814 -0.6549999999999164
1815 -0.12999999999991557
1816 -0.11999999999991559
1817 -0.05499999999991555
1818 -0.1349999999999156
1819 -0.02999999999991556
1820 -0.10999999999991558
1821 -0.059999999999915545
1822 -0.05499999999991555
1823 -0.17999999999991564
1824 -0.084999999999916
1825 -0.07999999999991556
1826 -0.06499999999991576
1827 -0.06999999999991555
1828 -0.06999999999991555
1829 -0.15999999999991563
1830 -0.08499999999991556
1831 -0.10499999999991602
1832 -0.15999999999991563
1833 -0.16499999999991563
1834 -0.20999999999991653
1835 -0.16999999999991586
1836 -0.04999999999991555
1837 -0.11999999999991559
1838 4.924999999999763
1839 -0.1049999999999158
1840 -0.10999999999991558
1841 -0.09499999999991557
1842 -0.05499999999991555
1843 4.834999999999804
1844 -0.08499999999991556
1845 -0.1649999999999156
1846 -0.18499999999991587
1847 -0.5849999999999164
1848 4.830000000000084
1849 -0.18499999999991565
1850 -0.08499999999991556
1851 -0.11499999999991559
1852 -0.074999999999916
1853 -0.009999999999915778
1854 -0.1249999999999156
1855 -0.07999999999991556
1856 -0.02499999999991556
1857 -0.20499999999991586
1858 -0.05999999999991577
1859 -0.059999999999915545
1860 -0.07499999999991555
1861 4.88499999999976
1862 -0.11499999999991581
1863 -0.06499999999991554
1864 0.005000000000084445
1865 -0.06499999999991554
1866 -0.16999999999991586
1867 -0.16999999999991564
1868 -0.07999999999991556
1869 -0.11999999999991581
1870 -0.15499999999991562
1871 -0.06499999999991554
1872 -0.11499999999991559
1873 -0.10499999999991624
1874 -0.08499999999991556
1875 -0.09999999999991624
1876 -0.08999999999991579
1877 4.854999999999761
1878 -0.019999999999915558
1879 -0.1299999999999156
1880 -0.08499999999991556
1881 -0.7099999999999169
1882 -0.1449999999999156
1883 -0.13499999999991605
1884 -0.6249999999999171
1885 -0.2099999999999159
1886 -0.10999999999991558
1887 -0.06499999999991554
1888 -0.09999999999991557
1889 4.8049999999997635
1890 -0.03499999999991556
1891 5.0199999999997535
1892 -0.11499999999991559
1893 -0.05499999999991555
1894 -0.04499999999991555
1895 -0.05999999999991599
1896 -0.7499999999999165
1897 -0.09499999999991557
1898 -0.5849999999999168
1899 4.954999999999805
1900 -0.10499999999991558
1901 -0.059999999999915545
1902 4.544999999999774
1903 4.9599999999997655
1904 -0.039999999999915554
1905 -0.09499999999991557
1906 -0.10999999999991558
1907 -0.06499999999991554
1908 -0.04999999999991555
1909 -0.014999999999915557
1910 -0.14499999999991628
1911 -0.19999999999991677
1912 -0.1299999999999156
1913 -0.1249999999999156
1914 4.999999999999768
1915 -0.059999999999915545
1916 -0.1949999999999161
1917 -0.11499999999991559
1918 -0.10499999999991558
1919 -0.05499999999991555
1920 -0.14999999999991695
1921 -0.08499999999991556
1922 -0.07499999999991555
1923 -0.7399999999999172
1924 4.724999999999838
1925 -0.14999999999991606
1926 -0.05499999999991555
1927 -0.1399999999999156
1928 -0.6499999999999164
1929 -0.11999999999991559
1930 -0.1099999999999158
1931 -0.1399999999999156
1932 -0.1049999999999158
1933 4.974999999999753
1934 4.785000000000111
1935 -0.15499999999991562
1936 -0.09499999999991557
1937 -0.10499999999991558
1938 -0.03499999999991556
1939 -0.18999999999991565
1940 -0.08999999999991556
1941 -0.1349999999999156
1942 0.020000000000084447
1943 -0.11499999999991559
1944 -0.07499999999991555
1945 -0.1349999999999156
1946 -0.02999999999991556
1947 -0.09499999999991557
1948 -0.08499999999991578
1949 -0.15999999999991563
1950 -0.039999999999915554
1951 -0.019999999999915558
1952 4.919999999999756
1953 -0.10499999999991558
1954 -0.11999999999991603
1955 -0.04499999999991555
1956 -0.1249999999999156
1957 -0.1349999999999156
1958 -0.05499999999991555
1959 -0.04999999999991555
1960 4.859999999999778
1961 -0.06999999999991555
1962 -0.14499999999991603
1963 -0.07499999999991555
1964 -0.059999999999915545
1965 -0.10499999999991558
1966 -0.1299999999999156
1967 -0.12499999999991626
1968 -0.11499999999991603
1969 -0.1349999999999156
1970 4.869999999999769
1971 -0.12999999999991582
1972 0.005000000000084445
1973 -0.09499999999991555
1974 -0.1299999999999158
1975 -0.16499999999991563
1976 4.909999999999758
1977 4.7599999999997875
1978 4.899999999999761
1979 4.644999999999847
1980 -0.2099999999999163
1981 -0.1249999999999156
1982 -0.059999999999915545
1983 -0.14999999999991584
1984 -0.06999999999991555
1985 -0.10999999999991558
1986 -0.08499999999991556
1987 -0.09499999999991579
1988 -0.09999999999991557
1989 -0.15499999999991562
1990 -0.13999999999991627
1991 -0.1249999999999156
1992 -0.07999999999991556
1993 -0.03499999999991556
1994 -0.1349999999999165
1995 -0.07499999999991555
1996 -0.2799999999999175
1997 4.9349999999997625
1998 14.855000000000322
1999 4.754999999999779
5509.090470790863
