0 -7.82
1 -7.75
2 -7.69
3 -7.69
4 -7.71
5 -5.08
6 -7.89
7 -7.74
8 -7.73
9 -7.70
10 -5.24
11 -7.53
12 -7.74
13 -7.64
14 -2.56
15 -7.62
16 -7.54
17 -7.75
18 -7.63
19 -7.66
20 -7.56
21 -7.53
22 -7.70
23 -7.62
24 -7.67
25 -7.70
26 -7.70
27 -7.58
28 -7.64
29 -7.75
30 -7.78
31 -7.60
32 -7.58
33 -7.71
34 -7.71
35 -7.68
36 -7.77
37 -5.10
38 -7.69
39 -7.67
40 -7.54
41 -7.61
42 -7.63
43 -7.81
44 -7.62
45 -5.26
46 -7.45
47 -7.56
48 -7.67
49 -7.75
50 -7.64
51 -7.67
52 -7.62
53 -7.76
54 -7.63
55 -7.64
56 -7.63
57 -7.69
58 -7.62
59 -7.84
60 -7.67
61 -7.64
62 -7.75
63 -7.48
64 -5.26
65 -7.81
66 -7.65
67 -7.70
68 -7.66
69 -7.74
70 -7.63
71 -7.62
72 -7.73
73 -7.69
74 -7.88
75 -7.60
76 -7.70
77 -7.62
78 -5.22
79 -7.52
80 -7.63
81 -7.70
82 -7.73
83 -7.83
84 -7.71
85 -7.60
86 -7.51
87 -7.87
88 -7.81
89 -5.08
90 -7.65
91 -7.67
92 -7.76
93 -7.65
94 -7.74
95 -7.75
96 -7.68
97 -7.53
98 -7.60
99 -7.70
100 -5.13
101 -7.62
102 -7.70
103 -7.68
104 -7.63
105 -7.70
106 -7.73
107 -7.59
108 -7.67
109 -7.68
110 -7.83
111 -7.64
112 -7.65
113 -7.53
114 -5.15
115 -7.65
116 -7.64
117 -7.71
118 -7.67
119 -7.64
120 -7.76
121 -7.56
122 -7.72
123 -7.68
124 -5.06
125 -7.80
126 -7.61
127 -7.62
128 -7.56
129 -7.54
130 -7.67
131 -7.52
132 -7.63
133 -7.64
134 -7.66
135 -5.17
136 -7.58
137 -7.75
138 -7.84
139 -7.86
140 -7.66
141 -5.15
142 -7.67
143 -7.63
144 -7.66
145 -7.59
146 -7.59
147 -7.66
148 -7.59
149 -7.62
150 -7.83
151 -7.73
152 -7.68
153 -7.56
154 -7.81
155 -5.08
156 -7.76
157 -7.62
158 -7.57
159 -7.62
160 -7.66
161 -7.59
162 -7.74
163 -7.56
164 -7.66
165 -7.57
166 -7.60
167 -7.57
168 -7.58
169 -7.69
170 -7.65
171 -7.81
172 -7.72
173 -7.69
174 -7.71
175 -7.66
176 -7.70
177 -7.68
178 -7.61
179 -7.64
180 -7.66
181 -7.63
182 -7.71
183 -7.65
184 -7.60
185 -7.69
186 -7.68
187 -7.55
188 -7.57
189 -7.71
190 -7.67
191 -7.75
192 -5.16
193 -7.56
194 -7.70
195 -7.80
196 -7.71
197 -7.69
198 -7.55
199 -7.64
200 -7.63
201 -7.69
202 -7.71
203 -7.68
204 -7.71
205 -7.63
206 -7.58
207 -7.57
208 -7.64
209 -7.71
210 -5.10
211 -7.79
212 -7.71
213 -7.67
214 -7.52
215 -7.63
216 -7.71
217 -7.65
218 -7.79
219 -7.77
220 -7.61
221 -7.62
222 -7.69
223 -7.54
224 -7.51
225 -7.75
226 -7.50
227 -7.64
228 -7.75
229 -7.56
230 -7.76
231 -7.72
232 -7.71
233 -7.71
234 -7.54
235 -7.63
236 -7.73
237 -7.58
238 -7.75
239 -7.74
240 -7.68
241 -7.75
242 -7.85
243 -7.76
244 -7.44
245 -7.71
246 -7.65
247 -7.72
248 -7.63
249 -7.80
250 -7.71
251 -7.56
252 -7.56
253 -7.55
254 -7.70
255 -7.81
256 -7.56
257 -7.61
258 -7.70
259 -7.76
260 -7.83
261 -7.64
262 -7.74
263 -7.60
264 -7.73
265 -7.66
266 -7.63
267 -7.69
268 -7.69
269 -7.66
270 -7.68
271 -7.69
272 -7.91
273 -7.48
274 -7.74
275 -7.60
276 -5.01
277 -7.64
278 -7.83
279 -7.76
280 -7.63
281 -7.74
282 -7.67
283 -7.74
284 -7.72
285 -7.84
286 -7.65
287 -7.65
288 -7.65
289 -7.57
290 -7.69
291 -7.73
292 -7.64
293 -7.71
294 -7.82
295 -5.12
296 -7.64
297 -7.66
298 -7.43
299 -7.58
300 -7.60
301 -7.75
302 -7.72
303 -7.77
304 -7.67
305 -5.19
306 -7.75
307 -7.71
308 -7.79
309 -7.60
310 -7.73
311 -7.53
312 -7.69
313 -7.66
314 -7.58
315 -7.62
316 -7.65
317 -7.53
318 -7.52
319 -7.54
320 -7.52
321 -7.61
322 -7.62
323 -7.81
324 -7.75
325 -7.68
326 -7.63
327 -7.60
328 -7.69
329 -7.73
330 -5.16
331 -7.71
332 -7.54
333 -7.51
334 -7.49
335 -7.62
336 -7.59
337 -7.61
338 -7.65
339 -7.74
340 -7.62
341 -7.61
342 -7.65
343 -7.71
344 -7.75
345 -7.57
346 -7.64
347 -7.95
348 -7.80
349 -7.65
350 -7.60
351 -7.77
352 -7.66
353 -7.85
354 -7.72
355 -7.64
356 -7.70
357 -7.57
358 -7.69
359 -7.61
360 -7.58
361 -7.69
362 -7.57
363 -7.78
364 -7.68
365 -7.62
366 -7.76
367 -7.54
368 -7.57
369 -7.78
370 -7.64
371 -7.61
372 -7.55
373 -7.66
374 -7.69
375 -7.80
376 -7.60
377 -7.51
378 -7.71
379 -7.63
380 -7.65
381 -7.70
382 -7.62
383 -7.64
384 -7.61
385 -7.77
386 -7.74
387 -7.44
388 -7.46
389 -7.79
390 -7.74
391 -7.64
392 -7.77
393 -7.66
394 -7.87
395 -7.63
396 -7.66
397 -7.66
398 -7.61
399 -7.66
400 -7.58
401 -7.68
402 -7.74
403 -7.55
404 -7.68
405 -7.75
406 -7.61
407 -7.63
408 -7.65
409 -7.76
410 -7.60
411 -7.61
412 -7.68
413 -7.71
414 -7.57
415 -7.86
416 -7.65
417 -7.52
418 -7.55
419 -7.72
420 -5.08
421 -7.66
422 -7.56
423 -7.65
424 -7.53
425 -7.92
426 -7.47
427 -7.65
428 -7.65
429 -7.69
430 -7.63
431 -7.70
432 -7.62
433 -7.72
434 -7.72
435 -7.80
436 -7.76
437 -7.59
438 -7.61
439 -7.68
440 -7.77
441 -7.83
442 -7.60
443 -7.66
444 -7.76
445 -7.77
446 -7.65
447 -7.55
448 -7.65
449 -7.62
450 -5.03
451 -7.65
452 -7.70
453 -7.66
454 -7.66
455 -7.62
456 -7.61
457 -5.17
458 -7.58
459 -7.59
460 -7.66
461 -7.80
462 -7.68
463 -7.68
464 -7.68
465 -7.60
466 -7.59
467 -7.67
468 -7.59
469 -4.99
470 -7.62
471 -7.62
472 -7.71
473 -7.62
474 -7.59
475 -7.67
476 -7.54
477 -7.64
478 -7.66
479 -7.76
480 -7.62
481 -7.80
482 -7.68
483 -7.74
484 -7.60
485 -7.61
486 -7.71
487 -7.60
488 -7.81
489 -7.69
490 -7.61
491 -7.75
492 -7.55
493 -7.60
494 -7.59
495 -7.48
496 -7.79
497 -7.73
498 -7.78
499 -7.66
500 -7.60
501 -7.70
502 -7.58
503 -7.68
504 -7.70
505 -7.63
506 -7.75
507 -7.56
508 -7.84
509 -7.67
510 -7.77
511 -7.72
512 -7.80
513 -7.70
514 -7.71
515 -7.58
516 -7.67
517 -7.61
518 -7.64
519 -7.76
520 -7.51
521 -7.52
522 -7.58
523 -7.66
524 -7.61
525 -5.20
526 -7.74
527 -7.81
528 -7.60
529 -7.60
530 -7.59
531 -7.68
532 -7.60
533 -7.67
534 -5.26
535 -7.94
536 -7.52
537 -7.64
538 -7.61
539 -7.54
540 -7.64
541 -7.63
542 -7.58
543 -7.50
544 -7.59
545 -7.58
546 -7.65
547 -7.62
548 -7.61
549 -7.72
550 -7.64
551 -7.64
552 -7.55
553 -7.66
554 -7.60
555 -7.70
556 -5.17
557 -7.61
558 -7.62
559 -7.66
560 -7.73
561 -7.64
562 -7.70
563 -7.61
564 -7.73
565 -7.75
566 -7.60
567 -7.76
568 -5.33
569 -7.77
570 -7.60
571 -7.69
572 -7.66
573 -7.80
574 -7.66
575 -7.77
576 -7.65
577 -7.84
578 -7.78
579 -7.61
580 -7.66
581 -7.81
582 -7.79
583 -7.57
584 -7.64
585 -7.69
586 -7.64
587 -7.68
588 -7.65
589 -7.56
590 -7.71
591 -5.20
592 -7.65
593 -7.71
594 -7.55
595 -7.57
596 -7.47
597 -7.88
598 -7.58
599 -5.20
600 -7.69
601 -7.44
602 -7.80
603 -7.71
604 -7.81
605 -7.64
606 -7.54
607 -7.50
608 -7.63
609 -7.71
610 -7.72
611 -7.65
612 -7.82
613 -7.62
614 -7.72
615 -7.73
616 -7.69
617 -7.57
618 -7.73
619 -7.63
620 -7.76
621 -7.72
622 -7.80
623 -7.46
624 -7.79
625 -7.75
626 -7.80
627 -7.73
628 -7.67
629 -7.57
630 -7.57
631 -7.71
632 -7.67
633 -5.02
634 -7.68
635 -7.74
636 -7.66
637 -5.13
638 -7.65
639 -7.67
640 -5.18
641 -7.78
642 -7.76
643 -7.65
644 -7.71
645 -7.81
646 -7.64
647 -7.69
648 -7.69
649 -7.55
650 -7.66
651 -7.80
652 -7.75
653 -7.73
654 -7.65
655 -7.65
656 -7.91
657 -7.55
658 -7.76
659 -7.72
660 -7.62
661 -7.69
662 -7.72
663 -7.59
664 -7.75
665 -7.64
666 -7.76
667 -7.79
668 -7.68
669 -7.60
670 -7.72
671 -7.65
672 -7.78
673 -7.76
674 -7.62
675 -7.74
676 -7.72
677 -7.75
678 -7.65
679 -7.62
680 -7.65
681 -7.71
682 -7.74
683 -7.72
684 -7.50
685 -7.81
686 -7.59
687 -7.70
688 -7.65
689 -7.67
690 -7.70
691 -7.65
692 -7.67
693 -7.62
694 -7.70
695 -7.53
696 -7.73
697 -7.72
698 -7.72
699 -7.83
700 -7.83
701 -7.60
702 -7.80
703 -7.51
704 -7.72
705 -7.60
706 -7.77
707 -7.69
708 -7.57
709 -7.60
710 -7.57
711 -7.61
712 -5.18
713 -7.65
714 -7.77
715 -7.85
716 -2.57
717 -7.63
718 -7.66
719 -7.75
720 -7.63
721 -7.60
722 -5.04
723 -7.59
724 -7.64
725 -7.69
726 -7.71
727 -7.60
728 -7.81
729 -7.58
730 -7.61
731 -7.58
732 -7.67
733 -7.74
734 -7.52
735 -7.69
736 -7.74
737 -7.76
738 -7.72
739 -7.75
740 -7.68
741 -7.67
742 -7.60
743 -7.64
744 -7.67
745 -7.48
746 -7.78
747 -7.70
748 -7.54
749 -7.70
750 -7.67
751 -7.50
752 -7.70
753 -7.76
754 -7.57
755 -7.75
756 -7.70
757 -7.80
758 -2.68
759 -7.59
760 -7.68
761 -7.61
762 -7.52
763 -7.57
764 -7.79
765 -7.80
766 -5.29
767 -7.76
768 -7.69
769 -7.59
770 -7.52
771 -7.72
772 -7.89
773 -7.62
774 -7.79
775 -7.59
776 -7.54
777 -7.52
778 -7.72
779 -7.83
780 -5.05
781 -7.66
782 -7.76
783 -7.68
784 -7.69
785 -7.70
786 -7.60
787 -7.63
788 -7.81
789 -7.66
790 -7.59
791 -7.70
792 -7.70
793 -7.78
794 -7.54
795 -7.72
796 -7.56
797 -7.85
798 -7.70
799 -7.76
800 -7.60
801 -7.83
802 -7.47
803 -7.69
804 -7.75
805 -7.71
806 -7.73
807 -7.76
808 -7.65
809 -7.64
810 -7.67
811 -7.66
812 -7.71
813 -7.67
814 -7.72
815 -7.67
816 -7.65
817 -7.75
818 -7.64
819 -5.25
820 -7.86
821 -7.57
822 -7.60
823 -7.62
824 -7.73
825 -7.85
826 -7.71
827 -7.57
828 -7.60
829 -7.62
830 -7.75
831 -7.81
832 -7.69
833 -7.63
834 -7.65
835 -7.65
836 -7.80
837 -7.70
838 -7.77
839 -7.73
840 -7.55
841 -7.57
842 -7.74
843 -7.56
844 -7.70
845 -7.64
846 -7.79
847 -7.76
848 -7.60
849 -7.57
850 -7.70
851 -7.55
852 -7.65
853 -7.58
854 -7.77
855 -7.68
856 -7.63
857 -7.82
858 -7.65
859 -7.59
860 -7.61
861 -7.68
862 -7.61
863 -7.68
864 -7.63
865 -7.64
866 -5.12
867 -7.63
868 -7.59
869 -7.74
870 -7.76
871 -7.82
872 -7.74
873 -7.86
874 -7.73
875 -7.67
876 -7.67
877 -5.27
878 -7.62
879 -7.55
880 -7.61
881 -7.70
882 -7.55
883 -7.65
884 -7.60
885 -7.52
886 -7.68
887 -7.66
888 -7.58
889 -7.70
890 -7.74
891 -7.72
892 -7.74
893 -7.71
894 -7.66
895 -5.13
896 -7.63
897 -7.72
898 -7.75
899 -7.65
900 -7.60
901 -7.94
902 -7.73
903 -7.66
904 -7.64
905 -7.70
906 -7.68
907 -7.70
908 -7.60
909 -7.68
910 -7.56
911 -7.57
912 -7.56
913 -7.59
914 -7.66
915 -7.72
916 -7.78
917 -5.27
918 -7.64
919 -7.71
920 -7.69
921 -7.64
922 -7.76
923 -7.66
924 -7.54
925 -7.72
926 -7.49
927 -7.70
928 -7.51
929 -7.66
930 -7.74
931 -7.74
932 -7.65
933 -7.65
934 -7.63
935 -7.69
936 -7.72
937 -7.82
938 -7.83
939 -7.67
940 -7.72
941 -7.71
942 -7.55
943 -2.63
944 -7.56
945 -7.73
946 -7.61
947 -7.57
948 -7.60
949 -7.55
950 -7.63
951 -7.62
952 -7.77
953 -7.67
954 -7.61
955 -7.67
956 -7.79
957 -7.78
958 -7.52
959 -7.74
960 -7.75
961 -7.63
962 -7.74
963 -7.61
964 -7.65
965 -7.66
966 -7.70
967 -7.63
968 -7.68
969 -7.82
970 -7.72
971 -7.69
972 -7.81
973 -7.72
974 -7.57
975 -7.88
976 -7.83
977 -7.57
978 -7.70
979 -7.64
980 -7.68
981 -7.67
982 -7.63
983 -7.77
984 -7.74
985 -7.63
986 -7.70
987 -7.64
988 -7.76
989 -7.84
990 -7.63
991 -7.44
992 -7.60
993 -7.86
994 -7.68
995 -7.75
996 -7.72
997 -7.65
998 -7.87
999 -7.47
1669.5593094825745
