0 -7.70
1 -7.80
2 -5.29
3 2.40
4 -7.69
5 -2.66
6 -5.12
7 -7.69
8 -5.00
9 -2.64
10 -7.56
11 -5.05
12 -2.74
13 -7.65
14 7.35
15 -2.66
16 -5.15
17 4.86
18 -7.74
19 -2.65
20 -5.31
21 -7.60
22 -5.33
23 -0.11
24 4.92
25 -7.64
26 -7.62
27 -2.56
28 4.80
29 -2.60
30 -5.16
31 -2.60
32 6.77
33 -8.44
34 -5.02
35 -9.69
36 -7.50
37 2.44
38 4.94
39 -0.06
40 -0.21
41 7.31
42 0.07
43 -0.21
44 2.22
45 -0.04
46 7.35
47 -2.60
48 2.47
49 9.87
50 2.33
51 3.09
52 14.92
53 -2.84
54 15.00
55 -0.11
56 2.46
57 9.95
58 9.92
59 10.51
60 7.44
61 23.95
62 -1.24
63 -2.58
64 5.04
65 6.99
66 14.04
67 9.84
68 21.57
69 7.40
70 15.24
71 12.59
72 14.89
73 4.91
74 17.00
75 12.18
76 12.39
77 1.54
78 7.45
79 18.47
80 -0.22
81 0.01
82 4.73
83 19.82
84 12.34
85 8.61
86 36.30
87 22.36
88 32.63
89 18.97
90 14.38
91 19.86
92 9.48
93 -0.13
94 21.03
95 23.67
96 9.93
97 26.84
98 17.43
99 24.95
100 12.51
101 22.51
102 18.11
103 21.83
104 13.26
105 12.47
106 22.11
107 12.37
108 -1.91
109 25.00
110 17.44
111 7.15
112 4.61
113 22.16
114 13.54
115 10.02
116 13.68
117 9.64
118 17.48
119 6.93
120 27.26
121 22.34
122 25.37
123 17.43
124 9.36
125 12.52
126 7.37
127 14.88
128 9.69
129 6.17
130 37.03
131 9.92
132 11.43
133 19.28
134 12.46
135 12.53
136 31.40
137 22.11
138 29.10
139 15.95
140 24.95
141 11.94
142 9.92
143 20.01
144 7.93
145 24.98
146 13.61
147 19.84
148 20.58
149 15.90
150 24.90
151 17.48
152 22.12
153 18.01
154 27.50
155 6.98
156 13.71
157 31.50
158 2.34
159 32.56
160 32.42
161 35.82
162 19.03
163 21.92
164 23.55
165 37.48
166 22.23
167 15.33
168 17.07
169 14.80
170 24.95
171 15.03
172 19.36
173 22.65
174 14.88
175 13.54
176 27.50
177 18.45
178 1.39
179 26.83
180 27.49
181 21.24
182 29.91
183 14.86
184 17.39
185 24.68
186 33.52
187 39.59
188 17.33
189 24.65
190 7.38
191 19.93
192 25.16
193 20.06
194 18.17
195 31.21
196 23.61
197 38.36
198 23.48
199 9.79
200 17.34
201 12.06
202 29.91
203 17.45
204 14.80
205 26.88
206 11.44
207 22.50
208 12.82
209 19.65
210 27.47
211 21.41
212 21.82
213 12.88
214 2.00
215 39.51
216 24.30
217 15.01
218 24.77
219 19.48
220 14.91
221 12.42
222 31.59
223 15.02
224 35.50
225 17.13
226 26.32
227 7.42
228 8.72
229 24.12
230 17.56
231 19.55
232 19.63
233 12.43
234 20.42
235 17.51
236 26.83
237 22.03
238 14.98
239 42.60
240 31.13
241 27.45
242 31.91
243 39.11
244 12.38
245 19.69
246 34.87
247 29.67
248 12.40
249 26.97
250 38.33
251 21.40
252 9.98
253 29.45
254 20.85
255 12.09
256 22.55
257 44.89
258 19.93
259 21.66
260 28.32
261 19.99
262 27.94
263 19.94
264 19.72
265 19.58
266 37.15
267 28.98
268 35.09
269 29.59
270 24.57
271 45.02
272 26.82
273 31.71
274 22.50
275 29.97
276 27.05
277 30.07
278 7.95
279 19.02
280 28.91
281 11.41
282 18.91
283 22.46
284 27.14
285 22.05
286 24.85
287 22.05
288 22.48
289 21.65
290 22.54
291 20.13
292 26.34
293 32.77
294 16.87
295 33.12
296 19.28
297 21.49
298 17.48
299 14.91
300 12.36
301 32.58
302 7.36
303 51.04
304 16.47
305 11.95
306 34.27
307 17.49
308 14.39
309 20.83
310 27.06
311 38.71
312 14.86
313 11.87
314 22.36
315 17.10
316 29.98
317 26.44
318 9.80
319 22.44
320 19.90
321 22.33
322 14.87
323 17.53
324 12.44
325 21.61
326 9.91
327 34.68
328 12.54
329 12.19
330 7.14
331 32.59
332 22.50
333 25.23
334 24.96
335 7.04
336 25.21
337 19.56
338 12.48
339 18.92
340 28.39
341 21.95
342 30.01
343 31.67
344 22.44
345 28.70
346 16.80
347 22.48
348 36.55
349 28.64
350 33.39
351 29.71
352 34.87
353 9.75
354 10.01
355 12.44
356 18.09
357 24.39
358 28.81
359 40.94
360 37.53
361 33.13
362 19.55
363 17.46
364 20.16
365 14.94
366 32.55
367 22.50
368 21.34
369 13.76
370 14.97
371 21.79
372 27.33
373 22.44
374 18.93
375 27.20
376 28.78
377 29.19
378 41.51
379 37.98
380 29.38
381 28.79
382 17.54
383 12.38
384 24.72
385 23.92
386 21.49
387 23.69
388 21.13
389 17.41
390 34.21
391 32.07
392 18.66
393 24.22
394 19.65
395 25.01
396 10.00
397 27.47
398 9.79
399 24.90
400 29.90
401 32.31
402 26.63
403 26.64
404 18.53
405 9.54
406 16.96
407 22.51
408 17.37
409 28.27
410 18.33
411 30.12
412 27.14
413 15.01
414 14.86
415 29.85
416 26.54
417 16.10
418 44.84
419 27.32
420 19.50
421 12.00
422 30.66
423 27.28
424 19.91
425 16.99
426 34.10
427 36.62
428 14.55
429 2.20
430 12.36
431 24.99
432 15.28
433 20.08
434 35.55
435 20.02
436 19.95
437 27.14
438 17.47
439 19.81
440 43.41
441 31.82
442 14.92
443 32.37
444 19.85
445 22.06
446 19.57
447 38.17
448 29.53
449 24.29
450 7.54
451 24.93
452 24.71
453 28.68
454 35.03
455 39.97
456 20.09
457 22.22
458 25.07
459 30.52
460 26.79
461 26.75
462 37.39
463 19.09
464 23.14
465 24.88
466 9.28
467 16.75
468 39.28
469 13.78
470 30.35
471 14.53
472 30.92
473 22.52
474 45.02
475 22.56
476 27.30
477 32.25
478 21.53
479 2.37
480 25.05
481 19.09
482 24.89
483 14.75
484 4.85
485 5.04
486 15.28
487 25.01
488 27.40
489 24.93
490 19.95
491 32.10
492 19.90
493 39.94
494 9.89
495 16.89
496 32.70
497 27.44
498 21.81
499 24.60
500 22.51
501 24.90
502 24.90
503 14.92
504 14.56
505 7.49
506 11.28
507 14.56
508 12.48
509 31.93
510 19.92
511 25.09
512 32.10
513 27.78
514 36.72
515 18.22
516 24.86
517 12.09
518 22.36
519 32.37
520 18.77
521 26.30
522 4.96
523 7.29
524 15.04
525 29.00
526 21.84
527 15.36
528 19.77
529 19.98
530 27.00
531 17.40
532 27.44
533 37.09
534 19.95
535 16.16
536 27.39
537 32.03
538 27.52
539 33.38
540 15.49
541 16.45
542 19.81
543 30.49
544 32.43
545 22.93
546 11.88
547 37.45
548 17.81
549 24.89
550 12.08
551 12.21
552 27.49
553 19.87
554 24.70
555 29.93
556 17.53
557 22.40
558 23.20
559 22.35
560 34.92
561 24.78
562 27.44
563 28.90
564 14.88
565 40.30
566 37.56
567 27.12
568 19.93
569 25.41
570 27.48
571 19.08
572 17.54
573 32.30
574 25.05
575 13.68
576 32.11
577 22.47
578 16.78
579 26.04
580 25.70
581 37.04
582 9.62
583 29.92
584 19.53
585 14.93
586 17.33
587 32.49
588 31.79
589 17.15
590 19.91
591 24.93
592 28.08
593 12.45
594 31.95
595 34.58
596 22.79
597 10.08
598 33.48
599 19.57
600 32.80
601 14.14
602 17.29
603 12.52
604 20.08
605 26.65
606 22.63
607 36.13
608 28.76
609 18.50
610 19.89
611 17.36
612 14.16
613 32.47
614 19.18
615 23.53
616 12.17
617 27.35
618 49.37
619 26.39
620 26.71
621 9.81
622 29.41
623 24.95
624 21.92
625 24.80
626 23.15
627 14.91
628 42.49
629 17.37
630 14.19
631 32.39
632 32.45
633 24.40
634 24.98
635 15.09
636 17.52
637 36.76
638 32.70
639 20.04
640 28.20
641 17.40
642 25.36
643 19.93
644 10.92
645 19.52
646 19.61
647 50.93
648 35.12
649 29.92
650 22.42
651 24.56
652 37.45
653 12.49
654 27.36
655 31.18
656 15.01
657 20.77
658 9.87
659 39.79
660 29.95
661 33.19
662 31.50
663 17.34
664 7.63
665 31.66
666 36.12
667 29.90
668 29.53
669 35.37
670 29.52
671 17.49
672 27.59
673 30.02
674 14.92
675 13.75
676 20.04
677 31.44
678 17.53
679 37.07
680 22.29
681 26.06
682 16.33
683 18.19
684 9.59
685 22.46
686 12.45
687 17.41
688 22.60
689 25.39
690 19.58
691 20.06
692 29.55
693 19.96
694 23.48
695 27.24
696 21.28
697 17.40
698 22.37
699 17.51
700 27.43
701 29.47
702 19.65
703 27.38
704 37.36
705 17.05
706 19.70
707 22.54
708 24.87
709 10.02
710 17.42
711 28.36
712 42.50
713 27.29
714 21.47
715 33.48
716 25.08
717 24.96
718 22.30
719 39.76
720 32.03
721 22.66
722 29.91
723 12.44
724 9.36
725 10.00
726 12.37
727 24.94
728 22.65
729 13.92
730 25.93
731 22.51
732 29.11
733 28.12
734 21.61
735 27.59
736 7.10
737 25.13
738 26.20
739 29.94
740 28.18
741 19.03
742 14.89
743 14.91
744 34.85
745 42.57
746 16.83
747 14.83
748 24.94
749 25.05
750 24.94
751 14.86
752 20.94
753 28.11
754 27.51
755 36.99
756 24.89
757 28.58
758 19.45
759 21.82
760 4.61
761 34.93
762 17.52
763 44.50
764 21.65
765 40.28
766 31.03
767 28.61
768 30.11
769 32.49
770 30.92
771 12.49
772 17.17
773 36.29
774 48.50
775 24.42
776 28.64
777 29.71
778 18.58
779 25.04
780 34.48
781 19.49
782 17.44
783 15.05
784 39.20
785 29.53
786 24.98
787 29.30
788 18.13
789 30.12
790 25.31
791 20.09
792 22.30
793 47.44
794 12.52
795 20.15
796 39.85
797 14.93
798 9.94
799 17.50
800 29.77
801 26.73
802 38.16
803 19.01
804 29.05
805 15.06
806 9.88
807 27.06
808 39.92
809 12.50
810 34.68
811 39.62
812 29.16
813 9.87
814 32.41
815 28.36
816 12.43
817 27.12
818 24.98
819 40.05
820 12.65
821 22.89
822 29.62
823 34.70
824 17.56
825 31.03
826 17.52
827 30.13
828 38.93
829 9.98
830 23.51
831 19.94
832 28.90
833 21.20
834 22.57
835 12.48
836 26.32
837 17.37
838 17.40
839 6.74
840 25.40
841 41.29
842 14.35
843 22.51
844 24.85
845 11.77
846 19.93
847 9.19
848 26.77
849 17.36
850 19.08
851 22.10
852 13.89
853 14.97
854 19.96
855 39.70
856 20.25
857 10.05
858 29.97
859 13.63
860 21.36
861 37.48
862 10.00
863 20.57
864 26.46
865 22.10
866 32.94
867 29.86
868 31.65
869 27.60
870 19.96
871 27.09
872 19.96
873 26.28
874 14.49
875 14.87
876 32.29
877 16.49
878 27.37
879 22.42
880 31.87
881 30.52
882 27.47
883 13.89
884 34.35
885 9.13
886 23.22
887 29.81
888 14.86
889 17.54
890 14.91
891 27.15
892 12.12
893 33.86
894 6.50
895 32.85
896 28.11
897 7.24
898 24.65
899 29.57
900 14.97
901 27.38
902 24.23
903 17.13
904 12.43
905 22.04
906 9.82
907 9.87
908 27.29
909 16.62
910 16.03
911 17.56
912 11.93
913 17.51
914 43.36
915 19.24
916 34.96
917 27.61
918 21.69
919 4.88
920 27.16
921 17.39
922 34.99
923 19.17
924 21.46
925 20.10
926 22.71
927 35.58
928 14.52
929 29.96
930 17.47
931 27.46
932 17.42
933 22.42
934 34.99
935 28.41
936 29.97
937 26.57
938 27.55
939 39.57
940 22.12
941 9.42
942 22.50
943 27.37
944 25.15
945 22.05
946 32.57
947 20.51
948 24.49
949 19.83
950 23.99
951 22.37
952 17.22
953 12.30
954 15.80
955 14.13
956 29.84
957 22.29
958 32.94
959 18.55
960 29.87
961 20.62
962 27.37
963 29.95
964 33.54
965 12.42
966 29.90
967 22.53
968 12.02
969 12.44
970 35.13
971 26.91
972 26.94
973 24.20
974 24.91
975 19.91
976 34.95
977 22.13
978 14.49
979 18.50
980 20.38
981 35.15
982 10.09
983 19.86
984 12.46
985 28.13
986 14.63
987 14.29
988 17.38
989 9.97
990 24.93
991 17.41
992 20.06
993 30.88
994 28.80
995 12.51
996 31.32
997 33.88
998 10.00
999 19.50
1468.3399031162262
