0 -7.529999999999875
1 -7.679999999999872
2 -7.734999999999871
3 -7.639999999999873
4 -7.614999999999873
5 -7.669999999999872
6 -7.549999999999875
7 -7.624999999999873
8 -7.799999999999869
9 -7.499999999999876
10 -7.714999999999871
11 -7.674999999999872
12 -5.25999999999987
13 -7.569999999999874
14 -7.849999999999868
15 -6.989999999999884
16 -7.464999999999876
17 -7.619999999999873
18 -7.484999999999876
19 -7.77499999999987
20 -7.639999999999873
21 -7.269999999999879
22 -7.599999999999873
23 -7.644999999999873
24 -6.779999999999886
25 -7.254999999999879
26 -7.239999999999879
27 -6.664999999999889
28 -7.609999999999873
29 -7.544999999999874
30 -4.36999999999992
31 -4.724999999999916
32 -4.964999999999915
33 -4.454999999999918
34 -4.884999999999915
35 -5.019999999999913
36 -4.544999999999919
37 -4.604999999999919
38 -4.214999999999922
39 -4.344999999999924
40 -2.7749999999999355
41 -2.6049999999999356
42 -3.3299999999999326
43 -2.5999999999999357
44 -2.5249999999999373
45 -2.694999999999936
46 -3.6749999999999297
47 -0.18999999999991588
48 -2.654999999999935
49 -2.609999999999937
50 -0.359999999999918
51 -2.544999999999937
52 -2.6749999999999345
53 -2.614999999999936
54 -2.579999999999937
55 -2.8199999999999337
56 -2.624999999999935
57 -2.509999999999938
58 -2.959999999999935
59 -3.3199999999999323
60 -2.679999999999935
61 -2.4699999999999385
62 -3.299999999999932
63 -0.20999999999991653
64 -2.7049999999999352
65 -2.6599999999999353
66 -0.32999999999991814
67 -0.2699999999999175
68 -2.6349999999999363
69 -2.939999999999934
70 -2.639999999999935
71 -2.679999999999934
72 -2.5749999999999362
73 -2.6749999999999354
74 -2.744999999999935
75 -3.694999999999913
76 -3.01499999999993
77 -2.7949999999999355
78 -2.5999999999999357
79 -2.6499999999999346
80 -3.4099999999999304
81 -2.609999999999936
82 -35.88999999999987
83 -2.6499999999999355
84 -3.054999999999932
85 -2.584999999999936
86 -2.544999999999937
87 -2.5099999999999376
88 -0.1449999999999156
89 -3.4199999999999324
90 -2.609999999999936
91 -0.08499999999995986
92 -3.6849999999999126
93 -22.849999999999756
94 -2.629999999999935
95 -0.39999999999992275
96 -2.9299999999999327
97 -3.654999999999913
98 -2.7099999999999342
99 -2.5649999999999364
100 -2.5999999999999357
101 -2.679999999999934
102 -2.9449999999999283
103 -2.6449999999999365
104 -2.544999999999937
105 -35.679999999999765
106 -0.10499999999991558
107 -2.604999999999936
108 -2.6099999999999355
109 -2.5699999999999363
110 -2.6299999999999364
111 -2.6599999999999344
112 -2.6749999999999345
113 -2.6799999999999344
114 -2.9399999999999333
115 -0.1249999999999156
116 -3.704999999999912
117 -2.634999999999935
118 -2.579999999999936
119 -2.7949999999999338
120 -2.9099999999999335
121 -2.6049999999999356
122 -2.6449999999999347
123 -2.5799999999999366
124 -2.654999999999935
125 -0.16499999999991583
126 -2.6299999999999355
127 -2.5149999999999375
128 -2.6049999999999356
129 -2.6649999999999356
130 -2.529999999999937
131 -2.5999999999999357
132 -0.2699999999999186
133 -2.544999999999937
134 -0.09999999999991602
135 -3.3799999999999297
136 -2.5699999999999363
137 -3.6399999999999135
138 -0.18999999999991674
139 -2.599999999999936
140 -2.5999999999999357
141 -0.11499999999991559
142 -2.6499999999999346
143 -2.9099999999999353
144 -2.7049999999999335
145 -2.6149999999999363
146 -2.6449999999999347
147 -0.06499999999991554
148 -2.584999999999936
149 -2.594999999999936
150 -2.6649999999999356
151 -4.889999999999888
152 -2.594999999999936
153 -2.6649999999999343
154 -3.5949999999999145
155 -2.8299999999999357
156 -2.6449999999999356
157 -2.589999999999936
158 -0.15499999999991584
159 -2.689999999999939
160 -6.259999999999858
161 -2.6149999999999354
162 -3.579999999999915
163 -2.609999999999936
164 -2.579999999999936
165 -2.6999999999999336
166 -2.564999999999937
167 -3.5799999999999157
168 -0.09499999999991557
169 -2.5499999999999368
170 -2.629999999999935
171 -2.919999999999929
172 -2.624999999999935
173 -3.5849999999999147
174 -2.5499999999999368
175 -2.994999999999928
176 -3.239999999999922
177 -2.6649999999999348
178 -2.7099999999999356
179 -4.069999999999905
180 -2.5699999999999363
181 -2.684999999999934
182 -2.629999999999935
183 -2.6149999999999354
184 -2.594999999999936
185 -2.6149999999999354
186 -2.5749999999999362
187 -0.06499999999991554
188 -2.6249999999999356
189 -2.579999999999936
190 -2.624999999999935
191 -3.6399999999999135
192 -2.5999999999999357
193 -0.4599999999999194
194 -3.0399999999999263
195 -0.36999999999991734
196 -2.6449999999999347
197 -2.6799999999999353
198 -2.5999999999999357
199 -0.4999999999999159
200 -35.85999999999986
201 -2.5699999999999363
202 -18.850000000000502
203 -3.0799999999999255
204 -3.704999999999912
205 -2.639999999999935
206 -2.634999999999935
207 -2.5749999999999362
208 -3.059999999999926
209 -2.5649999999999364
210 -2.9099999999999344
211 -2.584999999999936
212 -2.5999999999999357
213 -35.70999999999978
214 -0.16499999999991607
215 -35.934999999999896
216 -2.594999999999936
217 -0.04999999999991555
218 -2.594999999999936
219 -0.12999999999991627
220 -0.009999999999915556
221 -2.5849999999999365
222 -35.69499999999977
223 -2.569999999999937
224 -3.624999999999914
225 -2.539999999999937
226 -2.9249999999999288
227 -0.1549999999999156
228 -0.07499999999991555
229 -2.584999999999936
230 -2.624999999999935
231 -2.594999999999936
232 -3.654999999999913
233 -2.6549999999999345
234 -0.09499999999991601
235 -2.6099999999999355
236 -2.589999999999936
237 -2.6199999999999357
238 -2.5699999999999363
239 -2.959999999999928
240 -2.534999999999937
241 -2.614999999999936
242 -2.9899999999999274
243 -3.579999999999915
244 -2.629999999999935
245 -0.10999999999991557
246 -0.1399999999999156
247 -0.11999999999991559
248 -2.5649999999999364
249 -0.14499999999991628
250 -2.6099999999999355
251 -2.534999999999937
252 -2.594999999999936
253 -2.699999999999935
254 -2.5549999999999367
255 -2.6249999999999356
256 -3.6799999999999127
257 -2.6599999999999344
258 -2.639999999999935
259 -2.5549999999999367
260 -2.5249999999999373
261 -3.574999999999915
262 -2.6799999999999353
263 -2.7249999999999357
264 -2.5999999999999357
265 -2.5749999999999362
266 -3.659999999999913
267 -3.614999999999914
268 -3.624999999999914
269 -0.30499999999991795
270 -2.6099999999999355
271 -2.5199999999999374
272 -2.5749999999999362
273 2.3700000000001094
274 -0.5299999999999168
275 -2.579999999999936
276 -3.6049999999999143
277 2.4550000000001075
278 -0.08999999999991555
279 -2.589999999999936
280 -2.544999999999937
281 -2.609999999999936
282 -2.6249999999999356
283 -2.4749999999999384
284 -2.594999999999936
285 -2.7399999999999363
286 -2.5999999999999357
287 -2.6549999999999345
288 -2.959999999999928
289 -2.5649999999999364
290 -3.6899999999999125
291 -0.46499999999991587
292 -2.6199999999999353
293 -2.5749999999999362
294 -3.009999999999927
295 -2.9349999999999286
296 -3.709999999999912
297 -0.059999999999915545
298 -2.904999999999929
299 -2.529999999999937
300 -2.6149999999999354
301 -2.669999999999934
302 -2.5649999999999364
303 -2.5599999999999365
304 -2.6499999999999346
305 -2.6199999999999353
306 -2.679999999999934
307 -2.589999999999936
308 -3.4599999999999174
309 -2.6899999999999338
310 -3.5949999999999145
311 -2.6099999999999355
312 -2.579999999999936
313 -0.09499999999991557
314 -2.6849999999999343
315 -2.534999999999937
316 -2.9349999999999286
317 -0.039999999999915554
318 -3.004999999999927
319 7.375000000000088
320 -0.03499999999991556
321 -2.579999999999936
322 -0.34999999999994263
323 -3.569999999999915
324 -2.5999999999999357
325 -2.9799999999999276
326 -2.5499999999999368
327 -2.629999999999935
328 -35.62999999999974
329 -2.5749999999999362
330 -2.5649999999999364
331 -2.629999999999935
332 -2.599999999999936
333 -2.5599999999999365
334 -2.5499999999999368
335 -0.2949999999999157
336 -2.594999999999936
337 -2.594999999999936
338 -0.10499999999991558
339 -2.5999999999999357
340 -2.634999999999935
341 -2.624999999999935
342 -2.6149999999999354
343 -2.6099999999999355
344 -2.6049999999999356
345 2.380000000000109
346 -0.12499999999991646
347 -2.634999999999935
348 2.400000000000093
349 -2.9899999999999274
350 -2.6399999999999357
351 -2.9849999999999275
352 -2.719999999999934
353 -2.6099999999999355
354 -2.959999999999928
355 -2.504999999999938
356 -3.5499999999999154
357 -2.9899999999999274
358 -2.5999999999999357
359 -3.654999999999913
360 -2.6099999999999355
361 -3.704999999999912
362 -0.15999999999991563
363 -35.82499999999984
364 -2.5749999999999362
365 -2.674999999999936
366 -3.659999999999913
367 -2.5699999999999363
368 -2.9299999999999335
369 -2.854999999999933
370 -2.534999999999937
371 -2.6349999999999354
372 -2.584999999999937
373 -2.639999999999935
374 -2.5999999999999357
375 -2.5999999999999357
376 -2.9499999999999282
377 -2.609999999999936
378 -0.1249999999999156
379 -0.09999999999991557
380 -2.5699999999999363
381 -2.634999999999935
382 -3.669999999999913
383 -2.7049999999999343
384 -2.6499999999999346
385 -2.649999999999936
386 -2.579999999999936
387 -2.5549999999999367
388 -1.1949999999999121
389 -3.0249999999999266
390 -2.4799999999999383
391 -2.544999999999937
392 -2.5999999999999357
393 -3.6349999999999136
394 -2.999999999999927
395 -2.6149999999999354
396 -2.6949999999999337
397 -2.5999999999999357
398 -2.5749999999999362
399 -2.999999999999935
400 -2.629999999999935
401 -2.9499999999999282
402 -2.5599999999999365
403 -0.1399999999999156
404 -2.589999999999936
405 -2.579999999999936
406 -2.534999999999937
407 -2.6199999999999353
408 -2.9949999999999273
409 -2.539999999999937
410 4.905000000000109
411 -2.544999999999937
412 -2.609999999999936
413 -2.6999999999999336
414 -2.624999999999935
415 -2.6049999999999356
416 -2.6449999999999347
417 -2.6199999999999353
418 -3.0249999999999266
419 -3.0849999999999254
420 -2.544999999999937
421 -2.6399999999999353
422 -2.5499999999999368
423 -2.6099999999999355
424 -2.5849999999999365
425 0.03500000000008445
426 -0.09999999999991557
427 -2.5749999999999362
428 -2.584999999999937
429 -3.574999999999915
430 -2.6249999999999356
431 -2.594999999999936
432 -2.5749999999999362
433 -2.5849999999999365
434 -2.584999999999936
435 -2.8849999999999323
436 -2.904999999999929
437 -2.6649999999999343
438 0.010000000000084445
439 -0.17499999999991564
440 -2.6649999999999343
441 -2.5499999999999368
442 -2.959999999999928
443 -2.9949999999999273
444 -3.654999999999913
445 -3.014999999999927
446 -3.054999999999926
447 -2.5199999999999374
448 -2.5499999999999368
449 -2.624999999999935
450 -2.5999999999999357
451 -3.659999999999913
452 -3.6299999999999137
453 -2.589999999999936
454 -2.6949999999999354
455 -3.334999999999931
456 -2.5099999999999376
457 -2.6199999999999357
458 -2.714999999999936
459 2.4150000000001084
460 -2.5499999999999368
461 -2.529999999999937
462 -2.9949999999999273
463 -2.6099999999999355
464 -2.594999999999936
465 -2.6499999999999355
466 -1.1199999999999137
467 -2.6149999999999354
468 -3.6499999999999133
469 -2.5649999999999364
470 -2.5199999999999374
471 2.35000000000011
472 -2.9749999999999277
473 -3.6049999999999143
474 -2.5999999999999357
475 -2.539999999999937
476 -2.639999999999935
477 -3.609999999999914
478 -2.539999999999937
479 -2.584999999999936
480 -2.589999999999936
481 -2.534999999999937
482 -2.6199999999999353
483 -2.5749999999999362
484 -2.6849999999999343
485 -0.03499999999991578
486 -2.634999999999935
487 -3.5449999999999156
488 -2.6449999999999347
489 -2.9299999999999287
490 -2.5549999999999367
491 -0.009999999999915556
492 -2.744999999999935
493 -2.6149999999999354
494 -2.629999999999935
495 -2.6299999999999355
496 -2.634999999999935
497 -2.6449999999999356
498 -2.639999999999935
499 -0.10999999999991558
500 -2.624999999999935
501 -35.90499999999988
502 -3.0299999999999265
503 -3.6399999999999135
504 -3.0199999999999267
505 -2.5999999999999357
506 -2.5699999999999363
507 -2.594999999999936
508 -2.5599999999999365
509 -2.489999999999938
510 -2.589999999999936
511 -2.629999999999935
512 -3.6799999999999127
513 -0.05499999999991555
514 -2.634999999999935
515 -0.0549999999999604
516 -0.0999999999999158
517 -2.624999999999936
518 -2.584999999999936
519 -2.594999999999936
520 -2.6299999999999355
521 -2.6099999999999355
522 -2.539999999999937
523 -0.08999999999991579
524 -3.6799999999999127
525 -3.014999999999927
526 -3.6299999999999137
527 -2.6599999999999344
528 2.470000000000107
529 -2.729999999999933
530 -2.594999999999936
531 -35.76999999999981
532 -2.9949999999999273
533 -3.6499999999999133
534 -2.6199999999999353
535 -2.634999999999935
536 -2.5699999999999363
537 -2.6499999999999346
538 -2.6049999999999356
539 -2.529999999999937
540 -2.544999999999937
541 -2.6099999999999355
542 -2.6499999999999346
543 -6.20499999999986
544 -2.774999999999937
545 -2.9499999999999282
546 -2.584999999999936
547 -2.6199999999999353
548 -3.0699999999999257
549 2.3100000000001106
550 -2.5049999999999377
551 -2.919999999999929
552 -0.07999999999991556
553 -2.6449999999999347
554 -3.5349999999999158
555 -0.4949999999999159
556 -2.6899999999999338
557 -0.44999999999991586
558 -2.679999999999934
559 -2.6049999999999356
560 -3.5499999999999154
561 -2.589999999999936
562 -2.4649999999999386
563 -2.634999999999935
564 -2.629999999999935
565 -3.0249999999999266
566 -2.539999999999937
567 -2.639999999999935
568 -2.6149999999999354
569 -2.954999999999928
570 -2.964999999999928
571 -3.5849999999999147
572 -2.6199999999999353
573 -2.6199999999999353
574 -2.584999999999936
575 -2.639999999999935
576 -2.5599999999999365
577 -2.6449999999999356
578 -2.669999999999934
579 2.390000000000109
580 -21.924999999999397
581 -2.7149999999999337
582 -0.45499999999991586
583 -2.6499999999999346
584 -29.629999999998336
585 -2.634999999999935
586 -2.629999999999935
587 -2.564999999999937
588 -2.6499999999999346
589 -2.5999999999999357
590 -2.549999999999937
591 -2.6599999999999344
592 -2.674999999999934
593 -2.5699999999999363
594 -2.684999999999934
595 -2.5549999999999367
596 -2.5799999999999366
597 -2.6449999999999347
598 -2.6149999999999354
599 -0.07999999999991556
600 -2.5549999999999367
601 -2.5499999999999368
602 -2.5749999999999362
603 -2.634999999999935
604 -2.909999999999929
605 -0.06999999999991555
606 -2.579999999999936
607 -2.5499999999999368
608 -2.639999999999935
609 -3.5349999999999158
610 -2.5649999999999364
611 -0.08999999999991556
612 -2.589999999999936
613 -2.8249999999999327
614 -3.5449999999999156
615 2.425000000000108
616 -2.5699999999999363
617 -2.539999999999937
618 -0.06999999999991555
619 -2.534999999999937
620 -3.609999999999914
621 -2.5749999999999362
622 -2.584999999999936
623 -2.6149999999999354
624 -2.589999999999936
625 -2.6199999999999353
626 -2.6149999999999354
627 -2.954999999999928
628 -2.584999999999936
629 -2.634999999999935
630 -2.6499999999999346
631 -2.6599999999999344
632 -35.969999999999914
633 -2.5599999999999365
634 -2.6149999999999354
635 -0.1399999999999156
636 -35.954999999999906
637 -2.5549999999999367
638 -2.6049999999999356
639 -3.009999999999927
640 -2.624999999999935
641 -2.544999999999937
642 -2.589999999999936
643 -2.729999999999933
644 -2.589999999999936
645 -3.654999999999913
646 -2.4799999999999383
647 -2.5649999999999364
648 -2.624999999999935
649 -0.07999999999991556
650 -2.999999999999927
651 -2.4899999999999385
652 -2.539999999999937
653 -3.099999999999925
654 -0.08499999999993066
655 -2.5499999999999368
656 2.3550000000001097
657 -2.5999999999999357
658 -2.5499999999999368
659 2.3800000000001083
660 -2.584999999999936
661 -35.85999999999986
662 -35.579999999999714
663 -0.09499999999991557
664 -2.6449999999999347
665 -0.10999999999996021
666 -2.624999999999935
667 -2.6049999999999356
668 -2.624999999999935
669 0.010000000000084445
670 -2.6199999999999353
671 -2.5999999999999357
672 -0.08499999999991556
673 -35.70999999999978
674 -2.6149999999999354
675 -2.9449999999999283
676 -2.6649999999999343
677 -3.004999999999927
678 -3.614999999999914
679 -2.6599999999999344
680 -2.909999999999929
681 -2.6549999999999345
682 -2.9399999999999284
683 -2.6499999999999346
684 -2.9849999999999275
685 -2.589999999999936
686 -2.634999999999935
687 -2.5999999999999357
688 -2.6049999999999356
689 -2.5649999999999364
690 -2.6549999999999345
691 -2.999999999999927
692 -2.5149999999999375
693 -2.594999999999936
694 -2.964999999999928
695 -35.80999999999983
696 -2.9899999999999274
697 -2.9299999999999287
698 -2.594999999999936
699 -3.6049999999999143
700 -2.704999999999934
701 -2.624999999999935
702 -2.5699999999999363
703 -35.774999999999814
704 -2.7899999999999348
705 -2.6099999999999355
706 -2.5599999999999365
707 -2.579999999999936
708 -2.674999999999934
709 -2.5699999999999363
710 -0.014999999999915557
711 -3.029999999999927
712 -0.12499999999991582
713 -2.634999999999935
714 -2.6049999999999356
715 -2.634999999999935
716 -2.634999999999936
717 -2.7549999999999355
718 -2.624999999999935
719 -2.679999999999934
720 -2.529999999999937
721 -2.6499999999999346
722 -0.45499999999991586
723 -2.584999999999937
724 -2.6099999999999355
725 -2.5049999999999377
726 -2.629999999999935
727 -2.5649999999999364
728 -0.1099999999999158
729 -2.639999999999935
730 -35.60999999999973
731 -2.8949999999999294
732 -0.1249999999999156
733 -2.6099999999999355
734 -2.6049999999999356
735 -2.5799999999999366
736 -2.624999999999935
737 -2.6449999999999347
738 -0.10499999999991558
739 -2.584999999999937
740 -2.9749999999999277
741 -2.539999999999937
742 -2.5699999999999363
743 -35.76499999999981
744 -2.6449999999999347
745 -2.6549999999999345
746 -2.999999999999927
747 -2.594999999999936
748 -2.6399999999999353
749 -2.5599999999999365
750 -2.629999999999935
751 -2.5099999999999376
752 -2.534999999999937
753 -2.529999999999937
754 -12.340000000000446
755 -2.594999999999936
756 -2.584999999999936
757 -2.9949999999999273
758 -2.644999999999935
759 -2.544999999999937
760 -2.5199999999999374
761 -2.594999999999936
762 -2.5199999999999374
763 -2.594999999999936
764 -2.5549999999999367
765 -2.624999999999935
766 -0.04499999999991555
767 -2.9499999999999282
768 -2.6449999999999347
769 -35.914999999999885
770 -3.6899999999999125
771 -2.669999999999934
772 -2.774999999999935
773 -2.6149999999999354
774 -2.579999999999936
775 -2.669999999999934
776 -2.959999999999928
777 -0.1399999999999156
778 -2.529999999999937
779 -0.18499999999991565
780 -2.589999999999936
781 -35.64999999999975
782 -2.584999999999936
783 -0.05499999999991599
784 -2.9899999999999274
785 -2.624999999999935
786 -2.589999999999936
787 -2.634999999999935
788 -2.909999999999929
789 -2.624999999999936
790 -0.07999999999991556
791 -35.81999999999984
792 -2.624999999999935
793 -2.579999999999936
794 -2.559999999999937
795 -2.539999999999937
796 -35.76999999999981
797 2.3750000000001092
798 -2.6099999999999355
799 -2.5749999999999362
800 -2.634999999999935
801 -2.6599999999999344
802 -2.629999999999935
803 -3.5099999999999163
804 -0.09999999999991557
805 -0.10999999999991558
806 -2.594999999999936
807 -2.5699999999999363
808 -35.994999999999926
809 -2.569999999999937
810 -2.6149999999999354
811 -2.6449999999999356
812 -2.539999999999937
813 -0.06999999999991555
814 -2.5199999999999374
815 -2.5649999999999364
816 -2.579999999999936
817 -2.6149999999999354
818 -2.5749999999999362
819 -2.589999999999936
820 -2.589999999999936
821 -2.6449999999999347
822 -2.494999999999938
823 -2.5249999999999373
824 2.3650000000001095
825 -2.5599999999999365
826 -35.69499999999977
827 -2.959999999999928
828 -2.5549999999999367
829 -2.539999999999937
830 -2.6049999999999356
831 -2.959999999999928
832 -2.9349999999999286
833 -2.5199999999999374
834 -2.584999999999936
835 -2.5499999999999368
836 -3.0899999999999253
837 -2.589999999999936
838 -2.6449999999999347
839 -35.759999999999806
840 -2.6149999999999354
841 -2.529999999999937
842 -0.07999999999991556
843 -3.044999999999926
844 -2.629999999999935
845 -2.5999999999999357
846 -2.529999999999937
847 -2.539999999999937
848 -2.6099999999999355
849 -3.654999999999913
850 -2.9899999999999274
851 -2.7249999999999357
852 -2.589999999999936
853 -2.9399999999999284
854 -2.5199999999999374
855 -0.07999999999992177
856 -2.639999999999935
857 -2.629999999999935
858 -2.5599999999999365
859 -2.6199999999999353
860 -2.6199999999999353
861 -2.5549999999999367
862 -2.6599999999999344
863 -2.5499999999999368
864 -2.659999999999935
865 -2.6449999999999347
866 -0.5449999999999159
867 -3.044999999999926
868 -0.06499999999991554
869 8.444460408707499e-14
870 -2.5499999999999368
871 -2.594999999999936
872 -2.5699999999999363
873 2.3800000000000634
874 -2.6149999999999354
875 -2.584999999999936
876 -2.9849999999999275
877 -2.5999999999999357
878 -2.9799999999999276
879 -2.579999999999936
880 -0.10499999999991558
881 -2.639999999999935
882 -2.5499999999999368
883 -2.5149999999999375
884 -35.7499999999998
885 -2.579999999999936
886 -3.6299999999999137
887 -2.629999999999935
888 -2.959999999999928
889 -2.5499999999999368
890 -2.6199999999999353
891 -2.6199999999999353
892 -2.5149999999999375
893 -35.84999999999985
894 -2.8999999999999346
895 -2.6099999999999355
896 -2.579999999999936
897 -0.11999999999991559
898 -2.5149999999999375
899 -2.8949999999999294
900 -2.5249999999999373
901 -2.584999999999936
902 2.3750000000001092
903 -2.9899999999999274
904 -2.639999999999935
905 -2.6149999999999354
906 -2.8599999999999346
907 -0.06499999999991576
908 -2.5349999999999375
909 -2.529999999999937
910 -2.539999999999937
911 -2.964999999999928
912 -2.5649999999999364
913 -0.1349999999999156
914 -2.6599999999999344
915 -2.6049999999999356
916 -2.5149999999999375
917 -2.6149999999999354
918 -3.6349999999999136
919 -2.6449999999999347
920 -2.959999999999928
921 -2.584999999999936
922 -2.499999999999938
923 -2.5149999999999375
924 -2.499999999999938
925 -0.06999999999993847
926 -0.10999999999991558
927 -2.5549999999999367
928 -2.5149999999999375
929 -2.5749999999999362
930 -2.6049999999999356
931 -2.5749999999999362
932 -2.5599999999999365
933 -2.634999999999935
934 -2.634999999999935
935 -2.5249999999999373
936 -2.589999999999936
937 -2.5749999999999362
938 -3.0999999999999335
939 -2.5749999999999362
940 -35.87999999999987
941 -2.6149999999999354
942 -2.969999999999928
943 -2.589999999999936
944 -2.5649999999999364
945 -2.5699999999999363
946 -2.594999999999936
947 -2.634999999999935
948 -2.589999999999936
949 -2.594999999999936
950 -2.559999999999937
951 -2.669999999999934
952 -2.999999999999927
953 2.0250000000000723
954 -2.604999999999936
955 -2.5249999999999373
956 -2.5599999999999365
957 -2.5749999999999362
958 -2.6049999999999356
959 -2.954999999999928
960 -2.594999999999936
961 -2.6649999999999343
962 -2.694999999999934
963 -0.08999999999991645
964 -2.6099999999999355
965 -2.9899999999999274
966 -2.6549999999999345
967 -2.6349999999999354
968 -2.679999999999934
969 -2.584999999999936
970 -2.964999999999928
971 -2.5599999999999365
972 -3.664999999999913
973 -3.6999999999999122
974 -2.6149999999999367
975 -2.494999999999938
976 -2.5999999999999366
977 -2.5499999999999368
978 -2.9849999999999275
979 -2.674999999999934
980 -2.5599999999999365
981 -2.6899999999999347
982 -2.6499999999999346
983 -2.5549999999999367
984 -2.86999999999993
985 -2.9449999999999283
986 -3.044999999999926
987 -2.534999999999937
988 -2.5549999999999367
989 -2.679999999999934
990 -2.579999999999936
991 -35.60499999999973
992 -2.5749999999999362
993 -2.6049999999999356
994 -0.11499999999991603
995 -0.09999999999991557
996 -35.86499999999986
997 -2.529999999999937
998 -2.9299999999999287
999 -3.1099999999999044
1000 -33.21999999999846
1001 -2.6449999999999347
1002 -0.1399999999999156
1003 -2.6499999999999364
1004 -2.969999999999928
1005 -2.579999999999936
1006 -0.06499999999991554
1007 -2.5499999999999368
1008 -2.6049999999999356
1009 -0.1299999999999156
1010 -0.1249999999999156
1011 -2.629999999999935
1012 -2.594999999999936
1013 -3.004999999999927
1014 -2.5699999999999363
1015 -2.9849999999999275
1016 2.4000000000001087
1017 -2.6199999999999353
1018 -2.5149999999999375
1019 -2.589999999999936
1020 -2.5599999999999365
1021 -2.9799999999999276
1022 -2.5499999999999368
1023 -2.6199999999999353
1024 -2.6549999999999345
1025 -2.6499999999999346
1026 -3.6449999999999134
1027 -2.639999999999935
1028 -2.5499999999999368
1029 -2.5599999999999365
1030 -2.484999999999938
1031 -2.6099999999999355
1032 -0.06499999999991554
1033 -2.9299999999999287
1034 -2.5999999999999357
1035 -3.009999999999927
1036 -2.5699999999999363
1037 -2.6949999999999346
1038 -2.674999999999934
1039 -2.6999999999999336
1040 -3.5899999999999146
1041 -0.07999999999991556
1042 -2.579999999999936
1043 -2.669999999999934
1044 -2.514999999999938
1045 -2.5999999999999357
1046 -2.634999999999935
1047 -2.589999999999936
1048 -2.5749999999999362
1049 -2.6049999999999356
1050 -0.05499999999994597
1051 -2.5649999999999364
1052 -2.5699999999999363
1053 -2.5599999999999365
1054 -2.594999999999936
1055 2.4050000000001086
1056 -2.6199999999999353
1057 -2.5749999999999362
1058 -2.5649999999999364
1059 -2.5749999999999362
1060 -2.5649999999999364
1061 -3.6449999999999134
1062 -2.584999999999936
1063 -3.6049999999999143
1064 -2.5699999999999363
1065 -2.579999999999936
1066 -2.5749999999999362
1067 -3.044999999999926
1068 -3.004999999999927
1069 -2.634999999999935
1070 -2.5649999999999364
1071 -2.614999999999936
1072 -3.6049999999999143
1073 -2.5999999999999357
1074 -2.6199999999999353
1075 -2.584999999999936
1076 -2.6649999999999343
1077 -0.4949999999999159
1078 -2.5499999999999368
1079 -35.71499999999978
1080 -14.500000000001226
1081 -2.534999999999937
1082 -3.619999999999914
1083 -2.5749999999999362
1084 -2.5999999999999357
1085 -2.649999999999935
1086 -2.5699999999999363
1087 -35.66999999999976
1088 -2.539999999999937
1089 -2.6499999999999346
1090 -0.16999999999991564
1091 -2.684999999999934
1092 -2.534999999999937
1093 -2.5249999999999373
1094 -0.1399999999999156
1095 -2.589999999999936
1096 -2.5499999999999368
1097 -2.6449999999999347
1098 -0.11499999999991559
1099 -0.1349999999999156
1100 -2.6749999999999345
1101 -35.934999999999896
1102 -0.08999999999991556
1103 -2.684999999999934
1104 -3.654999999999913
1105 -2.579999999999936
1106 -2.5999999999999357
1107 -2.594999999999936
1108 -2.624999999999935
1109 -3.0399999999999263
1110 -0.11499999999991559
1111 -2.564999999999937
1112 -2.5699999999999363
1113 -2.9849999999999275
1114 -2.594999999999936
1115 -2.594999999999936
1116 -2.5999999999999357
1117 -2.5199999999999374
1118 -2.9799999999999276
1119 -2.6949999999999337
1120 -2.9749999999999277
1121 -2.6199999999999353
1122 -3.5449999999999156
1123 -0.1299999999999156
1124 -0.10499999999991558
1125 -2.9349999999999286
1126 -0.07499999999991555
1127 -0.05499999999991555
1128 -2.7099999999999334
1129 -0.43999999999991585
1130 -2.504999999999938
1131 -2.594999999999936
1132 -2.6049999999999356
1133 -2.5499999999999368
1134 -2.6149999999999354
1135 -0.04499999999991999
1136 -2.6549999999999345
1137 -0.1349999999999156
1138 -2.6549999999999345
1139 -2.539999999999937
1140 -0.17999999999991564
1141 -2.6199999999999357
1142 -2.9949999999999273
1143 -2.5249999999999373
1144 -2.9949999999999273
1145 -2.544999999999937
1146 -2.5599999999999365
1147 -2.9899999999999274
1148 -2.5699999999999363
1149 -2.529999999999937
1150 -2.6499999999999346
1151 -0.039999999999915554
1152 -2.564999999999937
1153 -2.664999999999935
1154 -35.83999999999985
1155 -2.5999999999999357
1156 -2.954999999999928
1157 -2.6199999999999353
1158 -0.3649999999999188
1159 -2.6049999999999356
1160 -0.1349999999999598
1161 -3.0199999999999267
1162 -2.6099999999999355
1163 -2.5999999999999357
1164 -2.5599999999999365
1165 -2.5749999999999362
1166 -0.09999999999991557
1167 -2.6149999999999354
1168 -2.6299999999999355
1169 -35.86999999999986
1170 -2.634999999999935
1171 -2.9849999999999275
1172 -2.669999999999934
1173 -0.08999999999991556
1174 -35.464999999999655
1175 -2.624999999999935
1176 -2.6049999999999356
1177 -0.10999999999991558
1178 -3.5449999999999156
1179 -2.4749999999999384
1180 -2.544999999999937
1181 -2.5549999999999367
1182 -2.579999999999936
1183 -2.634999999999935
1184 -3.009999999999927
1185 -2.6449999999999347
1186 -2.579999999999936
1187 -3.5349999999999158
1188 -2.589999999999936
1189 -2.5749999999999362
1190 -2.6599999999999344
1191 -2.9949999999999273
1192 -2.5999999999999357
1193 -2.624999999999935
1194 -36.06499999999996
1195 -3.0349999999999264
1196 -2.5199999999999374
1197 -2.964999999999928
1198 -2.5699999999999363
1199 -2.594999999999936
1200 -2.589999999999936
1201 -2.624999999999935
1202 -2.6049999999999356
1203 -3.5999999999999144
1204 -2.534999999999937
1205 -2.5699999999999363
1206 -2.594999999999936
1207 -3.574999999999915
1208 -2.5599999999999365
1209 -2.5749999999999362
1210 -2.579999999999936
1211 -2.9449999999999283
1212 -2.544999999999937
1213 -2.579999999999936
1214 -2.589999999999936
1215 -2.5699999999999363
1216 -3.609999999999914
1217 -2.5699999999999363
1218 -0.17499999999991564
1219 -2.499999999999938
1220 -2.9949999999999273
1221 -3.619999999999914
1222 -2.6099999999999355
1223 -2.629999999999935
1224 -2.534999999999937
1225 -2.5499999999999368
1226 -3.624999999999914
1227 -2.5599999999999365
1228 -2.669999999999934
1229 -0.07499999999991555
1230 -2.594999999999936
1231 -2.639999999999935
1232 -2.9349999999999286
1233 -2.5499999999999368
1234 -0.02999999999991556
1235 -2.9949999999999273
1236 -2.9949999999999273
1237 -2.629999999999935
1238 -35.7449999999998
1239 4.924999999999757
1240 -2.9949999999999273
1241 -2.5699999999999363
1242 -2.5049999999999377
1243 -2.5999999999999357
1244 -2.579999999999936
1245 -2.9349999999999286
1246 -2.589999999999936
1247 -2.5599999999999365
1248 -2.5699999999999363
1249 -2.5699999999999363
1250 -2.624999999999935
1251 -2.594999999999936
1252 -2.6499999999999346
1253 -3.624999999999914
1254 -2.6499999999999346
1255 -2.5849999999999365
1256 -2.9899999999999274
1257 -2.5599999999999365
1258 -2.9299999999999287
1259 -3.049999999999926
1260 -2.624999999999935
1261 -2.529999999999937
1262 -2.6949999999999337
1263 -0.09999999999991557
1264 -2.634999999999935
1265 -2.6149999999999354
1266 -2.5399999999999374
1267 -2.5599999999999365
1268 -2.6199999999999353
1269 -2.9849999999999275
1270 -2.6549999999999345
1271 -0.10999999999991558
1272 -2.6449999999999347
1273 -2.9749999999999277
1274 -2.679999999999934
1275 -35.82999999999984
1276 -2.9799999999999276
1277 -2.624999999999935
1278 -2.6699999999999346
1279 -2.5149999999999375
1280 -2.639999999999935
1281 -2.5199999999999374
1282 -2.9399999999999284
1283 -2.6149999999999354
1284 -2.589999999999936
1285 -2.9499999999999282
1286 -2.9849999999999275
1287 -35.67499999999976
1288 -35.51999999999968
1289 -2.5049999999999377
1290 -0.039999999999915554
1291 -2.584999999999936
1292 -2.6049999999999356
1293 -2.634999999999935
1294 -2.6049999999999356
1295 -3.059999999999926
1296 -0.1449999999999156
1297 -0.014999999999915557
1298 -3.004999999999927
1299 -2.534999999999937
1300 -2.9249999999999288
1301 -2.5199999999999374
1302 -0.09999999999991557
1303 -2.9399999999999284
1304 -0.11999999999991559
1305 -3.6849999999999126
1306 -2.634999999999935
1307 -2.579999999999936
1308 -2.5599999999999365
1309 -0.07999999999991556
1310 -2.684999999999934
1311 -2.9949999999999273
1312 -2.5999999999999357
1313 -2.5999999999999357
1314 -2.589999999999936
1315 -2.6049999999999356
1316 -2.5499999999999368
1317 -2.639999999999935
1318 -2.9799999999999276
1319 -2.5199999999999374
1320 -35.48999999999967
1321 -2.6199999999999353
1322 -2.539999999999937
1323 -3.619999999999914
1324 -0.039999999999915554
1325 -3.0199999999999267
1326 -0.4999999999999159
1327 -2.964999999999928
1328 -2.5199999999999374
1329 -3.0199999999999267
1330 -35.84999999999985
1331 -2.5249999999999373
1332 -2.589999999999936
1333 -0.06999999999991555
1334 -2.9399999999999284
1335 -2.594999999999936
1336 -2.6199999999999353
1337 -0.12999999999991582
1338 -0.10999999999991558
1339 -2.5999999999999357
1340 -2.689999999999935
1341 -2.629999999999935
1342 -2.6149999999999354
1343 -3.014999999999927
1344 -2.629999999999935
1345 -2.9899999999999274
1346 -0.08499999999991574
1347 -2.964999999999928
1348 -2.5099999999999376
1349 -2.8999999999999293
1350 -2.579999999999936
1351 -2.6149999999999354
1352 -2.634999999999935
1353 -2.5999999999999357
1354 -0.11999999999991559
1355 -2.5149999999999375
1356 -2.6599999999999344
1357 -2.9749999999999277
1358 -2.6449999999999347
1359 -0.05499999999991555
1360 -2.6099999999999355
1361 -2.6049999999999356
1362 -2.6149999999999354
1363 -2.6499999999999346
1364 2.480000000000107
1365 2.3650000000001095
1366 -0.07999999999991578
1367 -2.5999999999999357
1368 -2.624999999999935
1369 -0.17499999999991564
1370 -3.564999999999915
1371 -2.954999999999928
1372 -2.534999999999937
1373 -2.6499999999999346
1374 -3.0799999999999255
1375 -2.589999999999936
1376 -2.5199999999999374
1377 -2.969999999999928
1378 -2.634999999999935
1379 -2.6399999999999357
1380 -2.654999999999935
1381 -3.0699999999999257
1382 -2.589999999999936
1383 -2.9399999999999284
1384 -2.5999999999999357
1385 -2.5749999999999362
1386 -2.6149999999999354
1387 -2.9499999999999282
1388 -35.78499999999982
1389 -2.5199999999999374
1390 -2.964999999999928
1391 -35.88999999999987
1392 -2.6049999999999356
1393 -2.5699999999999363
1394 -2.5749999999999362
1395 -2.5649999999999364
1396 -2.624999999999935
1397 -2.9849999999999275
1398 -2.6199999999999353
1399 -2.5649999999999364
1400 -3.0399999999999263
1401 -2.6549999999999345
1402 -2.529999999999937
1403 -2.5599999999999365
1404 -2.5249999999999373
1405 -0.15999999999991563
1406 -2.5699999999999363
1407 -2.594999999999936
1408 -0.06499999999991554
1409 -3.659999999999913
1410 -2.6649999999999343
1411 -2.5799999999999366
1412 -2.634999999999935
1413 -2.589999999999936
1414 -0.06499999999991576
1415 -2.629999999999935
1416 -2.5549999999999367
1417 -2.5499999999999368
1418 -2.914999999999929
1419 -0.039999999999915554
1420 -2.5699999999999363
1421 -2.579999999999936
1422 -2.6149999999999354
1423 2.390000000000109
1424 -2.5649999999999364
1425 -2.9749999999999277
1426 -2.964999999999928
1427 -3.624999999999914
1428 -2.579999999999936
1429 -2.584999999999936
1430 -2.5199999999999374
1431 -2.6099999999999355
1432 -2.5099999999999376
1433 -2.6199999999999353
1434 -2.6449999999999347
1435 -2.5599999999999365
1436 -2.6449999999999347
1437 -2.5699999999999363
1438 -2.584999999999936
1439 -3.569999999999915
1440 -2.584999999999936
1441 -2.674999999999934
1442 -0.1349999999999156
1443 -2.5049999999999377
1444 -2.919999999999929
1445 -2.539999999999937
1446 -2.6199999999999353
1447 -0.08499999999991556
1448 -2.5599999999999365
1449 -2.589999999999936
1450 -2.5749999999999367
1451 -2.624999999999935
1452 -35.84999999999985
1453 -0.44999999999991586
1454 -2.5249999999999373
1455 -2.5199999999999374
1456 -2.964999999999928
1457 -2.624999999999935
1458 -2.9299999999999287
1459 -2.9949999999999273
1460 -3.0299999999999265
1461 -2.624999999999935
1462 -3.054999999999926
1463 -35.84999999999985
1464 -2.9849999999999275
1465 -2.624999999999935
1466 -2.669999999999934
1467 -2.9349999999999286
1468 -2.584999999999936
1469 -3.7299999999999116
1470 -2.5649999999999364
1471 -2.9299999999999287
1472 -2.634999999999935
1473 -0.1449999999999156
1474 -2.6149999999999354
1475 -35.794999999999824
1476 -3.654999999999913
1477 -21.064999999999596
1478 -2.6099999999999355
1479 -2.6199999999999353
1480 -2.534999999999937
1481 -3.0349999999999264
1482 -2.5599999999999365
1483 -2.5999999999999357
1484 -0.02999999999991556
1485 -2.5599999999999365
1486 -2.584999999999936
1487 -3.044999999999926
1488 -2.584999999999936
1489 -2.624999999999935
1490 -2.539999999999937
1491 -2.579999999999936
1492 -2.5699999999999363
1493 -2.9349999999999286
1494 -2.584999999999936
1495 -2.5549999999999367
1496 -2.6199999999999353
1497 2.3650000000001095
1498 -35.754999999999804
1499 -2.584999999999936
1500 -35.88499999999987
1501 -2.5049999999999377
1502 -2.5999999999999357
1503 -3.669999999999913
1504 -2.534999999999937
1505 -2.589999999999936
1506 -2.489999999999938
1507 -2.5749999999999362
1508 -3.6799999999999127
1509 -2.584999999999936
1510 -2.674999999999934
1511 -2.589999999999936
1512 -2.6749999999999345
1513 -2.584999999999936
1514 -2.6149999999999354
1515 -2.6049999999999356
1516 -0.1299999999999156
1517 -2.9849999999999275
1518 -2.544999999999937
1519 -2.9899999999999274
1520 -2.6049999999999356
1521 -2.584999999999936
1522 -2.6449999999999347
1523 -0.07499999999991555
1524 -2.6999999999999336
1525 -2.6149999999999354
1526 -3.004999999999927
1527 -2.5949999999999362
1528 -2.6199999999999353
1529 -2.679999999999934
1530 -0.02999999999991556
1531 -2.6049999999999356
1532 -0.04499999999991555
1533 -35.65499999999975
1534 -2.5699999999999363
1535 -2.6149999999999354
1536 -2.6199999999999353
1537 -2.654999999999935
1538 -2.6149999999999354
1539 -2.5749999999999362
1540 -2.584999999999936
1541 -2.6199999999999353
1542 -2.5999999999999357
1543 -2.5549999999999367
1544 -2.6649999999999343
1545 -0.10499999999991558
1546 -2.634999999999935
1547 -2.5549999999999367
1548 -2.579999999999936
1549 -2.969999999999928
1550 -2.5749999999999362
1551 -3.614999999999914
1552 -0.06999999999991555
1553 -2.634999999999935
1554 -2.5749999999999362
1555 -2.589999999999936
1556 -2.6899999999999356
1557 -2.594999999999936
1558 -2.6149999999999354
1559 -2.9349999999999286
1560 -2.669999999999934
1561 -2.6649999999999343
1562 -2.6049999999999356
1563 -0.09999999999991557
1564 -3.0249999999999266
1565 -2.5749999999999362
1566 -2.579999999999936
1567 -2.579999999999936
1568 -3.6449999999999134
1569 -2.6049999999999356
1570 -2.594999999999936
1571 -2.9749999999999277
1572 -2.544999999999937
1573 -2.6049999999999356
1574 -3.6449999999999134
1575 -2.5099999999999376
1576 -2.5649999999999364
1577 -2.6049999999999356
1578 -2.5599999999999365
1579 -2.5599999999999365
1580 -2.5499999999999368
1581 -2.5649999999999364
1582 -2.5549999999999367
1583 -2.6149999999999354
1584 -2.674999999999935
1585 -1.0999999999999142
1586 -0.08999999999991556
1587 -0.12499999999991582
1588 -2.529999999999937
1589 -2.594999999999936
1590 -2.6649999999999343
1591 -3.574999999999915
1592 -2.544999999999937
1593 -2.589999999999936
1594 -2.6199999999999353
1595 -2.6099999999999355
1596 -2.534999999999937
1597 -35.994999999999926
1598 -2.6049999999999356
1599 -2.6499999999999346
1600 -2.5699999999999363
1601 -3.0249999999999266
1602 -2.6549999999999345
1603 -2.584999999999936
1604 -2.629999999999935
1605 -0.05499999999991555
1606 -2.619999999999936
1607 -2.9249999999999288
1608 -2.5699999999999363
1609 -3.664999999999913
1610 -0.09499999999991557
1611 -2.5699999999999363
1612 -2.5549999999999367
1613 -2.534999999999937
1614 -2.529999999999937
1615 -2.594999999999936
1616 -2.624999999999935
1617 -2.6149999999999354
1618 -35.88499999999987
1619 -2.5599999999999365
1620 -2.5049999999999377
1621 -2.589999999999936
1622 -2.529999999999937
1623 -0.17999999999991564
1624 -2.5549999999999367
1625 -2.639999999999935
1626 -2.8999999999999293
1627 -2.629999999999935
1628 -2.539999999999937
1629 -2.5749999999999362
1630 -2.489999999999938
1631 -2.589999999999936
1632 -2.5999999999999357
1633 -2.639999999999935
1634 -3.324999999999921
1635 -2.6649999999999343
1636 -2.5699999999999363
1637 -0.04499999999991644
1638 -2.589999999999936
1639 -2.6199999999999357
1640 -2.5649999999999364
1641 -3.0199999999999267
1642 -2.704999999999936
1643 -2.624999999999935
1644 -2.594999999999936
1645 -3.609999999999914
1646 -2.634999999999935
1647 -3.044999999999926
1648 -2.9949999999999273
1649 -2.6199999999999353
1650 -2.5749999999999362
1651 -0.04999999999991555
1652 -2.5249999999999373
1653 -2.5699999999999363
1654 -2.539999999999937
1655 -2.539999999999937
1656 -2.6199999999999353
1657 -1.1299999999999135
1658 -2.5699999999999363
1659 -2.5199999999999374
1660 -2.6149999999999354
1661 -0.07499999999991555
1662 -2.999999999999927
1663 -2.5049999999999377
1664 0.015000000000084446
1665 -2.6049999999999356
1666 -2.534999999999937
1667 -2.9849999999999275
1668 -0.14999999999991562
1669 -2.624999999999935
1670 -2.589999999999936
1671 -35.679999999999765
1672 -2.624999999999935
1673 -2.5649999999999364
1674 -2.5499999999999368
1675 -3.0249999999999266
1676 -2.5999999999999357
1677 -2.5249999999999373
1678 -2.6099999999999355
1679 -2.594999999999936
1680 -2.4649999999999386
1681 -2.5749999999999362
1682 -2.5149999999999375
1683 -0.09999999999991557
1684 -0.059999999999915545
1685 -2.634999999999935
1686 2.3650000000001095
1687 -3.0799999999999255
1688 -2.5849999999999365
1689 -2.6099999999999355
1690 -3.009999999999927
1691 -2.584999999999936
1692 -2.954999999999928
1693 -2.919999999999929
1694 -2.5199999999999374
1695 -2.5549999999999367
1696 -2.5099999999999376
1697 -2.6599999999999344
1698 -2.9849999999999275
1699 -2.489999999999938
1700 -2.6649999999999343
1701 -2.6249999999999356
1702 -2.544999999999937
1703 -2.919999999999929
1704 -2.579999999999936
1705 -2.5499999999999368
1706 -3.654999999999913
1707 -2.6749999999999345
1708 -2.629999999999935
1709 -2.9449999999999283
1710 -2.594999999999936
1711 -2.634999999999935
1712 -2.5199999999999374
1713 -3.484999999999917
1714 -2.634999999999935
1715 -2.6499999999999346
1716 -2.6149999999999354
1717 -2.624999999999935
1718 -1.1599999999999129
1719 -2.9949999999999273
1720 -2.579999999999936
1721 -2.544999999999937
1722 -3.0249999999999266
1723 -2.5849999999999365
1724 -2.6049999999999356
1725 -2.909999999999929
1726 -2.9349999999999286
1727 -2.5699999999999363
1728 -2.584999999999936
1729 -0.11499999999991557
1730 -35.76499999999981
1731 -2.6049999999999356
1732 -35.639999999999745
1733 -2.5199999999999374
1734 -2.5949999999999362
1735 -2.534999999999937
1736 -2.624999999999935
1737 -2.539999999999937
1738 -0.039999999999915554
1739 -2.6099999999999355
1740 -2.9499999999999282
1741 -2.579999999999936
1742 0.005000000000084445
1743 -2.6149999999999354
1744 -35.69499999999977
1745 -2.534999999999937
1746 -2.6049999999999356
1747 -2.494999999999938
1748 -2.579999999999936
1749 -2.5699999999999363
1750 -2.5749999999999362
1751 -2.8999999999999293
1752 -2.6199999999999353
1753 -2.534999999999937
1754 -3.664999999999913
1755 -3.669999999999913
1756 -2.579999999999936
1757 -2.674999999999934
1758 -0.08499999999991556
1759 -2.629999999999936
1760 -2.9749999999999277
1761 -2.6599999999999344
1762 -2.589999999999936
1763 -2.6349999999999354
1764 -2.5999999999999357
1765 -3.004999999999927
1766 -3.014999999999927
1767 -2.5649999999999364
1768 -2.534999999999937
1769 -2.5999999999999357
1770 -2.5999999999999357
1771 -2.754999999999934
1772 -3.054999999999926
1773 -2.5649999999999364
1774 -2.689999999999934
1775 -2.599999999999936
1776 -2.624999999999935
1777 -2.594999999999936
1778 -2.539999999999937
1779 -2.6199999999999353
1780 -0.11499999999991581
1781 -35.51999999999968
1782 -3.574999999999915
1783 -2.5549999999999367
1784 -2.6649999999999343
1785 -2.6199999999999353
1786 -2.6649999999999343
1787 -2.6499999999999346
1788 -2.5999999999999357
1789 -3.6449999999999134
1790 -2.5699999999999363
1791 -0.09999999999991557
1792 -2.6049999999999356
1793 -2.6899999999999338
1794 -2.579999999999936
1795 -3.5949999999999145
1796 -2.5749999999999367
1797 -2.629999999999935
1798 -2.6499999999999346
1799 -2.5199999999999374
1800 -2.6649999999999343
1801 -0.06499999999991554
1802 -2.6049999999999356
1803 -2.584999999999936
1804 -0.11499999999991559
1805 -0.08499999999991556
1806 -2.9249999999999288
1807 -3.614999999999914
1808 -0.08999999999991556
1809 -2.584999999999936
1810 -0.08499999999991556
1811 -0.4799999999999159
1812 -3.6299999999999137
1813 -2.594999999999936
1814 -2.5599999999999365
1815 -2.6049999999999356
1816 -2.6199999999999353
1817 -2.5199999999999374
1818 -0.11999999999991559
1819 -2.5999999999999357
1820 -2.539999999999937
1821 -0.11999999999991559
1822 -2.6049999999999356
1823 -2.5999999999999357
1824 -3.6449999999999134
1825 -2.629999999999935
1826 -2.6649999999999343
1827 4.970000000000086
1828 -2.634999999999935
1829 -2.629999999999935
1830 -35.65499999999975
1831 -2.6099999999999355
1832 -35.61499999999973
1833 -2.9749999999999277
1834 -2.6049999999999356
1835 -2.6099999999999355
1836 -2.9349999999999286
1837 -2.539999999999937
1838 -2.5999999999999357
1839 -2.639999999999935
1840 -2.539999999999937
1841 -35.84499999999985
1842 -3.6049999999999143
1843 -0.16999999999991564
1844 -2.5549999999999367
1845 -0.04999999999991555
1846 -2.539999999999937
1847 -2.5999999999999357
1848 -2.5599999999999365
1849 -3.0249999999999266
1850 -2.6449999999999347
1851 -2.6149999999999354
1852 -0.08999999999991556
1853 -2.579999999999936
1854 -2.629999999999935
1855 -2.639999999999935
1856 -2.9899999999999274
1857 -2.6449999999999347
1858 -2.9349999999999286
1859 -2.584999999999936
1860 -0.09499999999991557
1861 -2.539999999999937
1862 -0.06999999999991555
1863 -3.5499999999999154
1864 -2.6399999999999353
1865 -2.584999999999937
1866 -2.6199999999999353
1867 -2.6099999999999355
1868 -2.6199999999999353
1869 2.4950000000001067
1870 -3.5949999999999145
1871 -2.5999999999999357
1872 -2.6049999999999356
1873 2.4100000000001085
1874 -2.5599999999999365
1875 -0.16999999999991564
1876 -2.579999999999936
1877 -0.4749999999999159
1878 -2.579999999999936
1879 -0.10999999999991558
1880 -2.5199999999999374
1881 -2.5249999999999373
1882 -2.5499999999999368
1883 -3.044999999999926
1884 -0.09499999999991557
1885 -0.02499999999991578
1886 -0.03499999999991556
1887 -0.4699999999999159
1888 -2.999999999999927
1889 -2.959999999999928
1890 -2.5749999999999362
1891 -0.059999999999915545
1892 -35.88499999999987
1893 -2.6549999999999345
1894 -0.04499999999991555
1895 -2.529999999999937
1896 -36.00499999999993
1897 -2.9949999999999273
1898 -35.80499999999983
1899 -2.5099999999999376
1900 -3.6499999999999133
1901 -2.5699999999999363
1902 -2.579999999999936
1903 -2.5999999999999357
1904 -2.6499999999999346
1905 -2.5549999999999367
1906 -2.534999999999937
1907 -2.634999999999935
1908 -2.5199999999999374
1909 -2.909999999999929
1910 2.465000000000063
1911 -2.6099999999999355
1912 -2.679999999999934
1913 -3.5999999999999144
1914 -2.584999999999936
1915 -2.5999999999999357
1916 -2.5749999999999362
1917 -2.584999999999936
1918 -2.6199999999999353
1919 -2.6499999999999346
1920 -2.5099999999999376
1921 -2.579999999999936
1922 -35.70499999999978
1923 -2.5499999999999368
1924 -2.5099999999999376
1925 -2.5749999999999362
1926 -2.5249999999999373
1927 -3.5899999999999146
1928 -2.9399999999999284
1929 -2.594999999999936
1930 -2.5199999999999374
1931 -2.544999999999937
1932 -3.0299999999999265
1933 -2.629999999999935
1934 -2.5999999999999357
1935 -2.639999999999935
1936 -2.539999999999937
1937 -2.5099999999999376
1938 -2.6199999999999353
1939 -2.5999999999999357
1940 -3.0799999999999255
1941 -1.1299999999999135
1942 -14.345000000000812
1943 -2.614999999999936
1944 -0.1299999999999156
1945 -2.614999999999936
1946 -2.6049999999999356
1947 -1.109999999999914
1948 -2.9899999999999274
1949 -2.8999999999999293
1950 -2.594999999999936
1951 -2.5649999999999364
1952 -2.544999999999937
1953 -2.5699999999999372
1954 -2.5249999999999373
1955 -2.629999999999935
1956 -2.5599999999999365
1957 -0.07499999999991555
1958 -2.6499999999999346
1959 -2.639999999999935
1960 -2.589999999999936
1961 -2.5649999999999364
1962 -2.6199999999999353
1963 -2.7349999999999337
1964 -35.69499999999977
1965 -2.584999999999936
1966 -2.5549999999999367
1967 -0.08999999999991556
1968 -2.5749999999999367
1969 -2.5749999999999362
1970 -2.7099999999999334
1971 -0.09499999999991557
1972 -2.5549999999999367
1973 -2.9249999999999288
1974 -2.6449999999999347
1975 -2.6499999999999346
1976 -3.0399999999999263
1977 -3.669999999999913
1978 -2.534999999999937
1979 2.380000000000109
1980 -2.5749999999999362
1981 -0.12499999999994224
1982 -2.5649999999999364
1983 -2.5999999999999357
1984 -2.5599999999999365
1985 -0.07499999999991555
1986 -2.6449999999999347
1987 -0.11999999999991559
1988 -2.584999999999936
1989 -2.6999999999999336
1990 -0.10499999999991558
1991 -2.5749999999999362
1992 -2.634999999999935
1993 -2.669999999999936
1994 -35.66499999999976
1995 -2.584999999999936
1996 -2.634999999999935
1997 -2.589999999999936
1998 -2.5749999999999362
1999 -2.5049999999999377
5545.4667427539825
