0 -7.719999999999871
1 -7.799999999999869
2 -7.839999999999868
3 -7.624999999999873
4 -7.569999999999874
5 -7.74999999999987
6 -7.659999999999872
7 -7.639999999999873
8 -7.699999999999871
9 -7.77999999999987
10 -7.6499999999998725
11 -7.794999999999869
12 -7.579999999999874
13 -7.519999999999875
14 -7.679999999999872
15 -7.699999999999871
16 -7.5549999999998745
17 -7.7399999999998705
18 -7.819999999999869
19 -7.569999999999874
20 -7.5999999999998735
21 -7.709999999999871
22 -7.709999999999871
23 -7.539999999999875
24 -7.4599999999998765
25 -7.559999999999874
26 -5.26999999999987
27 -7.689999999999872
28 -7.699999999999871
29 -7.7899999999998695
30 -7.659999999999872
31 -7.6949999999998715
32 -7.839999999999868
33 -7.809999999999869
34 -7.544999999999875
35 -7.524999999999875
36 -5.134999999999873
37 -7.539999999999875
38 -7.714999999999871
39 -7.669999999999872
40 -7.674999999999872
41 -7.534999999999875
42 -7.549999999999875
43 -7.664999999999872
44 -7.514999999999875
45 -7.489999999999875
46 -7.809999999999869
47 -7.719999999999871
48 -7.77999999999987
49 -7.699999999999871
50 -7.594999999999874
51 -6.804999999999887
52 -7.559999999999874
53 -7.704999999999871
54 -7.594999999999874
55 -2.6299999999998724
56 -7.794999999999869
57 -7.579999999999874
58 -7.524999999999875
59 -7.2349999999998795
60 -7.594999999999874
61 -6.174999999999897
62 -7.344999999999876
63 -7.404999999999877
64 -6.344999999999893
65 -7.364999999999877
66 -6.024999999999901
67 -7.594999999999873
68 -6.744999999999888
69 -7.359999999999876
70 -1.0199999999999245
71 -4.684999999999918
72 -3.3999999999999315
73 -3.619999999999928
74 -1.539999999999921
75 -4.279999999999924
76 -4.6649999999999165
77 -4.004999999999926
78 -3.8099999999999272
79 -3.629999999999927
80 -2.7099999999999342
81 -2.6049999999999356
82 -2.634999999999936
83 -2.954999999999935
84 -2.614999999999936
85 -3.514999999999929
86 -3.3849999999999305
87 -2.644999999999935
88 -0.15499999999991562
89 -2.6599999999999344
90 -1.014999999999924
91 -3.444999999999929
92 -3.0499999999999345
93 -2.5999999999999357
94 -2.5649999999999364
95 -2.6399999999999353
96 -3.0399999999999316
97 2.3250000000001103
98 -3.434999999999929
99 -2.6649999999999343
100 -0.2199999999999168
101 -2.5249999999999373
102 -3.2899999999999303
103 -2.624999999999936
104 -2.624999999999935
105 -2.674999999999934
106 -2.7199999999999345
107 -2.7049999999999366
108 -2.679999999999934
109 -2.6249999999999356
110 -2.684999999999935
111 -2.704999999999935
112 -2.6849999999999348
113 -2.589999999999936
114 -2.8749999999999343
115 -2.494999999999938
116 -2.5749999999999362
117 -2.8349999999999325
118 -2.7049999999999335
119 -2.7599999999999345
120 -2.7399999999999354
121 -2.6199999999999353
122 -2.594999999999936
123 -2.584999999999936
124 -2.6549999999999345
125 -2.6899999999999338
126 -2.7549999999999324
127 -3.3049999999999313
128 -2.654999999999936
129 -2.5049999999999377
130 -2.5149999999999375
131 -2.699999999999935
132 -2.6249999999999356
133 -2.629999999999935
134 -2.6999999999999353
135 -3.47499999999993
136 -3.194999999999933
137 -2.7099999999999334
138 -2.5849999999999365
139 -2.6599999999999344
140 -2.714999999999935
141 -2.989999999999933
142 -2.6799999999999344
143 -2.594999999999936
144 -2.5849999999999365
145 -2.669999999999935
146 -2.5599999999999365
147 -0.11999999999991559
148 -2.6549999999999345
149 -2.669999999999935
150 -2.9599999999999316
151 -2.529999999999937
152 -2.6099999999999364
153 -2.699999999999934
154 -0.04999999999991555
155 -2.584999999999936
156 -2.6699999999999355
157 -2.539999999999937
158 -2.584999999999936
159 -2.5499999999999368
160 -2.5149999999999375
161 -2.6749999999999345
162 -2.6099999999999355
163 -2.669999999999934
164 -2.6449999999999347
165 -0.2049999999999159
166 -2.6649999999999365
167 -0.37999999999991757
168 -2.6549999999999345
169 -3.0349999999999326
170 -2.534999999999937
171 -2.7149999999999337
172 -2.6449999999999347
173 -2.6949999999999346
174 -2.8199999999999332
175 -2.6249999999999356
176 -2.5699999999999363
177 -2.6199999999999353
178 -2.6649999999999343
179 -2.6199999999999357
180 -2.539999999999937
181 -2.5199999999999374
182 -0.07999999999991556
183 -2.5549999999999367
184 -3.134999999999931
185 -2.624999999999935
186 -2.584999999999936
187 -0.059999999999915545
188 -2.6699999999999346
189 -2.6399999999999353
190 -2.6299999999999355
191 -2.6599999999999344
192 -2.6849999999999343
193 -2.539999999999937
194 -2.594999999999936
195 -2.609999999999936
196 -2.7549999999999333
197 -2.5749999999999362
198 -2.5549999999999367
199 -2.544999999999937
200 -2.699999999999935
201 -2.5699999999999363
202 -3.1049999999999334
203 -2.6599999999999353
204 -2.584999999999936
205 -2.644999999999935
206 -2.984999999999931
207 -2.5649999999999364
208 -2.7799999999999336
209 -2.6099999999999355
210 -2.6149999999999354
211 -3.31999999999993
212 -2.854999999999934
213 -2.669999999999934
214 -2.6199999999999357
215 -2.634999999999935
216 -2.669999999999934
217 -2.7249999999999344
218 -2.789999999999934
219 -2.6549999999999345
220 -2.604999999999936
221 -2.799999999999935
222 -2.5749999999999362
223 -2.5649999999999364
224 -2.629999999999935
225 -2.6449999999999347
226 -2.6649999999999348
227 -2.6549999999999354
228 -2.6199999999999353
229 -2.594999999999936
230 -0.14999999999991562
231 -2.5999999999999357
232 -2.6099999999999355
233 -3.154999999999934
234 -2.594999999999936
235 -3.179999999999931
236 -2.684999999999936
237 -2.5699999999999363
238 -2.694999999999936
239 -2.634999999999935
240 -2.609999999999937
241 -2.6199999999999357
242 -2.579999999999936
243 -0.1249999999999167
244 -2.589999999999936
245 -2.6049999999999356
246 -2.6699999999999346
247 -2.589999999999936
248 -2.6999999999999362
249 -2.544999999999937
250 -2.6599999999999344
251 -2.6099999999999355
252 -2.634999999999935
253 -2.7849999999999344
254 -2.6049999999999356
255 -2.659999999999935
256 -2.5749999999999362
257 -2.6499999999999346
258 -2.649999999999935
259 -2.624999999999935
260 -2.629999999999935
261 -2.5999999999999357
262 -2.5999999999999357
263 -2.629999999999935
264 -2.639999999999935
265 -2.859999999999934
266 -2.594999999999936
267 -2.7149999999999346
268 -2.609999999999936
269 -2.9349999999999343
270 -2.6999999999999362
271 -2.5699999999999363
272 -0.1349999999999156
273 -0.1399999999999156
274 -2.579999999999936
275 -2.5999999999999357
276 -2.5699999999999363
277 -2.6149999999999354
278 -2.594999999999936
279 -2.6199999999999353
280 -2.639999999999935
281 -0.06999999999991555
282 -2.6049999999999356
283 -2.5999999999999357
284 -2.5699999999999363
285 -2.8849999999999327
286 -2.6199999999999353
287 -2.6499999999999346
288 -2.624999999999935
289 -2.639999999999935
290 -2.6149999999999354
291 -2.5649999999999364
292 -2.8149999999999338
293 -0.06999999999991553
294 -2.689999999999934
295 -2.5949999999999367
296 -3.1149999999999336
297 -2.5249999999999373
298 -2.6049999999999356
299 -2.629999999999935
300 -0.6999999999999189
301 -2.5799999999999366
302 -2.704999999999935
303 -2.5649999999999364
304 -2.5949999999999362
305 -2.644999999999935
306 -2.629999999999935
307 -2.679999999999934
308 -2.609999999999936
309 -2.5699999999999363
310 -2.5749999999999362
311 -2.6049999999999356
312 -3.1199999999999344
313 -2.829999999999933
314 -2.6149999999999354
315 -2.624999999999935
316 -2.6099999999999355
317 -2.6599999999999344
318 -2.584999999999936
319 -2.6749999999999345
320 -2.624999999999935
321 -2.8699999999999353
322 -2.599999999999936
323 -2.9999999999999343
324 -2.6449999999999356
325 -2.7149999999999337
326 -2.5699999999999363
327 -2.6149999999999354
328 -2.604999999999937
329 -2.5149999999999375
330 -2.6449999999999347
331 -2.744999999999934
332 -2.6849999999999343
333 -2.6499999999999364
334 -2.624999999999935
335 -2.9549999999999326
336 -0.11499999999991559
337 -2.584999999999936
338 -2.544999999999937
339 -2.5749999999999362
340 -2.5899999999999364
341 -2.609999999999936
342 -2.5999999999999357
343 -2.644999999999935
344 -2.6049999999999356
345 -2.6149999999999354
346 -2.624999999999935
347 -2.6799999999999353
348 -2.5699999999999363
349 -2.5599999999999365
350 -2.629999999999935
351 -2.7599999999999354
352 -2.5749999999999362
353 -2.6049999999999356
354 -2.9299999999999358
355 -2.804999999999935
356 -2.579999999999936
357 -2.8049999999999344
358 -2.544999999999937
359 -2.5549999999999367
360 -2.5499999999999368
361 -2.709999999999935
362 -2.6299999999999355
363 -0.1449999999999156
364 -0.12999999999991582
365 -2.5749999999999362
366 -2.594999999999936
367 -2.6049999999999356
368 -2.644999999999935
369 -2.7149999999999332
370 -2.6599999999999344
371 -2.584999999999936
372 -2.5599999999999365
373 -2.8499999999999335
374 -2.599999999999936
375 -2.624999999999935
376 -2.684999999999934
377 -2.6199999999999353
378 -2.544999999999937
379 -2.669999999999934
380 -2.6949999999999346
381 -2.6099999999999355
382 -2.634999999999935
383 -2.5999999999999357
384 -2.6549999999999354
385 -2.6149999999999354
386 -2.5549999999999367
387 -2.7199999999999367
388 -2.634999999999935
389 -2.769999999999936
390 -0.494999999999921
391 -2.5749999999999362
392 -2.6449999999999347
393 -2.584999999999936
394 -2.584999999999937
395 -2.5199999999999374
396 -2.6049999999999356
397 -2.669999999999934
398 -2.6599999999999344
399 -2.584999999999936
400 -2.5649999999999364
401 -2.6299999999999355
402 -2.6149999999999354
403 -2.6149999999999354
404 -2.6499999999999346
405 -2.6599999999999344
406 -2.579999999999936
407 -0.1299999999999156
408 -2.639999999999935
409 -2.589999999999936
410 -2.629999999999935
411 -2.6099999999999355
412 -2.594999999999936
413 -2.5749999999999362
414 -2.5699999999999363
415 -2.639999999999935
416 -2.6099999999999355
417 -2.639999999999935
418 -2.689999999999935
419 -2.584999999999936
420 -2.589999999999936
421 -2.614999999999937
422 -2.929999999999934
423 -2.589999999999936
424 -2.5749999999999362
425 -2.5499999999999368
426 -2.584999999999936
427 -2.584999999999936
428 -2.6099999999999355
429 -2.579999999999936
430 -2.579999999999936
431 -2.6149999999999354
432 -2.579999999999936
433 -2.6449999999999347
434 -2.529999999999937
435 -2.5599999999999365
436 -2.7399999999999345
437 -2.6099999999999355
438 -2.6349999999999354
439 -2.609999999999936
440 2.1250000000001146
441 -2.589999999999936
442 -2.6049999999999356
443 -2.5649999999999364
444 -2.594999999999936
445 -2.6499999999999346
446 -2.579999999999936
447 -0.04499999999991555
448 -2.6099999999999355
449 -2.8949999999999334
450 -2.529999999999937
451 -2.594999999999936
452 -2.6499999999999346
453 -2.684999999999934
454 -2.6199999999999353
455 -2.5749999999999362
456 -2.5599999999999365
457 -2.669999999999934
458 -2.854999999999934
459 -2.584999999999936
460 -0.05499999999991555
461 -2.6899999999999338
462 -2.6149999999999354
463 -2.5699999999999363
464 -2.5899999999999372
465 -2.6399999999999353
466 -2.589999999999936
467 -2.6049999999999356
468 -2.6499999999999346
469 -2.544999999999937
470 -2.6949999999999337
471 -2.6099999999999355
472 -2.749999999999934
473 -2.5699999999999363
474 -2.624999999999935
475 -2.6049999999999356
476 -2.6199999999999353
477 -2.584999999999936
478 -0.15999999999991585
479 -2.604999999999936
480 -2.5699999999999363
481 -2.6349999999999363
482 -0.3149999999999182
483 -2.949999999999933
484 -2.544999999999937
485 -2.6449999999999347
486 -2.6099999999999355
487 -2.584999999999936
488 -2.6999999999999336
489 -2.669999999999934
490 -0.17999999999991564
491 -2.5599999999999365
492 -2.669999999999934
493 -2.6999999999999336
494 -2.669999999999936
495 -2.634999999999935
496 -2.6199999999999353
497 -2.6499999999999346
498 -2.639999999999935
499 -2.579999999999936
500 -2.674999999999934
501 -2.5699999999999363
502 -2.644999999999935
503 -2.6699999999999355
504 -2.584999999999936
505 -2.749999999999936
506 -0.059999999999915545
507 -2.6649999999999348
508 -2.8149999999999347
509 -0.14999999999991628
510 -2.624999999999935
511 -2.669999999999934
512 -2.864999999999933
513 -2.6149999999999354
514 -2.534999999999937
515 -2.639999999999935
516 -2.9299999999999335
517 -2.5999999999999357
518 -0.1399999999999156
519 -2.624999999999935
520 -2.6199999999999353
521 -2.529999999999937
522 -2.6249999999999356
523 -2.6549999999999345
524 -2.5699999999999363
525 -2.5499999999999368
526 -2.584999999999936
527 -2.6099999999999355
528 -2.6499999999999346
529 -2.634999999999935
530 -2.5699999999999363
531 -2.639999999999935
532 -2.6949999999999337
533 -2.544999999999937
534 -0.07499999999991555
535 -2.6199999999999353
536 -2.534999999999937
537 -2.5699999999999363
538 -2.5199999999999374
539 -2.5699999999999372
540 -2.5749999999999362
541 -2.634999999999935
542 -2.5249999999999373
543 -2.584999999999936
544 -2.659999999999935
545 -2.494999999999938
546 -2.634999999999935
547 -2.6549999999999345
548 -2.629999999999935
549 -2.6099999999999355
550 -2.6249999999999365
551 -2.629999999999935
552 -2.639999999999935
553 -2.5749999999999362
554 -2.589999999999936
555 -2.579999999999936
556 -2.6599999999999344
557 -2.6549999999999345
558 -2.6949999999999337
559 -2.494999999999938
560 -2.6149999999999354
561 -2.5949999999999362
562 -2.5699999999999363
563 -2.624999999999936
564 -2.6249999999999356
565 -2.659999999999935
566 -2.7949999999999346
567 -2.624999999999935
568 -0.15499999999991562
569 -2.539999999999937
570 -2.6549999999999345
571 -2.6899999999999338
572 -2.6549999999999354
573 -2.7249999999999344
574 -2.594999999999936
575 -2.5649999999999364
576 -2.6049999999999356
577 -0.09499999999991579
578 -2.634999999999935
579 -2.5549999999999367
580 -2.6399999999999353
581 -2.594999999999936
582 -2.6899999999999347
583 -2.604999999999936
584 -2.5549999999999367
585 -2.5999999999999357
586 -2.539999999999937
587 -0.08999999999991556
588 -2.529999999999937
589 -2.6049999999999356
590 -2.589999999999936
591 -2.679999999999934
592 -2.6499999999999346
593 -2.6549999999999345
594 -2.5749999999999362
595 -2.579999999999936
596 -2.579999999999936
597 -2.639999999999935
598 -2.624999999999935
599 -2.6099999999999355
600 -2.5749999999999362
601 -2.6599999999999344
602 -2.609999999999936
603 -2.5749999999999362
604 -2.5749999999999362
605 -2.6149999999999354
606 -2.604999999999936
607 -2.6499999999999346
608 -0.16499999999991585
609 -0.17999999999991564
610 -2.5499999999999368
611 -2.5149999999999375
612 -2.579999999999936
613 -2.6999999999999336
614 -2.539999999999937
615 -2.7349999999999337
616 -2.6499999999999346
617 -2.6199999999999353
618 -2.6549999999999345
619 -2.6399999999999357
620 -2.6199999999999353
621 -2.849999999999933
622 -2.529999999999937
623 -2.624999999999935
624 -2.539999999999937
625 -2.624999999999935
626 -2.7749999999999346
627 -2.629999999999935
628 -0.0999999999999158
629 -3.024999999999932
630 -2.624999999999935
631 -2.5749999999999362
632 -2.624999999999935
633 -2.594999999999936
634 -0.0999999999999158
635 -2.5999999999999357
636 -2.5699999999999363
637 -2.6999999999999336
638 -2.594999999999936
639 -2.579999999999936
640 -2.5499999999999368
641 -2.6199999999999353
642 -2.6449999999999347
643 -2.5649999999999364
644 -2.639999999999935
645 -2.629999999999935
646 -2.5649999999999364
647 -2.669999999999934
648 -2.7949999999999333
649 -2.5099999999999376
650 -2.6449999999999347
651 -2.814999999999935
652 -2.5699999999999363
653 -2.6149999999999354
654 -2.634999999999935
655 -2.634999999999935
656 -2.6099999999999355
657 -2.6199999999999353
658 -0.17499999999991564
659 -2.589999999999936
660 -2.7799999999999354
661 -2.759999999999935
662 -2.634999999999935
663 -2.5149999999999375
664 -2.579999999999936
665 -2.6449999999999347
666 -2.6099999999999355
667 -2.6099999999999355
668 -2.634999999999935
669 -2.639999999999935
670 -2.6149999999999354
671 -2.5699999999999363
672 -2.624999999999935
673 -2.534999999999937
674 -2.5149999999999375
675 -2.6549999999999345
676 -2.634999999999935
677 -2.5749999999999367
678 -2.539999999999937
679 -3.009999999999933
680 -2.529999999999937
681 -2.5749999999999362
682 -2.669999999999935
683 -2.6899999999999338
684 -2.5549999999999367
685 -2.6149999999999354
686 -2.6149999999999363
687 -2.624999999999935
688 -2.624999999999935
689 -2.6549999999999354
690 -2.624999999999935
691 -2.589999999999936
692 -2.5699999999999363
693 -2.5649999999999364
694 -0.03499999999991556
695 -2.6149999999999354
696 -2.569999999999937
697 -2.6149999999999354
698 -2.6149999999999354
699 -2.584999999999936
700 -2.6449999999999347
701 -0.08999999999991556
702 -2.589999999999936
703 -2.6099999999999355
704 -2.6099999999999355
705 -0.07999999999991556
706 -0.1249999999999156
707 -2.6999999999999336
708 -2.499999999999938
709 -2.649999999999935
710 -2.6999999999999353
711 -2.5549999999999367
712 -2.529999999999937
713 -2.544999999999937
714 -2.7299999999999343
715 -2.6899999999999347
716 -2.6599999999999357
717 -0.10999999999991558
718 -2.5249999999999373
719 -2.579999999999936
720 -2.6549999999999345
721 -2.589999999999936
722 -2.6099999999999355
723 -2.6099999999999355
724 -2.6049999999999356
725 -2.579999999999936
726 -2.819999999999935
727 -2.6049999999999356
728 -2.6449999999999347
729 -0.09999999999991557
730 -2.609999999999936
731 -2.639999999999935
732 -2.584999999999936
733 -2.6549999999999345
734 -2.584999999999936
735 -2.544999999999937
736 -2.534999999999937
737 -2.5999999999999375
738 -2.634999999999935
739 -2.6199999999999353
740 -2.5499999999999368
741 -2.6549999999999345
742 -2.629999999999935
743 -0.3199999999999173
744 -2.6649999999999343
745 -2.584999999999936
746 -2.6899999999999338
747 -2.674999999999934
748 -2.5699999999999363
749 -2.809999999999934
750 -2.7049999999999335
751 -2.844999999999934
752 -2.6849999999999348
753 -0.08999999999991556
754 -2.589999999999936
755 -2.624999999999935
756 -2.7199999999999354
757 -2.539999999999937
758 -2.629999999999935
759 -2.579999999999936
760 -2.5849999999999365
761 -0.11499999999991559
762 -2.634999999999935
763 -2.5749999999999362
764 -2.589999999999936
765 -2.589999999999936
766 -2.584999999999936
767 -2.6649999999999356
768 -2.6549999999999345
769 -2.6199999999999353
770 -2.6549999999999345
771 0.005000000000084445
772 -2.7399999999999327
773 -2.6199999999999353
774 -2.5249999999999373
775 -2.6149999999999354
776 -2.6149999999999354
777 -2.584999999999936
778 -2.6749999999999354
779 -2.5749999999999362
780 -2.5999999999999357
781 -2.5649999999999364
782 -2.639999999999935
783 -2.5999999999999357
784 -2.589999999999936
785 -2.6449999999999347
786 -2.6149999999999354
787 -2.6949999999999337
788 -2.5749999999999362
789 -2.7749999999999337
790 -2.6549999999999345
791 -2.539999999999937
792 -2.5599999999999365
793 -0.06999999999991555
794 -2.6149999999999354
795 -2.5999999999999357
796 -2.684999999999934
797 -0.17499999999991608
798 -2.584999999999936
799 -2.6549999999999354
800 -2.7299999999999347
801 -2.669999999999934
802 -2.5799999999999366
803 -2.8449999999999327
804 -2.764999999999933
805 -2.6049999999999356
806 -2.5199999999999374
807 -2.599999999999936
808 -2.6149999999999354
809 2.4600000000001074
810 -2.589999999999936
811 -2.6099999999999355
812 -2.639999999999935
813 -0.12999999999991582
814 -2.544999999999937
815 -2.579999999999936
816 -2.639999999999935
817 -2.6949999999999346
818 -2.6049999999999356
819 -2.8349999999999342
820 -2.754999999999936
821 -2.5749999999999362
822 -2.594999999999936
823 -2.6049999999999356
824 -2.659999999999935
825 -2.5999999999999357
826 -2.5499999999999368
827 -2.649999999999935
828 -2.5149999999999375
829 -2.5549999999999367
830 -2.579999999999936
831 -2.6099999999999355
832 -2.5699999999999363
833 -2.624999999999935
834 -2.534999999999937
835 -2.7149999999999364
836 -2.544999999999937
837 -2.584999999999936
838 -2.6649999999999343
839 -2.639999999999935
840 -2.624999999999935
841 -2.624999999999935
842 -2.5549999999999367
843 -2.5499999999999368
844 -2.594999999999936
845 -2.6199999999999353
846 -2.6099999999999355
847 -2.884999999999933
848 -0.0049999999999155555
849 -2.6099999999999355
850 -2.5849999999999373
851 -2.6049999999999356
852 -2.534999999999937
853 -2.624999999999935
854 -2.6049999999999356
855 -2.6099999999999355
856 -2.629999999999935
857 -2.544999999999937
858 -2.529999999999937
859 -2.7249999999999344
860 -2.589999999999936
861 -2.5499999999999368
862 -2.5899999999999364
863 -2.5649999999999364
864 -2.634999999999935
865 -2.6549999999999345
866 -2.5499999999999368
867 -2.5599999999999365
868 -2.639999999999935
869 -2.5599999999999365
870 -2.5499999999999368
871 -2.7549999999999355
872 -2.5149999999999375
873 -2.534999999999937
874 -2.594999999999936
875 -2.634999999999935
876 -2.6049999999999356
877 -2.6349999999999367
878 -2.5749999999999362
879 -2.6049999999999356
880 -0.15499999999991562
881 -2.5199999999999374
882 -2.5949999999999362
883 -2.579999999999936
884 -2.5549999999999367
885 -2.7399999999999327
886 -2.499999999999938
887 -2.6599999999999344
888 -2.5099999999999376
889 -0.04999999999991555
890 -2.5699999999999363
891 -2.5999999999999357
892 -2.6549999999999345
893 -2.6199999999999353
894 -2.5499999999999368
895 -2.5999999999999357
896 -2.629999999999935
897 -2.659999999999935
898 2.3650000000001095
899 -2.6149999999999354
900 -2.7449999999999344
901 -2.589999999999936
902 -2.5699999999999363
903 -2.624999999999935
904 -2.5649999999999364
905 -2.8349999999999342
906 -2.579999999999936
907 -2.6449999999999347
908 -0.03499999999991556
909 -2.6199999999999353
910 -2.584999999999936
911 -2.584999999999936
912 -2.6049999999999356
913 -2.639999999999935
914 -2.579999999999936
915 -2.529999999999937
916 -2.6199999999999353
917 -2.594999999999936
918 -0.14499999999991584
919 -2.674999999999934
920 -2.6199999999999353
921 -2.6649999999999343
922 -2.6349999999999363
923 -2.674999999999934
924 -2.579999999999936
925 -0.08999999999991556
926 -2.629999999999935
927 -2.634999999999936
928 -2.744999999999936
929 -2.539999999999937
930 -2.589999999999936
931 -2.8149999999999338
932 -2.674999999999934
933 -2.6199999999999353
934 -2.6049999999999356
935 -2.7099999999999334
936 -2.5749999999999362
937 -2.634999999999935
938 -2.5749999999999362
939 -2.6149999999999354
940 -2.634999999999935
941 -2.5999999999999357
942 -2.5999999999999357
943 -2.784999999999933
944 -2.6099999999999355
945 -0.039999999999915554
946 -2.584999999999936
947 -2.684999999999934
948 -2.5249999999999373
949 -2.7499999999999325
950 -2.6999999999999336
951 -2.5999999999999357
952 -2.5699999999999363
953 -2.6549999999999345
954 -2.539999999999937
955 -2.529999999999937
956 -2.624999999999935
957 -2.6149999999999354
958 -2.619999999999936
959 -2.6999999999999362
960 -2.594999999999936
961 -2.589999999999936
962 -2.594999999999936
963 -2.759999999999936
964 -2.5699999999999363
965 -2.6049999999999356
966 -2.679999999999934
967 -2.5649999999999364
968 -2.6449999999999347
969 -0.10999999999991558
970 -2.5599999999999365
971 -2.5549999999999367
972 -2.6449999999999347
973 -2.6049999999999356
974 -2.6099999999999355
975 -2.7049999999999352
976 -2.624999999999935
977 -2.6999999999999336
978 -2.584999999999936
979 -2.724999999999935
980 -2.5599999999999365
981 -0.30499999999991795
982 -2.649999999999935
983 -2.6149999999999354
984 -2.5499999999999368
985 -2.6449999999999347
986 -2.654999999999935
987 -2.6149999999999354
988 -2.674999999999934
989 -2.6599999999999344
990 -2.624999999999935
991 -2.6599999999999344
992 -2.5749999999999362
993 -2.5999999999999357
994 -2.5999999999999357
995 -2.649999999999935
996 -2.589999999999936
997 -2.5649999999999364
998 -2.584999999999936
999 -2.529999999999937
1000 -2.5199999999999374
1001 -0.08499999999991578
1002 -2.589999999999936
1003 -2.629999999999935
1004 -0.08499999999991556
1005 -0.16999999999991586
1006 -2.5549999999999367
1007 -2.624999999999935
1008 -2.6149999999999354
1009 -0.26999999999991675
1010 -2.5099999999999376
1011 -2.609999999999936
1012 -2.629999999999935
1013 -0.14999999999991562
1014 -2.5599999999999365
1015 -2.5749999999999362
1016 -2.6199999999999353
1017 -2.6949999999999354
1018 -0.07999999999991556
1019 -2.5999999999999357
1020 -2.6099999999999355
1021 -2.7299999999999343
1022 -2.634999999999935
1023 -2.5999999999999357
1024 -2.6049999999999356
1025 -2.5999999999999357
1026 -2.639999999999935
1027 -2.7049999999999352
1028 -2.5999999999999357
1029 -2.6099999999999355
1030 -2.7699999999999347
1031 -2.5549999999999367
1032 -2.6449999999999347
1033 -2.634999999999935
1034 -2.6149999999999354
1035 -2.6149999999999354
1036 -2.569999999999937
1037 -2.6199999999999353
1038 -2.5749999999999362
1039 -2.579999999999936
1040 -2.6299999999999355
1041 -2.639999999999935
1042 -2.674999999999935
1043 -2.534999999999937
1044 -2.5549999999999367
1045 -2.5699999999999363
1046 -2.5999999999999357
1047 -2.659999999999935
1048 -2.589999999999936
1049 -2.5999999999999357
1050 -2.684999999999934
1051 -2.6649999999999343
1052 -2.624999999999935
1053 -2.6249999999999356
1054 -2.6499999999999346
1055 -2.534999999999937
1056 -2.499999999999938
1057 -2.6149999999999363
1058 -2.6499999999999346
1059 -2.6449999999999347
1060 -2.594999999999936
1061 -2.639999999999935
1062 -2.534999999999937
1063 -2.589999999999936
1064 -2.7699999999999334
1065 -0.11999999999991559
1066 -2.6149999999999354
1067 -2.704999999999936
1068 -2.6099999999999355
1069 -2.6049999999999356
1070 -2.669999999999934
1071 -2.6199999999999353
1072 -0.17999999999991564
1073 -2.704999999999935
1074 -2.6199999999999353
1075 -2.529999999999937
1076 -2.584999999999936
1077 -2.6499999999999346
1078 -2.679999999999934
1079 -2.589999999999936
1080 -2.5499999999999368
1081 -2.584999999999936
1082 -2.5599999999999365
1083 -2.584999999999936
1084 -2.6099999999999355
1085 -2.6099999999999355
1086 -2.6449999999999347
1087 -2.5649999999999364
1088 -2.594999999999936
1089 -2.589999999999936
1090 -2.6199999999999353
1091 -2.6749999999999345
1092 -0.06499999999991554
1093 -2.629999999999936
1094 -2.674999999999934
1095 -2.634999999999935
1096 -0.059999999999915545
1097 -2.8849999999999336
1098 -2.6099999999999355
1099 -2.7749999999999346
1100 -2.579999999999936
1101 -2.5649999999999364
1102 -0.11999999999991581
1103 -2.624999999999935
1104 -2.5649999999999364
1105 -2.589999999999936
1106 -2.6599999999999344
1107 -2.539999999999937
1108 -2.7149999999999346
1109 -2.6599999999999344
1110 -0.08499999999991556
1111 -2.544999999999937
1112 -0.1449999999999156
1113 -2.629999999999935
1114 -2.5749999999999362
1115 -2.629999999999935
1116 -2.6499999999999346
1117 -2.5599999999999365
1118 -2.6549999999999345
1119 -2.6649999999999343
1120 -2.7199999999999345
1121 -2.634999999999935
1122 -0.13499999999991583
1123 -2.6099999999999355
1124 -2.6899999999999347
1125 -2.5599999999999365
1126 -2.5499999999999368
1127 -2.6449999999999347
1128 -2.5699999999999363
1129 -0.11999999999991603
1130 -2.629999999999935
1131 -2.6049999999999356
1132 -2.6549999999999345
1133 -2.5249999999999373
1134 -2.624999999999935
1135 -0.06999999999991555
1136 -2.6049999999999356
1137 -2.6149999999999354
1138 -2.4649999999999386
1139 -2.6049999999999356
1140 -2.5599999999999365
1141 -2.5999999999999357
1142 -2.5599999999999365
1143 -2.6549999999999354
1144 -0.11499999999991559
1145 -2.594999999999936
1146 -0.09999999999991557
1147 -2.6999999999999336
1148 -2.5699999999999363
1149 -2.6749999999999345
1150 -2.629999999999935
1151 -2.5599999999999365
1152 -2.529999999999937
1153 -2.5599999999999365
1154 -2.6149999999999354
1155 -2.719999999999933
1156 -2.5949999999999362
1157 -2.7499999999999347
1158 -2.6099999999999355
1159 -2.6249999999999356
1160 -2.5099999999999376
1161 -2.5249999999999373
1162 -2.594999999999936
1163 -2.594999999999936
1164 -2.579999999999936
1165 -2.5999999999999357
1166 -2.7549999999999337
1167 -2.589999999999936
1168 -2.659999999999935
1169 -2.529999999999937
1170 -2.674999999999934
1171 -2.684999999999934
1172 -2.639999999999935
1173 -2.6149999999999354
1174 -2.5249999999999373
1175 -2.614999999999936
1176 -2.6349999999999354
1177 -2.594999999999936
1178 -2.624999999999935
1179 -2.544999999999937
1180 -2.6999999999999345
1181 -2.589999999999936
1182 -2.5749999999999362
1183 -2.579999999999936
1184 -2.584999999999936
1185 -2.6299999999999355
1186 -2.629999999999935
1187 -2.589999999999936
1188 -2.674999999999934
1189 -2.6649999999999343
1190 -2.6899999999999338
1191 -2.6649999999999343
1192 -2.5499999999999368
1193 -2.584999999999936
1194 -2.5899999999999364
1195 -2.6099999999999355
1196 -2.6049999999999356
1197 -2.589999999999936
1198 -2.6199999999999353
1199 -2.5749999999999362
1200 -2.639999999999935
1201 -2.5149999999999375
1202 -2.584999999999936
1203 -2.584999999999936
1204 -2.5099999999999376
1205 -2.5499999999999368
1206 -2.634999999999935
1207 -2.589999999999936
1208 -2.5599999999999365
1209 -2.699999999999934
1210 -2.584999999999936
1211 -2.624999999999935
1212 -2.589999999999936
1213 -2.7499999999999347
1214 -2.539999999999937
1215 -2.679999999999934
1216 -0.05499999999991555
1217 -0.09499999999991557
1218 -2.6149999999999354
1219 -2.7549999999999355
1220 -2.6799999999999353
1221 -2.634999999999935
1222 -2.6049999999999356
1223 -2.634999999999935
1224 -2.6149999999999354
1225 -2.634999999999935
1226 -2.5649999999999364
1227 -2.5999999999999357
1228 -2.684999999999935
1229 -2.624999999999935
1230 -2.629999999999935
1231 -2.639999999999935
1232 -2.694999999999935
1233 -2.5599999999999365
1234 -2.6449999999999347
1235 -2.674999999999934
1236 -2.8099999999999343
1237 -2.6599999999999344
1238 -2.744999999999935
1239 -2.5499999999999368
1240 -2.5549999999999367
1241 -2.674999999999934
1242 -2.544999999999937
1243 -2.6149999999999354
1244 -2.6649999999999343
1245 -2.589999999999936
1246 -2.624999999999935
1247 -2.5999999999999357
1248 -2.6499999999999346
1249 -2.6049999999999356
1250 -2.6849999999999365
1251 -2.5649999999999364
1252 -2.624999999999935
1253 -2.5699999999999363
1254 -2.594999999999936
1255 -2.5499999999999368
1256 -2.564999999999937
1257 -2.8049999999999344
1258 -2.6099999999999355
1259 -2.539999999999937
1260 -2.534999999999937
1261 -2.5699999999999363
1262 -2.6099999999999355
1263 -2.5599999999999365
1264 -2.639999999999935
1265 -2.629999999999935
1266 -0.04999999999991555
1267 -2.5599999999999365
1268 -0.11999999999991559
1269 -2.6149999999999354
1270 -2.5599999999999365
1271 -2.639999999999935
1272 -2.634999999999935
1273 -2.659999999999935
1274 -2.534999999999937
1275 -2.6649999999999356
1276 -2.6149999999999354
1277 -2.6099999999999355
1278 -2.5699999999999363
1279 -2.639999999999935
1280 -2.6499999999999346
1281 -2.6049999999999356
1282 -2.5699999999999363
1283 -2.719999999999933
1284 -2.594999999999936
1285 -2.584999999999936
1286 -0.10499999999991558
1287 -2.629999999999935
1288 -2.669999999999934
1289 -2.5749999999999362
1290 -2.5749999999999362
1291 -2.6199999999999353
1292 -2.6199999999999353
1293 -2.669999999999934
1294 -2.5699999999999363
1295 -2.5649999999999364
1296 -2.5749999999999362
1297 -2.5499999999999368
1298 -2.594999999999936
1299 -2.5999999999999357
1300 -2.5249999999999373
1301 -2.5149999999999375
1302 -2.709999999999934
1303 -2.6049999999999356
1304 -2.649999999999936
1305 -2.719999999999933
1306 -0.27999999999991615
1307 -2.594999999999936
1308 -2.669999999999934
1309 -2.719999999999933
1310 -2.6499999999999346
1311 -2.629999999999935
1312 -2.6199999999999353
1313 -2.6549999999999345
1314 -2.5649999999999364
1315 -2.6149999999999354
1316 -2.579999999999936
1317 -2.674999999999934
1318 -2.5649999999999364
1319 -2.634999999999935
1320 -2.6199999999999353
1321 -2.5749999999999367
1322 -2.529999999999937
1323 -2.769999999999934
1324 -2.5999999999999357
1325 -2.629999999999935
1326 -2.6149999999999354
1327 -2.5749999999999362
1328 -2.724999999999934
1329 -2.5199999999999374
1330 -2.704999999999935
1331 -2.6499999999999346
1332 -0.13499999999991558
1333 -2.639999999999935
1334 -2.5249999999999373
1335 -2.5699999999999363
1336 -2.6799999999999358
1337 -2.6199999999999353
1338 -2.7349999999999346
1339 -2.6499999999999346
1340 -2.674999999999934
1341 -2.624999999999935
1342 -2.5749999999999362
1343 -2.699999999999934
1344 -2.639999999999935
1345 -2.6499999999999346
1346 -2.8449999999999322
1347 -2.6449999999999347
1348 -2.629999999999936
1349 -2.639999999999935
1350 -2.624999999999935
1351 -2.634999999999935
1352 -2.5549999999999367
1353 -2.499999999999938
1354 -2.629999999999935
1355 -2.6749999999999345
1356 -2.5549999999999367
1357 -2.639999999999935
1358 -2.639999999999935
1359 -2.6599999999999353
1360 -2.544999999999937
1361 -2.694999999999935
1362 -2.6049999999999356
1363 -2.609999999999936
1364 -2.594999999999936
1365 -2.584999999999936
1366 -2.539999999999937
1367 -2.804999999999934
1368 -2.6099999999999355
1369 -2.5499999999999368
1370 -2.5649999999999364
1371 -0.18999999999991607
1372 -2.629999999999935
1373 -2.5249999999999373
1374 -2.624999999999935
1375 -0.10499999999991558
1376 -2.6199999999999353
1377 -2.6099999999999355
1378 -2.7099999999999347
1379 -2.6149999999999354
1380 -2.589999999999936
1381 -2.5999999999999357
1382 -2.629999999999935
1383 -2.5699999999999363
1384 -2.6699999999999346
1385 -2.584999999999936
1386 -2.594999999999936
1387 -0.259999999999917
1388 -2.584999999999936
1389 -2.5699999999999363
1390 -2.594999999999936
1391 -2.7149999999999332
1392 -2.5599999999999365
1393 -2.624999999999935
1394 -2.5999999999999357
1395 -2.669999999999934
1396 -0.03499999999991556
1397 -2.584999999999936
1398 -2.5749999999999362
1399 -2.6199999999999353
1400 -2.6199999999999353
1401 -2.594999999999936
1402 -2.6549999999999345
1403 -2.6099999999999355
1404 -2.624999999999935
1405 -2.6099999999999355
1406 -2.6049999999999356
1407 -2.679999999999934
1408 -2.5749999999999362
1409 -2.544999999999937
1410 -2.679999999999934
1411 -2.584999999999936
1412 -2.7649999999999335
1413 -2.579999999999936
1414 -2.544999999999937
1415 -2.6649999999999348
1416 -2.629999999999935
1417 -2.629999999999935
1418 -2.5499999999999368
1419 -2.639999999999935
1420 -2.5999999999999357
1421 -2.5499999999999368
1422 -2.6749999999999354
1423 -2.589999999999936
1424 -2.579999999999936
1425 -2.6049999999999356
1426 -0.2799999999999168
1427 -0.1249999999999156
1428 -2.6549999999999345
1429 -2.5649999999999364
1430 -2.629999999999935
1431 -2.7099999999999334
1432 -2.639999999999935
1433 -2.579999999999936
1434 -2.624999999999935
1435 -2.6049999999999356
1436 -2.5199999999999374
1437 -2.594999999999936
1438 -2.589999999999936
1439 -2.579999999999936
1440 -2.6699999999999355
1441 -2.579999999999936
1442 -2.6499999999999346
1443 -2.594999999999936
1444 -2.639999999999935
1445 -2.659999999999935
1446 2.470000000000107
1447 -2.594999999999936
1448 -0.08499999999991556
1449 -2.5999999999999357
1450 -2.584999999999936
1451 -2.5649999999999364
1452 -2.5599999999999365
1453 -2.6199999999999353
1454 -2.634999999999935
1455 -2.674999999999934
1456 -2.5599999999999365
1457 -2.544999999999937
1458 -2.539999999999937
1459 -2.639999999999935
1460 -2.5599999999999365
1461 -2.5649999999999364
1462 -2.5599999999999365
1463 -2.6049999999999356
1464 -2.5749999999999362
1465 -2.6199999999999353
1466 -2.624999999999935
1467 -0.1399999999999156
1468 -2.5949999999999362
1469 -2.6549999999999345
1470 -2.624999999999935
1471 -2.6549999999999345
1472 -2.679999999999934
1473 -2.624999999999935
1474 -2.5649999999999364
1475 -2.5549999999999367
1476 2.4000000000001087
1477 -2.6999999999999362
1478 -2.629999999999935
1479 -2.674999999999934
1480 -2.6199999999999353
1481 -2.5749999999999362
1482 -2.6499999999999346
1483 -2.544999999999937
1484 -2.5599999999999365
1485 -2.584999999999936
1486 -2.5699999999999363
1487 -2.5049999999999377
1488 -2.5649999999999364
1489 -2.6399999999999366
1490 -2.6149999999999354
1491 -2.579999999999936
1492 -2.624999999999935
1493 -2.6049999999999356
1494 -2.589999999999937
1495 -2.6099999999999355
1496 -2.704999999999935
1497 -2.499999999999938
1498 -2.5649999999999364
1499 -2.6199999999999353
1500 -2.539999999999937
1501 -2.739999999999935
1502 -2.6599999999999344
1503 -2.584999999999936
1504 -2.579999999999936
1505 -2.579999999999936
1506 -2.6099999999999355
1507 -2.634999999999935
1508 -2.584999999999936
1509 -2.629999999999935
1510 -2.5549999999999367
1511 -2.594999999999936
1512 -2.634999999999935
1513 -2.5999999999999357
1514 -2.5649999999999364
1515 -2.534999999999937
1516 -2.5599999999999365
1517 -2.6149999999999354
1518 -2.649999999999935
1519 -0.20999999999991656
1520 -2.5699999999999363
1521 -2.6099999999999355
1522 -2.534999999999937
1523 -2.5599999999999365
1524 -2.6199999999999353
1525 -2.6199999999999353
1526 -2.6999999999999336
1527 -2.669999999999934
1528 -2.6199999999999353
1529 -2.564999999999937
1530 -2.5049999999999377
1531 -2.5199999999999374
1532 -2.629999999999935
1533 -2.6099999999999355
1534 -2.6549999999999345
1535 -2.689999999999934
1536 -2.6549999999999345
1537 -0.15999999999991563
1538 -2.6099999999999355
1539 -2.5999999999999357
1540 -2.5599999999999365
1541 -2.6049999999999356
1542 -2.679999999999934
1543 -2.589999999999936
1544 -2.6049999999999356
1545 -2.5499999999999368
1546 -2.5699999999999363
1547 -2.624999999999935
1548 -2.544999999999937
1549 -2.6099999999999355
1550 -2.624999999999935
1551 -0.12999999999991604
1552 -2.5599999999999365
1553 -0.08499999999991556
1554 -0.10499999999991558
1555 -0.11499999999991559
1556 -2.5549999999999367
1557 -2.6499999999999346
1558 -2.5999999999999357
1559 -0.009999999999915556
1560 -2.674999999999934
1561 -2.584999999999936
1562 -2.594999999999936
1563 -2.624999999999935
1564 -2.6199999999999353
1565 -2.579999999999936
1566 -2.624999999999935
1567 -2.6549999999999345
1568 -2.5549999999999367
1569 -2.6049999999999356
1570 -2.5999999999999357
1571 -2.7299999999999343
1572 -2.639999999999935
1573 -2.639999999999935
1574 -2.6199999999999353
1575 -2.6099999999999355
1576 -0.039999999999915554
1577 -2.624999999999935
1578 -2.5599999999999365
1579 -2.584999999999936
1580 -2.5499999999999368
1581 -2.584999999999936
1582 -2.544999999999937
1583 -2.6149999999999354
1584 -2.5749999999999362
1585 -2.6649999999999343
1586 -2.5249999999999373
1587 -2.5699999999999363
1588 -2.6099999999999355
1589 -2.579999999999936
1590 -2.5099999999999376
1591 -2.6449999999999347
1592 -2.624999999999935
1593 -2.6549999999999345
1594 -2.6449999999999347
1595 -2.5549999999999367
1596 -2.634999999999935
1597 -0.08999999999991556
1598 -2.594999999999936
1599 -2.6549999999999345
1600 -2.6049999999999356
1601 -0.11499999999991559
1602 -0.07499999999991555
1603 -2.6049999999999356
1604 -2.624999999999935
1605 -2.499999999999938
1606 -2.6199999999999353
1607 -2.5749999999999362
1608 -2.679999999999934
1609 -2.594999999999936
1610 -2.5999999999999357
1611 -2.6199999999999353
1612 -2.544999999999937
1613 -0.06999999999991555
1614 -2.589999999999936
1615 -2.6649999999999343
1616 -2.604999999999936
1617 -2.684999999999934
1618 -0.1449999999999156
1619 -2.629999999999935
1620 -2.6549999999999345
1621 -2.6049999999999356
1622 -2.6749999999999345
1623 -2.589999999999936
1624 -2.7049999999999335
1625 -0.05499999999991555
1626 -2.6849999999999343
1627 -2.6049999999999365
1628 -2.5549999999999367
1629 -2.589999999999936
1630 -2.6549999999999345
1631 -2.5499999999999368
1632 -2.5999999999999357
1633 -2.6099999999999355
1634 -2.589999999999936
1635 -2.589999999999936
1636 -2.674999999999935
1637 -2.584999999999936
1638 -2.594999999999936
1639 -2.624999999999935
1640 -2.5599999999999365
1641 -2.6049999999999356
1642 -2.6449999999999347
1643 -2.634999999999935
1644 -2.6049999999999356
1645 -0.1349999999999156
1646 -2.6149999999999354
1647 -2.6199999999999353
1648 -2.544999999999937
1649 -2.529999999999937
1650 -2.584999999999936
1651 -2.6149999999999354
1652 -0.1849999999999161
1653 -2.5649999999999364
1654 -2.7099999999999334
1655 -2.6099999999999355
1656 -2.5699999999999363
1657 -2.6099999999999355
1658 -2.5649999999999364
1659 -2.594999999999936
1660 -2.5599999999999365
1661 -2.629999999999935
1662 -2.539999999999937
1663 -2.6499999999999346
1664 -2.624999999999935
1665 -2.6199999999999353
1666 -2.5499999999999368
1667 -2.594999999999936
1668 -2.5599999999999365
1669 -2.629999999999935
1670 -2.5699999999999363
1671 -2.534999999999937
1672 -2.6199999999999366
1673 -2.639999999999935
1674 -2.579999999999936
1675 -2.629999999999935
1676 -2.634999999999935
1677 -2.529999999999937
1678 -2.5149999999999375
1679 -2.6149999999999354
1680 -2.5749999999999362
1681 -2.624999999999935
1682 -2.6649999999999343
1683 -2.6099999999999355
1684 -2.5999999999999357
1685 -2.684999999999934
1686 -2.6049999999999356
1687 -2.534999999999937
1688 -2.699999999999934
1689 -2.5499999999999368
1690 -2.5199999999999374
1691 -2.594999999999936
1692 -2.629999999999935
1693 -0.07499999999991555
1694 -2.589999999999936
1695 -2.6999999999999345
1696 -2.589999999999936
1697 -2.579999999999936
1698 -2.674999999999934
1699 -2.584999999999936
1700 -2.6049999999999356
1701 -2.589999999999936
1702 -2.634999999999935
1703 -2.6149999999999354
1704 -2.5649999999999364
1705 -2.6049999999999374
1706 -2.6149999999999354
1707 -2.6249999999999356
1708 -2.669999999999934
1709 -2.594999999999936
1710 -2.6599999999999344
1711 -2.5499999999999368
1712 -2.669999999999934
1713 -2.5749999999999362
1714 -2.529999999999937
1715 -2.6599999999999344
1716 -2.5149999999999375
1717 -2.724999999999934
1718 -2.5699999999999363
1719 -2.6949999999999337
1720 -2.6049999999999356
1721 -2.5549999999999367
1722 -2.6499999999999346
1723 -2.6149999999999354
1724 -2.589999999999936
1725 -2.534999999999937
1726 -2.5499999999999368
1727 -2.6649999999999343
1728 -2.6999999999999336
1729 -2.624999999999935
1730 -2.484999999999938
1731 -2.6599999999999344
1732 -2.5599999999999365
1733 -2.594999999999936
1734 -2.6149999999999354
1735 -2.6149999999999354
1736 -2.589999999999936
1737 -2.609999999999936
1738 -2.544999999999937
1739 -2.6049999999999356
1740 -2.534999999999937
1741 -2.5049999999999377
1742 -2.494999999999938
1743 -2.644999999999936
1744 -2.649999999999936
1745 -2.6499999999999346
1746 -0.17499999999991564
1747 -2.6899999999999338
1748 -2.5749999999999362
1749 -2.6149999999999354
1750 -2.579999999999936
1751 -2.594999999999936
1752 -2.6149999999999354
1753 -2.6099999999999355
1754 -2.6149999999999354
1755 -2.5499999999999368
1756 -2.6449999999999347
1757 -2.634999999999935
1758 -2.6099999999999355
1759 -2.5499999999999368
1760 -2.589999999999936
1761 -2.594999999999936
1762 -2.5249999999999373
1763 -0.18499999999991562
1764 -0.07999999999991556
1765 -2.6149999999999354
1766 -2.654999999999935
1767 -2.5249999999999373
1768 -2.5249999999999373
1769 -2.594999999999936
1770 -2.6299999999999355
1771 -2.634999999999935
1772 -2.629999999999935
1773 -2.5749999999999362
1774 -2.689999999999935
1775 -2.5699999999999363
1776 -2.6599999999999344
1777 -2.629999999999935
1778 2.3750000000001092
1779 -2.6099999999999355
1780 -2.539999999999937
1781 -2.5699999999999363
1782 -2.669999999999934
1783 -2.6199999999999366
1784 -2.634999999999935
1785 -2.579999999999936
1786 -2.5099999999999376
1787 -2.5699999999999363
1788 -2.6449999999999347
1789 -2.6099999999999355
1790 -2.679999999999934
1791 -2.6499999999999346
1792 -2.6549999999999345
1793 -2.6049999999999356
1794 -2.5699999999999363
1795 -2.624999999999935
1796 -2.539999999999937
1797 -2.669999999999934
1798 -2.6599999999999344
1799 -2.6199999999999357
1800 -2.6199999999999353
1801 -2.669999999999934
1802 -2.584999999999936
1803 -2.579999999999936
1804 -2.584999999999936
1805 -2.6449999999999347
1806 -2.584999999999936
1807 -2.589999999999936
1808 -2.5399999999999374
1809 -2.534999999999937
1810 -2.494999999999938
1811 -2.5499999999999368
1812 -2.594999999999936
1813 -2.5699999999999363
1814 -0.07499999999991555
1815 -2.634999999999935
1816 -2.6449999999999347
1817 -2.5749999999999362
1818 -2.6999999999999345
1819 -2.6549999999999345
1820 -2.5749999999999362
1821 -2.634999999999935
1822 -2.584999999999936
1823 -2.679999999999934
1824 -2.6049999999999356
1825 -2.539999999999937
1826 -2.6449999999999347
1827 -2.594999999999936
1828 -2.6099999999999355
1829 -2.624999999999936
1830 -2.6149999999999354
1831 -2.6149999999999354
1832 -2.5699999999999363
1833 -2.6099999999999355
1834 -2.6449999999999347
1835 -2.624999999999935
1836 -2.584999999999936
1837 -2.5549999999999367
1838 -2.634999999999935
1839 -2.594999999999936
1840 -2.579999999999936
1841 -2.594999999999936
1842 -0.15499999999991562
1843 -2.6599999999999344
1844 -2.654999999999935
1845 -2.6149999999999354
1846 -2.6549999999999345
1847 -2.589999999999936
1848 -2.5699999999999363
1849 -2.6199999999999353
1850 -2.639999999999935
1851 -2.6499999999999346
1852 -2.5999999999999357
1853 -2.579999999999936
1854 -2.6049999999999356
1855 -2.624999999999935
1856 -2.5499999999999368
1857 -2.5649999999999364
1858 -2.7049999999999335
1859 -2.534999999999937
1860 -0.09999999999991557
1861 -2.6099999999999355
1862 -0.0049999999999155555
1863 -2.5599999999999365
1864 -0.12999999999991604
1865 -2.629999999999935
1866 -2.4599999999999387
1867 -2.5999999999999357
1868 -2.584999999999936
1869 -2.584999999999936
1870 -2.6449999999999347
1871 -2.629999999999935
1872 -2.624999999999935
1873 -2.5599999999999365
1874 -2.714999999999934
1875 -2.6199999999999353
1876 -2.5649999999999364
1877 -2.639999999999935
1878 -2.5749999999999362
1879 -0.09999999999991557
1880 -2.579999999999936
1881 -2.6849999999999343
1882 -2.5849999999999365
1883 -2.579999999999936
1884 -2.544999999999937
1885 -2.5499999999999368
1886 -2.6149999999999354
1887 -2.629999999999935
1888 -2.6099999999999355
1889 -2.634999999999935
1890 -2.6049999999999356
1891 -2.624999999999935
1892 -2.6449999999999347
1893 -2.579999999999936
1894 -2.669999999999934
1895 -2.594999999999936
1896 -2.6599999999999344
1897 -2.6599999999999344
1898 -2.6649999999999343
1899 -2.629999999999935
1900 -2.534999999999937
1901 -2.544999999999937
1902 -2.6199999999999353
1903 -2.6049999999999356
1904 -2.639999999999935
1905 -2.629999999999936
1906 -2.6099999999999355
1907 -2.6299999999999355
1908 -2.6149999999999354
1909 -2.579999999999936
1910 -2.544999999999937
1911 -2.594999999999936
1912 -2.5649999999999364
1913 -2.5599999999999365
1914 -2.709999999999935
1915 -2.6049999999999356
1916 -2.6149999999999354
1917 -2.624999999999935
1918 -2.5149999999999375
1919 -2.5749999999999362
1920 -2.6549999999999345
1921 -2.5649999999999364
1922 -2.5999999999999357
1923 -2.5499999999999368
1924 -0.1249999999999156
1925 -0.18999999999991565
1926 -2.534999999999937
1927 -2.6049999999999356
1928 -2.574999999999937
1929 -2.669999999999934
1930 -2.544999999999937
1931 -2.624999999999935
1932 -2.669999999999936
1933 -2.6149999999999354
1934 -2.634999999999935
1935 -0.08999999999991579
1936 -2.589999999999936
1937 -2.5599999999999365
1938 -2.589999999999936
1939 -2.589999999999936
1940 -2.6299999999999355
1941 -2.579999999999936
1942 -2.6049999999999356
1943 -0.1399999999999156
1944 -2.584999999999936
1945 -2.679999999999934
1946 4.934999999999766
1947 -2.6499999999999346
1948 -2.6949999999999337
1949 -2.5549999999999367
1950 -2.594999999999936
1951 -2.634999999999935
1952 -2.639999999999935
1953 -2.6649999999999343
1954 -2.494999999999938
1955 -2.5749999999999362
1956 -2.589999999999936
1957 -2.6049999999999356
1958 -2.5999999999999357
1959 -2.6149999999999354
1960 -2.6699999999999346
1961 -2.5649999999999364
1962 -2.579999999999936
1963 -2.679999999999934
1964 -2.5599999999999365
1965 -0.06499999999991554
1966 -2.5499999999999368
1967 -2.684999999999934
1968 -2.584999999999936
1969 -2.599999999999936
1970 -2.624999999999935
1971 -2.6499999999999346
1972 -2.589999999999936
1973 -2.534999999999937
1974 -2.644999999999935
1975 -2.584999999999936
1976 -2.6549999999999345
1977 -0.11499999999991559
1978 -2.6499999999999346
1979 -2.5999999999999357
1980 -2.5999999999999366
1981 -2.5699999999999363
1982 -2.6599999999999344
1983 -2.584999999999936
1984 -2.594999999999936
1985 -2.629999999999935
1986 -2.544999999999937
1987 -2.624999999999935
1988 -2.5999999999999357
1989 -2.6049999999999356
1990 -2.5249999999999373
1991 -2.6649999999999343
1992 -2.6199999999999353
1993 -2.5599999999999365
1994 -2.5599999999999365
1995 -2.6149999999999354
1996 -2.6449999999999347
1997 -2.6099999999999355
1998 -2.6049999999999356
1999 -2.639999999999935
5141.203873872757
