0 -7.77
1 -7.78
2 -7.85
3 -5.32
4 -7.73
5 -7.79
6 -7.54
7 -7.69
8 -7.63
9 -7.62
10 -7.74
11 -7.79
12 -7.62
13 -7.61
14 -7.68
15 -7.64
16 -7.61
17 -7.75
18 -7.56
19 -7.69
20 -7.66
21 -7.64
22 -7.79
23 -5.14
24 -7.81
25 -7.56
26 -7.69
27 -7.63
28 -7.64
29 -7.62
30 -7.69
31 -7.58
32 -7.64
33 -7.52
34 -7.67
35 -7.76
36 -7.71
37 -7.67
38 -7.61
39 -2.70
40 -7.50
41 -7.87
42 -7.67
43 -7.65
44 -7.61
45 -7.91
46 -7.42
47 -7.67
48 -7.60
49 -5.18
50 -7.83
51 -7.70
52 -7.61
53 -7.70
54 -7.76
55 -7.44
56 -7.68
57 -7.70
58 -7.66
59 -7.65
60 -7.82
61 -7.68
62 -7.58
63 -7.66
64 -7.72
65 -7.74
66 -7.60
67 -7.74
68 -7.58
69 -7.60
70 -7.77
71 -7.83
72 -7.67
73 -7.70
74 -7.62
75 -5.13
76 -7.69
77 -7.63
78 -7.56
79 -5.12
80 -7.65
81 -7.73
82 -7.57
83 -7.61
84 -7.61
85 -7.75
86 -7.70
87 -7.56
88 -7.71
89 -7.58
90 -7.61
91 -7.74
92 -7.71
93 -7.77
94 -7.74
95 -7.69
96 -7.51
97 -7.66
98 -5.18
99 -5.15
100 -7.72
101 -7.69
102 -7.59
103 -7.63
104 -7.59
105 -7.65
106 -7.64
107 -7.72
108 -5.29
109 -7.82
110 -7.57
111 -7.59
112 -7.57
113 -7.79
114 -4.99
115 -7.74
116 -5.09
117 -7.69
118 -7.64
119 -7.66
120 -7.71
121 -7.68
122 -7.59
123 -7.82
124 -7.72
125 -7.59
126 -7.69
127 -7.63
128 -7.61
129 -7.71
130 -7.61
131 -7.55
132 -7.66
133 -5.14
134 -7.65
135 -7.62
136 -7.59
137 -7.59
138 -7.72
139 -5.20
140 -7.55
141 -7.73
142 -7.78
143 -7.65
144 -7.50
145 -7.67
146 -7.68
147 -7.64
148 -7.65
149 -7.67
150 -7.53
151 -7.71
152 -7.66
153 -7.63
154 -7.71
155 -7.61
156 -7.74
157 -7.49
158 -7.73
159 -7.84
160 -7.65
161 -7.63
162 -7.68
163 -7.72
164 -7.60
165 -7.75
166 -7.70
167 -7.76
168 -7.64
169 -7.57
170 -7.68
171 -7.66
172 -7.65
173 -7.61
174 -5.11
175 -7.59
176 -7.52
177 -7.53
178 -7.52
179 -7.76
180 -7.51
181 -7.63
182 -7.80
183 -7.64
184 -7.51
185 -7.66
186 -7.71
187 -7.54
188 -7.58
189 -7.69
190 -7.54
191 -7.85
192 -7.59
193 -7.74
194 -5.13
195 -7.71
196 -7.68
197 -7.62
198 -7.74
199 -7.71
200 -7.66
201 -7.74
202 -7.69
203 -7.51
204 -7.59
205 -7.60
206 -7.71
207 -7.62
208 -7.70
209 -7.55
210 -7.60
211 -7.69
212 -7.67
213 -7.81
214 -7.85
215 -7.67
216 -7.54
217 -7.61
218 -7.49
219 -7.61
220 -7.72
221 -7.80
222 -7.72
223 -7.78
224 -7.66
225 -7.80
226 -7.65
227 -7.58
228 -7.81
229 -7.71
230 -7.88
231 -7.57
232 -7.67
233 -7.67
234 -7.69
235 -7.62
236 -7.69
237 -7.56
238 -7.76
239 -7.67
240 -5.13
241 -7.64
242 -7.75
243 -7.61
244 -7.70
245 -7.84
246 -7.67
247 -5.22
248 -5.22
249 -7.70
250 -5.17
251 -7.71
252 -7.57
253 -7.61
254 -7.81
255 -7.77
256 -7.62
257 -7.60
258 -7.65
259 -7.65
260 -7.77
261 -7.69
262 -7.51
263 -7.57
264 -7.79
265 -7.68
266 -7.66
267 -5.17
268 -7.66
269 -7.74
270 -7.67
271 -7.60
272 -7.77
273 -7.54
274 -7.67
275 -7.58
276 -7.82
277 -7.67
278 -7.73
279 -7.57
280 -7.60
281 -7.54
282 -7.62
283 -7.77
284 -7.80
285 -7.54
286 -7.55
287 -7.77
288 -7.70
289 -7.64
290 -7.58
291 -7.69
292 -7.52
293 -7.67
294 -7.68
295 -7.56
296 -7.76
297 -7.84
298 -7.66
299 -7.62
300 -7.73
301 -7.67
302 -7.69
303 -7.74
304 -7.74
305 -7.49
306 -7.61
307 -7.62
308 -7.67
309 -7.74
310 -7.61
311 -7.72
312 -7.71
313 -7.68
314 -7.57
315 -7.75
316 -7.63
317 -7.68
318 -7.57
319 -7.72
320 -7.73
321 -7.52
322 -7.67
323 -7.57
324 -7.86
325 -7.81
326 -7.64
327 -7.65
328 -7.65
329 -7.66
330 -7.73
331 -7.61
332 -7.57
333 -7.70
334 -7.64
335 -7.68
336 -7.56
337 -7.70
338 -5.19
339 -7.69
340 -7.73
341 -7.73
342 -7.65
343 -7.58
344 -7.87
345 -7.52
346 -7.73
347 -7.56
348 -7.65
349 -7.67
350 -7.72
351 -7.56
352 -7.52
353 -7.62
354 -7.64
355 -7.72
356 -7.77
357 -7.69
358 -7.55
359 -7.63
360 -7.59
361 -7.58
362 -7.71
363 -7.62
364 -7.73
365 -7.69
366 -7.70
367 -7.60
368 -7.83
369 -7.74
370 -7.67
371 -7.67
372 -7.61
373 -7.62
374 -7.63
375 -7.64
376 -7.72
377 -7.61
378 -7.65
379 -5.26
380 -7.52
381 -7.65
382 -7.68
383 -7.73
384 -7.67
385 -7.65
386 -7.56
387 -7.68
388 -7.66
389 -7.64
390 -7.77
391 -7.66
392 -7.57
393 -7.77
394 -7.53
395 -7.76
396 -7.83
397 -7.63
398 -4.98
399 -7.65
400 -5.07
401 -7.64
402 -7.73
403 -7.52
404 -7.59
405 -7.76
406 -7.63
407 -7.81
408 -7.74
409 -7.75
410 -5.04
411 -7.64
412 -7.76
413 -7.56
414 -7.70
415 -7.60
416 -7.80
417 -5.17
418 -7.59
419 -7.67
420 -7.53
421 -7.75
422 -7.76
423 -7.56
424 -7.70
425 -7.74
426 -7.58
427 -7.58
428 -7.72
429 -7.79
430 -7.79
431 -7.56
432 -7.70
433 -5.08
434 -7.63
435 -7.58
436 -7.69
437 -7.62
438 -7.66
439 -7.70
440 -7.92
441 -7.69
442 -7.64
443 -7.63
444 -7.84
445 -7.63
446 -7.52
447 -7.80
448 -7.54
449 -7.63
450 -7.65
451 -7.76
452 -7.74
453 -2.56
454 -7.74
455 -7.60
456 -7.77
457 -7.60
458 -5.22
459 -7.63
460 -7.54
461 -7.69
462 -5.24
463 -7.77
464 -7.59
465 -7.68
466 -7.58
467 -7.65
468 -7.82
469 -7.72
470 -7.69
471 -7.78
472 -7.64
473 -7.68
474 -5.14
475 -7.65
476 -7.65
477 -5.21
478 -5.29
479 -7.72
480 -7.52
481 -7.55
482 -7.70
483 -7.73
484 -7.57
485 -7.63
486 -7.56
487 -7.72
488 -7.88
489 -7.98
490 -7.67
491 -7.70
492 -7.60
493 -7.71
494 -7.87
495 -7.81
496 -7.53
497 -7.55
498 -7.61
499 -7.63
500 -7.77
501 -7.71
502 -7.75
503 -7.70
504 -7.66
505 -7.77
506 -7.59
507 -5.11
508 -7.63
509 -5.15
510 -7.70
511 -7.53
512 -7.68
513 -7.61
514 -7.84
515 -7.69
516 -7.49
517 -7.66
518 -7.70
519 -7.82
520 -7.86
521 -7.57
522 -7.68
523 -7.69
524 -7.56
525 -7.83
526 -7.67
527 -7.82
528 -7.63
529 -7.69
530 -7.70
531 -7.68
532 -7.84
533 -7.76
534 -7.62
535 -7.85
536 -7.60
537 -7.64
538 -7.76
539 -7.67
540 -7.67
541 -7.60
542 -7.60
543 -7.56
544 -7.59
545 -7.60
546 -7.62
547 -7.58
548 -5.19
549 -7.67
550 -7.67
551 -7.56
552 -7.64
553 -7.86
554 -7.77
555 -7.74
556 -7.60
557 -7.72
558 -7.66
559 -7.68
560 -5.18
561 -7.76
562 -7.68
563 -7.63
564 -7.64
565 -7.64
566 -7.59
567 -7.57
568 -7.61
569 -7.54
570 -7.74
571 -7.76
572 -7.68
573 -7.65
574 -7.68
575 -7.68
576 -7.55
577 -7.56
578 -7.73
579 -7.72
580 -7.84
581 -7.62
582 -7.71
583 -7.57
584 -7.76
585 -5.20
586 -7.66
587 -7.83
588 -5.01
589 -7.80
590 -7.78
591 -7.67
592 -7.45
593 -7.75
594 -7.58
595 -7.69
596 -7.61
597 -7.67
598 -7.71
599 -7.81
600 -7.70
601 -7.71
602 -7.71
603 -7.70
604 -7.44
605 -7.59
606 -7.73
607 -7.60
608 -7.83
609 -7.69
610 -7.64
611 -7.81
612 -7.63
613 -7.71
614 -7.65
615 -7.63
616 -7.73
617 -7.79
618 -7.47
619 -7.52
620 -7.92
621 -7.68
622 -7.74
623 -7.58
624 -7.70
625 -7.78
626 -7.67
627 -7.69
628 -7.66
629 -7.78
630 -7.58
631 -7.71
632 -7.69
633 -7.58
634 -7.83
635 -7.73
636 -7.76
637 -7.75
638 -7.59
639 -7.53
640 -7.62
641 -7.59
642 -7.61
643 -7.55
644 -7.70
645 -7.63
646 -7.75
647 -7.78
648 -7.64
649 -7.75
650 -7.63
651 -7.70
652 -7.72
653 -7.59
654 -7.71
655 -7.69
656 -7.78
657 -7.55
658 -7.65
659 -7.58
660 -7.62
661 -7.84
662 -7.73
663 -7.79
664 -7.63
665 -7.61
666 -7.72
667 -7.51
668 -7.61
669 -7.68
670 -7.60
671 -7.81
672 -7.60
673 -7.61
674 -7.73
675 -7.64
676 -7.60
677 -7.67
678 -7.76
679 -7.69
680 -7.74
681 -7.77
682 -7.71
683 -7.64
684 -7.68
685 -7.73
686 -7.59
687 -7.72
688 -7.79
689 -7.47
690 -7.55
691 -7.74
692 -7.76
693 -7.68
694 -7.60
695 -7.65
696 -7.57
697 -7.95
698 -7.63
699 -7.67
700 -7.59
701 -7.59
702 -7.61
703 -7.52
704 -7.86
705 -7.63
706 -7.66
707 -7.71
708 -7.76
709 -7.59
710 -7.61
711 -7.53
712 -7.51
713 -7.78
714 -7.74
715 -7.76
716 -7.64
717 -7.74
718 -7.69
719 -7.70
720 -7.58
721 -7.74
722 -7.68
723 -7.62
724 -7.75
725 -7.50
726 -7.60
727 -7.56
728 -7.82
729 -7.84
730 -7.69
731 -7.62
732 -7.53
733 -7.62
734 -7.54
735 -5.09
736 -7.67
737 -7.72
738 -7.63
739 -7.79
740 -7.63
741 -7.63
742 -7.59
743 -7.62
744 -7.56
745 -7.70
746 -7.65
747 -7.65
748 -7.57
749 -7.68
750 -7.62
751 -7.78
752 -7.61
753 -7.71
754 -7.67
755 -7.52
756 -7.58
757 -7.63
758 -7.68
759 -7.60
760 -7.90
761 -7.86
762 -7.59
763 -7.61
764 -7.65
765 -7.68
766 -7.74
767 -7.68
768 -7.58
769 -7.70
770 -7.67
771 -7.67
772 -7.65
773 -7.64
774 -7.55
775 -5.09
776 -7.67
777 -7.61
778 -7.69
779 -7.64
780 -7.82
781 -7.68
782 -7.70
783 -7.78
784 -7.62
785 -7.84
786 -7.75
787 -7.65
788 -7.63
789 -7.71
790 -7.76
791 -7.58
792 -5.20
793 -7.73
794 -7.60
795 -5.12
796 -7.74
797 -7.77
798 -7.65
799 -7.59
800 -7.77
801 -7.67
802 -7.77
803 -7.77
804 -5.04
805 -7.78
806 -7.60
807 -7.75
808 -5.28
809 -7.61
810 -7.76
811 -7.69
812 -7.74
813 -7.59
814 -5.14
815 -7.71
816 -7.52
817 -7.74
818 -7.63
819 -7.68
820 -7.72
821 -5.29
822 -7.63
823 -7.73
824 -7.61
825 -7.80
826 -7.60
827 -7.84
828 -7.69
829 -7.63
830 -7.73
831 -7.80
832 -7.73
833 -7.62
834 -7.66
835 -7.62
836 -7.72
837 -7.70
838 -7.52
839 -7.67
840 -7.72
841 -7.66
842 -5.17
843 -7.85
844 -7.66
845 -7.74
846 -7.61
847 -7.59
848 -7.70
849 -7.73
850 -7.64
851 -7.67
852 -7.67
853 -7.63
854 -7.82
855 -7.61
856 -7.71
857 -7.67
858 -7.67
859 -7.65
860 -7.64
861 -7.74
862 -7.58
863 -7.62
864 -7.61
865 -7.74
866 -4.91
867 -7.65
868 -7.80
869 -7.70
870 -7.78
871 -7.57
872 -7.71
873 -7.67
874 -7.86
875 -7.78
876 -7.74
877 -7.71
878 -7.73
879 -7.62
880 -7.87
881 -7.78
882 -7.60
883 -7.69
884 -7.46
885 -7.73
886 -7.66
887 -7.59
888 -7.69
889 -7.65
890 -7.50
891 -7.69
892 -7.66
893 -7.62
894 -7.63
895 -7.56
896 -7.49
897 -7.58
898 -7.75
899 -7.72
900 -7.77
901 -7.64
902 -7.71
903 -7.74
904 -7.61
905 -7.60
906 -5.20
907 -7.72
908 -7.68
909 -7.70
910 -7.54
911 -7.65
912 -7.75
913 -5.08
914 -7.64
915 -7.58
916 -7.58
917 -7.61
918 -7.68
919 -7.53
920 -2.61
921 -7.62
922 -7.38
923 -7.73
924 -7.69
925 -7.61
926 -7.51
927 -7.65
928 -7.86
929 -7.61
930 -7.80
931 -7.67
932 -7.73
933 -7.75
934 -7.72
935 -7.66
936 -7.60
937 -7.70
938 -7.73
939 -7.60
940 -7.60
941 -7.76
942 -7.61
943 -7.53
944 -7.66
945 -7.61
946 -7.70
947 -7.62
948 -7.82
949 -7.60
950 -7.73
951 -7.80
952 -5.11
953 -7.76
954 -7.53
955 -7.73
956 -7.58
957 -7.77
958 -7.59
959 -7.61
960 -7.70
961 -7.56
962 -7.67
963 -7.56
964 -7.53
965 -7.67
966 -7.67
967 -7.65
968 -7.82
969 -7.57
970 -7.69
971 -7.47
972 -7.65
973 -7.59
974 -7.57
975 -7.67
976 -7.66
977 -7.73
978 -7.59
979 -7.71
980 -7.52
981 -7.77
982 -7.45
983 -7.63
984 -7.77
985 -7.58
986 -7.77
987 -7.87
988 -7.77
989 -7.50
990 -7.61
991 -7.79
992 -7.50
993 -7.69
994 -7.79
995 -7.61
996 -7.61
997 -7.57
998 -7.69
999 -7.57
3381.426194190979
