0 -7.75
1 -7.60
2 -7.69
3 -7.76
4 -7.74
5 -5.10
6 -7.57
7 -7.61
8 -8.06
9 -7.69
10 -7.73
11 -7.41
12 -7.59
13 -7.61
14 -7.70
15 -5.14
16 -7.68
17 -7.74
18 -7.70
19 -7.65
20 -7.61
21 -7.72
22 -7.81
23 -7.71
24 -7.66
25 -7.66
26 -8.64
27 -5.10
28 -7.68
29 -7.81
30 -7.78
31 -7.56
32 -7.69
33 -7.65
34 -7.71
35 -7.65
36 -7.62
37 -7.57
38 -7.77
39 -7.67
40 -7.63
41 -7.70
42 -7.62
43 -7.59
44 -7.62
45 -7.66
46 -7.72
47 -7.64
48 -7.63
49 -7.57
50 -7.72
51 -7.72
52 -7.71
53 -5.07
54 -7.73
55 -7.56
56 -7.66
57 -7.55
58 -7.66
59 -7.73
60 -7.67
61 -7.71
62 -5.17
63 -7.46
64 -7.36
65 -7.65
66 -7.64
67 -7.63
68 -7.70
69 -7.61
70 -7.54
71 -7.83
72 -7.73
73 -7.71
74 -7.68
75 -7.69
76 -7.73
77 -7.80
78 -7.70
79 -7.75
80 -7.63
81 -5.14
82 -7.59
83 -7.76
84 -7.84
85 -2.56
86 -7.85
87 -7.73
88 -7.52
89 -5.10
90 -7.78
91 -7.66
92 -7.66
93 -7.51
94 -7.56
95 -7.83
96 -7.62
97 -7.74
98 -7.71
99 -7.68
100 -7.65
101 -7.71
102 -7.62
103 -7.61
104 -7.96
105 -7.65
106 -7.65
107 -5.12
108 -7.72
109 -7.62
110 -7.74
111 -7.70
112 -7.66
113 -7.72
114 -7.78
115 -2.50
116 -7.55
117 -7.59
118 -5.17
119 -8.71
120 -7.48
121 -5.03
122 -7.55
123 -7.58
124 -7.78
125 -7.63
126 -7.54
127 -7.64
128 -7.79
129 -7.78
130 -7.68
131 -7.59
132 -7.66
133 -7.87
134 -7.72
135 -7.82
136 -5.09
137 -7.50
138 -8.69
139 -7.74
140 -7.73
141 -7.75
142 -5.23
143 -7.67
144 -7.73
145 -7.73
146 -7.85
147 -7.67
148 -7.59
149 -7.73
150 -5.12
151 -7.74
152 -7.68
153 -7.75
154 -5.09
155 -7.58
156 -7.76
157 -7.67
158 -7.63
159 -7.72
160 -7.58
161 -7.80
162 -2.76
163 -7.62
164 -7.59
165 -7.81
166 -5.18
167 -7.68
168 -7.74
169 -8.37
170 -7.65
171 -7.70
172 -5.29
173 -7.74
174 -7.64
175 -7.50
176 -7.67
177 -7.59
178 -5.20
179 -7.77
180 -5.04
181 -7.78
182 -7.71
183 -7.78
184 -7.55
185 -7.47
186 -7.65
187 -7.77
188 -7.61
189 -7.59
190 -7.76
191 -7.51
192 -7.56
193 -7.57
194 -7.80
195 -5.30
196 -7.66
197 -7.60
198 -7.83
199 -8.64
200 -7.73
201 -7.71
202 -7.98
203 -7.64
204 -7.73
205 -7.59
206 -7.66
207 -5.18
208 -7.74
209 -7.52
210 -7.71
211 -7.62
212 -7.58
213 -5.22
214 -7.57
215 -7.67
216 -7.72
217 -7.42
218 -7.66
219 -7.56
220 -7.72
221 -7.50
222 -5.13
223 -7.56
224 -7.70
225 -7.56
226 -7.52
227 -7.68
228 -7.67
229 -5.07
230 -7.58
231 -7.68
232 -7.71
233 -7.68
234 -7.70
235 -7.80
236 -7.73
237 -7.67
238 -7.59
239 -5.21
240 -7.67
241 -7.74
242 -7.65
243 -5.28
244 -7.77
245 -7.95
246 -5.20
247 -2.63
248 -7.63
249 -7.67
250 -7.82
251 -7.68
252 -7.63
253 -7.67
254 -7.91
255 -5.26
256 -7.61
257 -7.72
258 -7.45
259 -7.62
260 -7.59
261 -7.77
262 -7.67
263 -7.75
264 -7.47
265 -7.66
266 -7.64
267 -7.83
268 -7.74
269 -5.23
270 -5.17
271 -7.57
272 -7.79
273 -7.65
274 -7.75
275 -7.65
276 -7.67
277 -7.65
278 -7.71
279 -8.38
280 -7.64
281 -7.54
282 -7.66
283 -7.79
284 -2.65
285 -7.52
286 -7.60
287 -4.94
288 -7.59
289 -7.52
290 -7.46
291 -7.70
292 -7.66
293 -5.10
294 -5.23
295 -7.68
296 -7.59
297 -7.76
298 -7.50
299 -7.78
300 -7.70
301 -7.59
302 -7.83
303 -7.74
304 -7.75
305 -7.68
306 -7.74
307 -7.61
308 -7.79
309 -7.61
310 -7.85
311 -2.77
312 -7.77
313 -7.57
314 -7.65
315 -7.67
316 -5.05
317 -7.71
318 -7.67
319 -7.62
320 -7.67
321 -7.75
322 -7.74
323 -7.77
324 -7.62
325 -8.72
326 -7.75
327 -7.68
328 -7.56
329 -7.76
330 -7.84
331 -7.65
332 -7.64
333 -7.67
334 -7.77
335 -7.65
336 -7.72
337 -7.73
338 -7.70
339 -7.70
340 -7.65
341 -7.68
342 -7.61
343 -7.79
344 -7.55
345 -7.63
346 -7.72
347 -7.64
348 -7.60
349 -7.62
350 -7.87
351 -7.76
352 -7.66
353 -7.63
354 -2.64
355 -7.66
356 -7.64
357 -7.71
358 -7.58
359 -7.72
360 -5.19
361 -7.67
362 -5.10
363 -8.05
364 -7.72
365 -7.74
366 -5.47
367 -7.78
368 -7.77
369 -7.76
370 -7.74
371 -7.71
372 -7.79
373 -7.66
374 -7.72
375 -7.69
376 -7.60
377 -7.86
378 -7.81
379 -7.66
380 -7.66
381 -7.72
382 -7.52
383 -7.63
384 -7.65
385 -7.63
386 -5.01
387 -7.73
388 -7.63
389 -5.28
390 -7.68
391 -7.72
392 -7.78
393 -5.13
394 -7.55
395 -7.71
396 -7.72
397 -7.60
398 -7.62
399 -7.59
400 -7.51
401 -7.60
402 -7.63
403 -7.72
404 -7.62
405 -7.74
406 -7.65
407 -7.58
408 -7.98
409 -8.70
410 -7.68
411 -7.56
412 -7.66
413 -7.68
414 -7.66
415 -7.71
416 -7.63
417 -7.80
418 -7.66
419 -7.73
420 -7.59
421 -7.70
422 -7.67
423 -7.79
424 -7.73
425 -7.57
426 -2.76
427 -7.65
428 -7.72
429 -7.83
430 -7.76
431 -7.62
432 -7.62
433 -7.61
434 -7.65
435 -7.73
436 -7.55
437 -5.26
438 -7.62
439 -7.41
440 -7.86
441 -7.64
442 -7.61
443 -5.24
444 -7.76
445 -7.68
446 -7.63
447 -7.67
448 -7.67
449 -6.24
450 -7.87
451 -7.63
452 -7.91
453 -7.77
454 -7.55
455 -7.59
456 -7.73
457 -7.64
458 -7.67
459 -7.72
460 -5.03
461 -7.62
462 -7.67
463 -7.82
464 -5.27
465 -7.74
466 -7.67
467 -7.56
468 -7.56
469 -7.73
470 -2.66
471 -7.70
472 -7.64
473 -7.57
474 -7.82
475 -7.47
476 -7.53
477 -7.81
478 -5.13
479 -7.70
480 -7.65
481 -7.60
482 -7.66
483 -7.64
484 -5.17
485 -7.71
486 -7.87
487 -7.61
488 -7.69
489 -7.59
490 -7.83
491 -7.56
492 -7.58
493 -5.15
494 -7.62
495 -7.71
496 -9.60
497 -7.67
498 -7.65
499 -2.78
500 -7.64
501 -7.69
502 -7.68
503 -7.71
504 -7.73
505 -7.53
506 -7.76
507 -7.77
508 -7.54
509 -7.47
510 -7.67
511 -7.69
512 -7.64
513 -7.80
514 -7.58
515 -7.66
516 -7.69
517 -7.66
518 -7.65
519 -5.18
520 -7.71
521 -5.26
522 -7.63
523 -7.60
524 -7.55
525 -5.64
526 -7.79
527 -7.77
528 -7.62
529 -2.68
530 -7.71
531 -7.47
532 -7.83
533 -7.75
534 -7.60
535 -7.56
536 -7.66
537 -7.58
538 -7.64
539 -7.71
540 -7.65
541 -7.68
542 -7.86
543 -7.67
544 -7.74
545 -7.72
546 -7.72
547 -7.73
548 -7.76
549 -7.66
550 -7.70
551 -7.62
552 -7.62
553 -7.75
554 -7.65
555 -7.72
556 -7.55
557 -7.77
558 -7.68
559 -5.07
560 -7.63
561 -7.70
562 -5.41
563 -7.56
564 -7.66
565 -7.79
566 -7.75
567 -8.70
568 -7.66
569 -7.68
570 -7.75
571 -5.12
572 -7.67
573 -7.65
574 -8.21
575 -7.66
576 -5.21
577 -7.67
578 -8.42
579 -7.65
580 -5.28
581 -7.63
582 -7.79
583 -7.75
584 -5.17
585 -7.72
586 -7.57
587 -7.70
588 -5.05
589 -7.66
590 -7.65
591 -7.46
592 -7.64
593 -7.64
594 -7.69
595 -7.59
596 -7.80
597 -7.76
598 -7.79
599 -7.61
600 -7.71
601 -5.17
602 -7.63
603 -7.68
604 -7.63
605 -7.50
606 -7.47
607 -7.71
608 -7.73
609 -7.79
610 -7.50
611 -7.72
612 -7.83
613 -7.60
614 -8.41
615 -7.69
616 -7.73
617 -4.99
618 -7.66
619 -7.65
620 -2.68
621 -7.87
622 -7.56
623 -7.59
624 -7.82
625 -7.57
626 -7.67
627 -7.85
628 -7.47
629 -7.73
630 -8.27
631 -7.82
632 -7.62
633 -7.63
634 -7.73
635 -5.22
636 -7.70
637 -7.74
638 -7.81
639 -7.61
640 -7.71
641 -7.60
642 -7.58
643 -7.69
644 -7.67
645 -7.68
646 -7.66
647 -7.63
648 -7.80
649 -5.32
650 -5.28
651 -7.62
652 -5.27
653 -7.88
654 -7.67
655 -7.73
656 -7.55
657 -7.65
658 -7.71
659 -7.57
660 -7.61
661 -7.56
662 -7.68
663 -7.70
664 -7.79
665 -7.71
666 -7.59
667 -7.56
668 -7.60
669 -5.14
670 -7.78
671 -7.81
672 -7.78
673 -7.59
674 -7.60
675 -7.62
676 -7.89
677 -7.64
678 -7.62
679 -7.64
680 -7.68
681 -7.64
682 -7.59
683 -7.62
684 -7.51
685 -7.54
686 -7.68
687 -7.63
688 -7.68
689 -7.70
690 -7.77
691 -7.75
692 -7.73
693 -7.58
694 -8.76
695 -7.83
696 -7.72
697 -7.60
698 -7.78
699 -7.76
700 -7.74
701 -7.77
702 -7.58
703 -7.81
704 -7.64
705 -7.61
706 -7.64
707 -7.66
708 -7.97
709 -7.77
710 -7.66
711 -7.62
712 -7.49
713 -7.68
714 -7.73
715 -5.22
716 -7.68
717 -7.70
718 -7.70
719 -7.65
720 -7.65
721 -7.69
722 -7.71
723 -7.73
724 -7.68
725 -7.76
726 -7.70
727 -7.79
728 -7.65
729 -7.70
730 -5.12
731 -7.74
732 -7.85
733 -7.58
734 -7.72
735 -7.62
736 -7.79
737 -7.58
738 -2.66
739 -7.65
740 -7.65
741 -7.51
742 -7.78
743 -7.66
744 -7.81
745 -7.54
746 -5.24
747 -5.17
748 -7.49
749 -7.78
750 -7.49
751 -7.70
752 -7.59
753 -7.64
754 -7.73
755 -8.33
756 -5.25
757 -7.79
758 -2.82
759 -7.66
760 -7.67
761 -7.72
762 -7.60
763 -8.74
764 -7.70
765 -7.63
766 -7.81
767 -7.61
768 -7.59
769 -7.53
770 -7.65
771 -5.08
772 -7.69
773 -7.66
774 -7.63
775 -7.66
776 -5.28
777 -7.56
778 -7.76
779 -7.80
780 -7.73
781 -7.52
782 -7.69
783 -7.78
784 -7.60
785 -7.88
786 -7.68
787 -7.60
788 -7.68
789 -7.76
790 -7.77
791 -5.14
792 -7.71
793 -7.78
794 -7.69
795 -5.04
796 -7.56
797 -7.80
798 -7.62
799 -7.71
800 -5.15
801 -7.71
802 -7.75
803 -7.61
804 -7.60
805 -7.70
806 -7.69
807 -5.17
808 -7.74
809 -7.61
810 -7.56
811 -7.50
812 -2.64
813 -5.10
814 -7.76
815 -5.15
816 -7.71
817 -7.76
818 -7.66
819 -7.75
820 -7.72
821 -8.09
822 -7.70
823 -7.81
824 -7.64
825 -7.71
826 -7.67
827 -7.78
828 -7.73
829 -7.62
830 -7.92
831 -7.73
832 -7.62
833 -7.75
834 -7.67
835 -7.88
836 -7.79
837 -7.64
838 -7.89
839 -7.62
840 -2.70
841 -7.58
842 -7.42
843 -7.60
844 -8.40
845 -7.64
846 -7.73
847 -7.68
848 -7.59
849 -7.63
850 -7.61
851 -7.70
852 -7.68
853 -7.71
854 -7.68
855 -8.55
856 -7.65
857 -7.71
858 -7.78
859 -5.06
860 -5.11
861 -7.82
862 -7.83
863 -7.65
864 -7.51
865 -7.74
866 -8.84
867 -7.60
868 -7.60
869 -5.38
870 -7.55
871 -7.54
872 -7.77
873 -7.74
874 -7.49
875 -7.62
876 -7.61
877 -7.65
878 -7.77
879 -7.65
880 -7.75
881 -7.64
882 -7.65
883 -7.79
884 -7.68
885 -7.55
886 -5.22
887 -7.65
888 -7.65
889 -7.64
890 -7.76
891 -5.00
892 -7.65
893 -7.69
894 -7.71
895 -7.62
896 -7.71
897 -7.66
898 -7.78
899 -7.58
900 -7.57
901 -7.75
902 -7.64
903 -7.66
904 -7.67
905 -7.69
906 -8.42
907 -7.74
908 -7.65
909 -7.51
910 -5.25
911 -7.73
912 -7.59
913 -7.60
914 -7.60
915 -7.56
916 -7.62
917 -7.74
918 -7.59
919 -7.77
920 -7.80
921 -7.57
922 -7.77
923 -7.56
924 -5.06
925 -7.63
926 -7.77
927 -5.32
928 -7.79
929 -7.77
930 -5.30
931 -8.41
932 -7.62
933 -7.69
934 -5.12
935 -5.15
936 -7.75
937 -7.59
938 -7.74
939 -5.09
940 -7.60
941 -7.64
942 -7.74
943 -5.07
944 -7.57
945 -5.03
946 -7.62
947 -7.57
948 -7.73
949 -7.64
950 -7.75
951 -7.73
952 -7.57
953 -7.60
954 -7.74
955 -7.77
956 -7.62
957 -7.59
958 -7.69
959 -7.67
960 -7.59
961 -7.53
962 -7.66
963 -5.20
964 -7.82
965 -7.64
966 -7.73
967 -7.62
968 -7.68
969 -7.72
970 -7.65
971 -7.57
972 -7.78
973 -7.69
974 -8.14
975 -7.62
976 -7.67
977 -7.52
978 -7.55
979 -7.64
980 -7.64
981 -7.66
982 -7.73
983 -7.75
984 -5.26
985 -7.73
986 -7.66
987 -7.57
988 -7.54
989 -7.55
990 -7.72
991 -7.65
992 -15.29
993 -8.40
994 -7.73
995 -7.62
996 -7.58
997 -7.61
998 -7.60
999 -7.74
1338.006266117096
