0 -7.629999999999873
1 -7.75999999999987
2 -2.5999999999999357
3 -7.564999999999874
4 0.005000000000084445
5 -2.6099999999999355
6 -2.5749999999999362
7 -2.5699999999999363
8 -2.579999999999936
9 -2.5249999999999373
10 -7.5549999999998745
11 -7.439999999999877
12 -2.534999999999937
13 -2.634999999999935
14 -7.494999999999876
15 -2.584999999999936
16 -2.629999999999935
17 -2.6499999999999346
18 -2.6099999999999355
19 -2.6499999999999346
20 -2.589999999999936
21 -7.5999999999998735
22 -2.589999999999936
23 -2.589999999999936
24 -2.4799999999999383
25 -2.534999999999937
26 -2.629999999999935
27 -7.659999999999872
28 -2.5749999999999362
29 -2.5499999999999368
30 -7.619999999999873
31 -7.7399999999998705
32 -2.6149999999999354
33 -2.5149999999999375
34 -2.6199999999999353
35 -2.6449999999999347
36 -2.5549999999999367
37 -2.639999999999935
38 -2.534999999999937
39 -2.589999999999936
40 -2.639999999999935
41 -2.5749999999999362
42 -2.6049999999999356
43 -2.5549999999999367
44 -2.6199999999999353
45 -2.6149999999999354
46 -7.659999999999872
47 -7.669999999999872
48 -2.6199999999999353
49 -2.579999999999936
50 -2.589999999999936
51 -2.499999999999938
52 -7.574999999999874
53 -7.519999999999875
54 -2.6149999999999354
55 -7.584999999999873
56 -2.6449999999999347
57 -7.699999999999871
58 -2.639999999999935
59 -2.5549999999999367
60 -7.629999999999873
61 -2.489999999999938
62 -7.594999999999874
63 -2.6599999999999344
64 -7.74999999999987
65 -2.6149999999999354
66 -2.5699999999999363
67 -2.6449999999999347
68 -2.594999999999936
69 -7.6499999999998725
70 -2.529999999999937
71 -2.5499999999999368
72 -2.624999999999935
73 -7.644999999999873
74 -7.729999999999871
75 -2.6549999999999345
76 -2.6099999999999355
77 -2.5599999999999365
78 -2.589999999999936
79 -7.699999999999871
80 -7.7899999999998695
81 -2.5749999999999362
82 -7.674999999999872
83 -7.719999999999871
84 -2.5599999999999365
85 -2.579999999999936
86 -2.5649999999999364
87 -2.5099999999999376
88 -2.6649999999999343
89 -2.6499999999999346
90 -7.584999999999874
91 -2.5599999999999365
92 -2.5749999999999362
93 -2.5199999999999374
94 -7.689999999999872
95 -2.5499999999999368
96 -2.579999999999936
97 -2.6149999999999354
98 -2.5049999999999377
99 -7.699999999999871
100 -2.529999999999937
101 -2.6049999999999356
102 -7.619999999999873
103 -2.584999999999936
104 -7.4599999999998765
105 -2.5749999999999362
106 -2.5599999999999365
107 -2.684999999999934
108 -2.544999999999937
109 -2.6099999999999355
110 -2.624999999999935
111 -2.629999999999935
112 -7.574999999999874
113 -2.5749999999999362
114 -2.6499999999999346
115 -2.629999999999935
116 -2.5749999999999362
117 -2.669999999999934
118 -2.6649999999999343
119 -2.6899999999999338
120 -2.5049999999999377
121 -0.1449999999999156
122 -2.579999999999936
123 -2.6049999999999356
124 -2.589999999999936
125 -2.579999999999936
126 -7.684999999999871
127 -2.584999999999936
128 -7.549999999999875
129 -2.6549999999999345
130 -2.534999999999937
131 -2.5549999999999367
132 -2.5099999999999376
133 -7.624999999999873
134 -7.529999999999875
135 -7.609999999999872
136 -2.6449999999999347
137 -2.544999999999937
138 -0.04499999999991555
139 -7.629999999999873
140 -2.589999999999936
141 -2.639999999999935
142 -2.6499999999999346
143 -2.5599999999999365
144 -2.5999999999999357
145 -7.574999999999873
146 -0.03499999999991556
147 -7.514999999999875
148 -2.6949999999999337
149 -2.5599999999999365
150 -7.839999999999868
151 -2.5649999999999364
152 -2.679999999999934
153 -2.494999999999938
154 -2.594999999999936
155 -0.10499999999991558
156 -2.539999999999937
157 -2.5549999999999367
158 -7.669999999999872
159 -2.5599999999999365
160 -7.579999999999874
161 -2.6099999999999355
162 -2.624999999999935
163 -7.524999999999874
164 -2.584999999999936
165 -7.579999999999874
166 -2.5999999999999357
167 -2.579999999999936
168 -2.6199999999999353
169 -0.04499999999991555
170 -7.609999999999873
171 -0.17999999999991564
172 -7.599999999999873
173 -2.629999999999935
174 -7.539999999999875
175 -2.594999999999936
176 -2.6199999999999353
177 -2.594999999999936
178 -7.454999999999877
179 -2.6949999999999337
180 -2.5149999999999375
181 -2.634999999999935
182 -2.489999999999938
183 -2.589999999999936
184 -2.5999999999999357
185 -2.5749999999999362
186 -0.07999999999991556
187 -7.674999999999872
188 -2.594999999999936
189 -2.5599999999999365
190 -2.579999999999936
191 -7.729999999999871
192 -2.5549999999999367
193 -7.449999999999876
194 -2.6099999999999355
195 -2.589999999999936
196 -7.594999999999874
197 -2.629999999999935
198 -2.579999999999936
199 -7.289999999999878
200 -7.584999999999874
201 -7.429999999999876
202 -2.5099999999999376
203 -0.039999999999915554
204 -7.669999999999871
205 -2.6499999999999346
206 -2.5499999999999368
207 -2.6049999999999356
208 -2.539999999999937
209 -2.584999999999936
210 -2.5049999999999377
211 -2.629999999999935
212 -7.4599999999998765
213 -2.6199999999999353
214 -2.594999999999936
215 -2.6099999999999355
216 -2.6149999999999354
217 -2.6149999999999354
218 -0.059999999999915545
219 -7.569999999999874
220 -2.529999999999937
221 -2.5649999999999364
222 -2.6099999999999355
223 -2.6199999999999353
224 -2.5699999999999363
225 -2.589999999999936
226 -2.5599999999999365
227 -2.5099999999999376
228 -2.579999999999936
229 -2.5749999999999362
230 -7.434999999999876
231 -2.5699999999999363
232 -2.584999999999936
233 -7.524999999999875
234 -2.6899999999999338
235 -7.554999999999874
236 -2.5649999999999364
237 -2.5499999999999368
238 -2.579999999999936
239 -7.664999999999872
240 -7.479999999999875
241 -2.5249999999999373
242 -2.534999999999937
243 -7.549999999999875
244 -2.4699999999999385
245 -7.534999999999874
246 -2.579999999999936
247 -7.414999999999877
248 -2.6499999999999346
249 -2.589999999999936
250 -2.5249999999999373
251 -2.594999999999936
252 -2.584999999999936
253 -2.5749999999999362
254 -7.704999999999871
255 -0.11999999999991559
256 -2.589999999999936
257 -2.544999999999937
258 -7.4199999999998765
259 -0.06999999999991555
260 -2.6199999999999353
261 -2.7049999999999335
262 -2.5699999999999363
263 -0.1349999999999156
264 -7.634999999999873
265 -7.529999999999874
266 -7.429999999999876
267 -2.5499999999999368
268 -2.589999999999936
269 -2.6049999999999356
270 -7.5099999999998746
271 -7.499999999999875
272 -2.6449999999999347
273 -2.5499999999999368
274 -7.504999999999875
275 -2.589999999999936
276 -2.634999999999935
277 -2.5599999999999365
278 -2.584999999999936
279 -2.5599999999999365
280 -7.534999999999874
281 -7.664999999999872
282 -2.584999999999936
283 -2.584999999999936
284 -2.484999999999938
285 -2.639999999999935
286 -0.06499999999991554
287 -0.11499999999991559
288 -2.579999999999936
289 -2.629999999999935
290 -7.309999999999879
291 -2.579999999999936
292 -7.564999999999873
293 -2.589999999999936
294 -2.5999999999999357
295 -2.589999999999936
296 -7.71999999999987
297 -2.529999999999937
298 -2.629999999999935
299 -2.639999999999935
300 -2.624999999999935
301 -2.5549999999999367
302 -2.594999999999936
303 -2.529999999999937
304 -7.604999999999873
305 -2.579999999999936
306 -2.6649999999999343
307 -2.484999999999938
308 -2.5499999999999368
309 -2.6149999999999354
310 -2.5699999999999363
311 -2.5499999999999368
312 -2.6149999999999354
313 -2.6049999999999356
314 -2.679999999999934
315 -2.589999999999936
316 -7.339999999999877
317 -2.6049999999999356
318 -2.5999999999999357
319 -2.5999999999999357
320 -2.639999999999935
321 -7.304999999999879
322 -2.6599999999999344
323 -2.5499999999999368
324 -2.5699999999999363
325 -0.04999999999991555
326 -2.589999999999936
327 -7.529999999999874
328 -7.574999999999873
329 -2.5549999999999367
330 -2.6149999999999354
331 -2.529999999999937
332 -0.11999999999991559
333 -2.529999999999937
334 -0.09499999999991557
335 -2.5699999999999363
336 -2.589999999999936
337 -2.539999999999937
338 -2.5199999999999374
339 -2.6099999999999355
340 -7.614999999999872
341 -2.594999999999936
342 -2.6649999999999343
343 -2.5999999999999357
344 -2.5649999999999364
345 -2.6149999999999354
346 -2.6549999999999345
347 -2.5249999999999373
348 -2.5649999999999364
349 -2.5249999999999373
350 -2.579999999999936
351 -7.069999999999883
352 -2.5599999999999365
353 -2.634999999999935
354 -2.529999999999937
355 -2.539999999999937
356 -7.444999999999876
357 -2.5499999999999368
358 -2.6199999999999353
359 -2.634999999999935
360 -2.5599999999999365
361 -0.04499999999991555
362 -2.544999999999937
363 -2.6599999999999344
364 -2.5549999999999367
365 -2.5549999999999367
366 -2.5049999999999377
367 -7.304999999999878
368 -2.629999999999935
369 -2.5599999999999365
370 -2.5749999999999362
371 -2.5499999999999368
372 -2.5699999999999363
373 -2.594999999999936
374 -2.6049999999999356
375 -0.02999999999991556
376 -6.664999999999889
377 -2.5499999999999368
378 -2.494999999999938
379 -4.4699999999998825
380 -2.544999999999937
381 -2.5499999999999368
382 -2.6049999999999356
383 -2.579999999999936
384 -2.5549999999999367
385 -6.999999999999884
386 -2.5499999999999368
387 -2.5249999999999373
388 -2.6099999999999355
389 -2.5549999999999367
390 -2.594999999999936
391 -7.519999999999874
392 -2.6149999999999354
393 -7.594999999999872
394 -2.534999999999937
395 -2.634999999999935
396 -2.639999999999935
397 -2.544999999999937
398 -2.6149999999999354
399 -7.294999999999878
400 -2.5999999999999357
401 -2.5999999999999357
402 -2.5699999999999363
403 -2.5749999999999362
404 -2.634999999999935
405 -2.539999999999937
406 -7.339999999999878
407 -6.829999999999886
408 -7.299999999999879
409 -2.5249999999999373
410 -2.5999999999999357
411 -2.594999999999936
412 -2.534999999999937
413 -2.5999999999999357
414 -7.454999999999875
415 -0.09999999999991557
416 -2.5549999999999367
417 -2.6549999999999345
418 -2.6499999999999346
419 -2.6449999999999347
420 -7.414999999999876
421 -2.674999999999934
422 -2.5749999999999362
423 -7.20999999999988
424 -6.869999999999885
425 -2.5749999999999362
426 -7.344999999999877
427 -0.10499999999991558
428 -2.5649999999999364
429 -2.5999999999999357
430 -2.594999999999936
431 -2.539999999999937
432 -2.6449999999999347
433 -2.5649999999999364
434 -2.6649999999999343
435 -2.594999999999936
436 -2.489999999999938
437 -4.839999999999877
438 -7.16499999999988
439 -7.079999999999883
440 -6.8649999999998865
441 -2.594999999999936
442 -6.854999999999888
443 -2.529999999999937
444 -2.589999999999936
445 -0.02999999999991556
446 -0.11499999999991559
447 -4.639999999999881
448 -2.6199999999999353
449 -7.144999999999881
450 -2.579999999999936
451 -2.6049999999999356
452 -2.6049999999999356
453 -2.579999999999936
454 -7.129999999999882
455 -2.484999999999938
456 -2.534999999999937
457 -2.579999999999936
458 -2.5549999999999367
459 -7.18499999999988
460 -2.529999999999937
461 -2.5749999999999362
462 -2.5999999999999357
463 -2.6499999999999346
464 -6.809999999999887
465 -6.909999999999885
466 -2.6049999999999356
467 -6.379999999999894
468 -6.539999999999891
469 -2.629999999999935
470 -2.5749999999999362
471 -2.579999999999936
472 -2.589999999999936
473 -2.584999999999936
474 -2.534999999999937
475 -2.544999999999937
476 -2.6649999999999343
477 -2.589999999999936
478 -2.584999999999936
479 -2.6649999999999343
480 -6.959999999999884
481 -2.6099999999999355
482 -7.0099999999998825
483 -2.539999999999937
484 -2.594999999999936
485 -2.544999999999937
486 -2.584999999999936
487 -6.8249999999998865
488 -2.5999999999999357
489 -2.5649999999999364
490 -2.5749999999999362
491 -2.579999999999936
492 -2.5749999999999362
493 -2.5749999999999362
494 -2.5599999999999365
495 -7.054999999999881
496 -2.5599999999999365
497 -2.5999999999999357
498 -2.579999999999936
499 -2.624999999999935
500 -6.339999999999893
501 -2.544999999999937
502 -6.869999999999885
503 -6.674999999999888
504 -6.579999999999889
505 -7.024999999999883
506 -2.6449999999999347
507 -2.5199999999999374
508 -2.5649999999999364
509 -2.594999999999936
510 -2.629999999999935
511 -2.5499999999999368
512 -2.589999999999936
513 -0.15499999999991562
514 -2.639999999999935
515 -2.5749999999999362
516 -2.5749999999999362
517 -2.594999999999936
518 -0.02499999999991556
519 -6.769999999999887
520 -2.534999999999937
521 -6.5049999999998915
522 -2.584999999999936
523 -2.5499999999999368
524 -0.07499999999991555
525 -2.639999999999935
526 -2.589999999999936
527 -2.679999999999934
528 -6.7949999999998845
529 -2.5999999999999357
530 -6.049999999999899
531 -2.5499999999999368
532 -0.02999999999991556
533 -2.6199999999999353
534 -2.529999999999937
535 -6.149999999999896
536 -2.594999999999936
537 -6.444999999999892
538 -6.394999999999893
539 -6.539999999999891
540 -2.5249999999999373
541 -2.6649999999999343
542 -2.579999999999936
543 -6.269999999999895
544 -5.939999999999899
545 -6.434999999999892
546 -2.6449999999999347
547 -2.6199999999999353
548 -2.624999999999935
549 -6.284999999999894
550 -0.08999999999991556
551 -6.459999999999892
552 -2.589999999999936
553 -5.939999999999901
554 -2.624999999999935
555 -2.674999999999934
556 -2.5599999999999365
557 -2.5749999999999362
558 -6.409999999999894
559 -6.334999999999893
560 -0.04999999999991555
561 -6.1449999999998965
562 -5.644999999999905
563 -2.5199999999999374
564 -2.5149999999999375
565 2.395000000000109
566 -2.6199999999999353
567 -2.584999999999936
568 -2.534999999999937
569 -2.5499999999999368
570 -5.789999999999902
571 -6.094999999999898
572 -2.624999999999935
573 -2.534999999999937
574 -2.534999999999937
575 -2.584999999999936
576 -6.124999999999898
577 -2.529999999999937
578 -6.149999999999896
579 -2.6049999999999356
580 -5.9499999999999
581 -2.5999999999999357
582 -2.6149999999999354
583 -2.6099999999999355
584 -2.589999999999936
585 -6.009999999999899
586 -2.634999999999935
587 -2.5749999999999362
588 -2.6499999999999346
589 -2.6099999999999355
590 -5.8599999999999
591 -2.679999999999934
592 -3.234999999999905
593 -0.039999999999915554
594 -2.5749999999999362
595 -2.6049999999999356
596 -2.579999999999936
597 -2.579999999999936
598 -2.594999999999936
599 -2.534999999999937
600 -2.539999999999937
601 -5.759999999999901
602 -5.714999999999905
603 -2.6449999999999347
604 -2.6549999999999345
605 -2.544999999999937
606 -5.9099999999999
607 -2.589999999999936
608 -2.6499999999999346
609 -2.584999999999936
610 -2.529999999999937
611 -2.5649999999999364
612 -0.11999999999991559
613 -2.6599999999999344
614 -5.634999999999904
615 -2.634999999999935
616 -2.589999999999936
617 -5.6099999999999035
618 -2.6549999999999345
619 -2.5199999999999374
620 -2.594999999999936
621 -2.589999999999936
622 -2.6149999999999354
623 -5.599999999999905
624 -2.5049999999999377
625 -2.5049999999999377
626 -2.494999999999938
627 -2.5999999999999357
628 -2.7149999999999332
629 -2.5599999999999365
630 -5.644999999999904
631 -5.639999999999905
632 -2.589999999999936
633 -2.594999999999936
634 -2.5199999999999374
635 -2.5699999999999363
636 -2.6999999999999336
637 -2.534999999999937
638 -2.5149999999999375
639 -5.619999999999905
640 -2.5999999999999357
641 -2.5649999999999364
642 -2.539999999999937
643 -5.2399999999999105
644 -2.584999999999936
645 -5.489999999999907
646 -2.679999999999934
647 -5.339999999999911
648 -5.339999999999911
649 -2.584999999999936
650 -2.529999999999937
651 -2.584999999999936
652 -2.5599999999999365
653 -2.639999999999935
654 -5.594999999999905
655 -2.5099999999999376
656 -2.639999999999935
657 -5.459999999999907
658 -2.6649999999999343
659 -2.5699999999999363
660 -2.589999999999936
661 -2.6099999999999355
662 -5.134999999999912
663 -5.344999999999909
664 -2.6599999999999344
665 -2.584999999999936
666 -2.5649999999999364
667 -5.409999999999908
668 -5.029999999999912
669 -2.5549999999999367
670 -2.639999999999935
671 -2.5549999999999367
672 -2.589999999999936
673 -2.629999999999935
674 -2.629999999999935
675 -2.6499999999999346
676 -2.624999999999935
677 -2.529999999999937
678 -5.279999999999911
679 -5.244999999999911
680 -2.584999999999936
681 -2.5649999999999364
682 -2.5699999999999363
683 -5.389999999999907
684 -2.544999999999937
685 -2.4799999999999383
686 -2.584999999999936
687 -0.1249999999999156
688 -2.5499999999999368
689 -2.629999999999935
690 -2.674999999999934
691 -2.589999999999936
692 -2.6099999999999355
693 -5.114999999999912
694 -5.269999999999907
695 -5.20499999999991
696 -2.5999999999999357
697 -2.5699999999999363
698 -2.5599999999999365
699 -2.584999999999936
700 -4.849999999999915
701 -2.584999999999936
702 -2.5999999999999357
703 -2.629999999999935
704 -2.5699999999999363
705 -5.039999999999914
706 -5.16499999999991
707 -2.594999999999936
708 -2.584999999999936
709 -2.6149999999999354
710 -2.639999999999935
711 -2.639999999999935
712 -2.5649999999999364
713 -4.799999999999914
714 -4.994999999999911
715 -2.534999999999937
716 -2.624999999999935
717 -4.874999999999915
718 -4.919999999999912
719 -5.034999999999913
720 -2.534999999999937
721 -2.499999999999938
722 -2.534999999999937
723 -2.5649999999999364
724 -0.10499999999991558
725 -0.09499999999991557
726 -2.584999999999936
727 -2.5649999999999364
728 -2.5749999999999362
729 -2.594999999999936
730 -2.5499999999999368
731 -2.589999999999936
732 -4.629999999999919
733 -2.5999999999999357
734 -2.579999999999936
735 -4.874999999999916
736 -4.729999999999914
737 -4.674999999999918
738 -4.839999999999915
739 -2.624999999999935
740 -4.764999999999915
741 -2.5699999999999363
742 -2.5649999999999364
743 -2.529999999999937
744 -2.5149999999999375
745 -0.014999999999915557
746 -2.529999999999937
747 -2.534999999999937
748 -2.5649999999999364
749 -4.53999999999992
750 -2.6549999999999345
751 -2.5599999999999365
752 -4.749999999999918
753 -2.6099999999999355
754 -2.534999999999937
755 -2.6599999999999344
756 -2.584999999999936
757 -2.6199999999999353
758 -4.629999999999917
759 -2.584999999999936
760 -2.5649999999999364
761 -2.539999999999937
762 -2.589999999999936
763 -2.5499999999999368
764 -2.624999999999935
765 -4.739999999999916
766 -2.639999999999935
767 -2.6199999999999353
768 -2.6049999999999356
769 -2.539999999999937
770 -2.579999999999936
771 -4.4799999999999205
772 -2.5699999999999363
773 -4.6099999999999195
774 -2.5749999999999362
775 -2.684999999999934
776 -2.579999999999936
777 -2.589999999999936
778 -2.6149999999999354
779 -2.5749999999999362
780 -4.52499999999992
781 -2.629999999999935
782 -2.634999999999935
783 -2.6199999999999353
784 -4.5249999999999195
785 -2.5599999999999365
786 -2.5699999999999363
787 -2.639999999999935
788 -4.369999999999921
789 -0.039999999999915554
790 -4.3499999999999215
791 -2.5549999999999367
792 -2.5649999999999364
793 -2.5749999999999362
794 -2.584999999999936
795 -4.709999999999917
796 -2.539999999999937
797 -2.6149999999999354
798 -2.5699999999999363
799 -2.584999999999936
800 -4.269999999999923
801 -2.674999999999934
802 -2.6149999999999354
803 -2.5199999999999374
804 -2.6199999999999353
805 -2.6199999999999353
806 -4.6199999999999175
807 -2.529999999999937
808 -2.584999999999936
809 -2.539999999999937
810 -4.324999999999923
811 -2.5249999999999373
812 -4.27999999999992
813 -2.6199999999999353
814 -2.539999999999937
815 -4.734999999999916
816 -4.374999999999921
817 -2.5699999999999363
818 -2.6049999999999356
819 -2.5049999999999377
820 -2.5999999999999357
821 -2.6049999999999356
822 -2.6099999999999355
823 -2.6599999999999344
824 -2.589999999999936
825 -2.594999999999936
826 -2.6549999999999345
827 -0.15999999999991563
828 -2.624999999999935
829 -2.634999999999935
830 -2.5199999999999374
831 -2.594999999999936
832 -2.5599999999999365
833 -2.6199999999999353
834 -4.1299999999999235
835 -4.159999999999925
836 -2.5749999999999362
837 -2.5749999999999362
838 -2.5549999999999367
839 -2.6199999999999353
840 -2.629999999999935
841 -2.6199999999999353
842 -2.5649999999999364
843 -4.30999999999992
844 -2.634999999999935
845 -2.579999999999936
846 -2.6449999999999347
847 -2.5149999999999375
848 -2.6049999999999356
849 -2.584999999999936
850 -4.304999999999922
851 -2.5649999999999364
852 -0.07499999999991555
853 -2.589999999999936
854 -2.5699999999999363
855 -2.624999999999935
856 -4.239999999999921
857 -4.184999999999922
858 -2.539999999999937
859 -4.379999999999921
860 -2.5649999999999364
861 -2.5649999999999364
862 -2.6949999999999337
863 -2.594999999999936
864 -2.534999999999937
865 -2.6149999999999354
866 -2.5999999999999357
867 -2.579999999999936
868 -2.5699999999999363
869 -0.10499999999991558
870 -2.579999999999936
871 -2.6049999999999356
872 -2.579999999999936
873 -2.5749999999999362
874 -2.6549999999999345
875 -3.939999999999927
876 -0.04999999999991555
877 -2.579999999999936
878 -4.6999999999999185
879 -2.6149999999999354
880 -2.6149999999999354
881 -2.529999999999937
882 -4.124999999999925
883 -2.6199999999999353
884 -4.464999999999921
885 -1.439999999999919
886 -2.589999999999936
887 -2.5999999999999357
888 -1.6449999999999203
889 -2.6099999999999355
890 -2.5599999999999365
891 2.4000000000001087
892 -2.629999999999935
893 -3.9699999999999256
894 -3.984999999999923
895 -0.08999999999991556
896 -4.169999999999925
897 -2.6049999999999356
898 -2.6449999999999347
899 -2.5999999999999357
900 -2.6149999999999354
901 -2.6149999999999354
902 -2.669999999999934
903 -2.6149999999999354
904 -3.964999999999925
905 -4.039999999999925
906 -4.299999999999922
907 -2.594999999999936
908 -2.5549999999999367
909 -3.959999999999924
910 -3.9749999999999273
911 -4.164999999999924
912 -2.5549999999999367
913 -2.594999999999936
914 -3.9799999999999267
915 -2.589999999999936
916 -4.6599999999999175
917 -2.5499999999999368
918 -2.624999999999935
919 -3.929999999999925
920 -2.6049999999999356
921 -2.544999999999937
922 -3.6949999999999283
923 -2.4799999999999383
924 -2.639999999999935
925 -3.949999999999922
926 -2.6899999999999338
927 -2.6549999999999345
928 -2.5549999999999367
929 -1.4849999999999215
930 -2.534999999999937
931 -2.544999999999937
932 -2.5999999999999357
933 -4.47999999999992
934 -3.944999999999925
935 -2.594999999999936
936 -2.5499999999999368
937 -2.6149999999999354
938 -2.5549999999999367
939 -2.6099999999999355
940 -2.534999999999937
941 -2.5599999999999365
942 -3.7499999999999254
943 -0.07999999999991556
944 -2.534999999999937
945 -2.6199999999999353
946 -2.5549999999999367
947 -2.629999999999935
948 -0.09499999999991557
949 -0.039999999999915554
950 -2.5599999999999365
951 -2.6449999999999347
952 -2.489999999999938
953 -2.6049999999999356
954 -3.7299999999999267
955 -2.7049999999999335
956 -2.5699999999999363
957 -3.9049999999999243
958 -2.6049999999999356
959 -2.529999999999937
960 -3.7499999999999267
961 -2.584999999999936
962 -2.5599999999999365
963 -2.589999999999936
964 -2.6199999999999353
965 -0.059999999999915545
966 -2.6149999999999354
967 -2.5549999999999367
968 -2.544999999999937
969 -2.539999999999937
970 -3.819999999999926
971 -0.07499999999991555
972 -2.674999999999934
973 -2.499999999999938
974 -3.5549999999999304
975 -2.6049999999999356
976 -2.584999999999936
977 -2.5699999999999363
978 -2.5699999999999363
979 -2.6549999999999345
980 -3.874999999999927
981 -3.6049999999999294
982 -2.5749999999999362
983 -2.529999999999937
984 -2.6149999999999354
985 -3.5949999999999314
986 -2.6549999999999345
987 -2.589999999999936
988 -3.8699999999999277
989 -2.624999999999935
990 -2.584999999999936
991 -3.9749999999999277
992 -3.889999999999927
993 -3.739999999999929
994 -2.669999999999934
995 -2.579999999999936
996 -2.674999999999934
997 -3.894999999999926
998 -2.589999999999936
999 -2.6199999999999353
1000 -3.819999999999928
1001 -3.549999999999928
1002 -2.5549999999999367
1003 -2.634999999999935
1004 -2.5499999999999368
1005 -2.5699999999999363
1006 -2.544999999999937
1007 -2.589999999999936
1008 -3.584999999999929
1009 -3.579999999999929
1010 -2.579999999999936
1011 -2.584999999999936
1012 -2.6149999999999354
1013 -2.544999999999937
1014 -2.5649999999999364
1015 -2.6499999999999346
1016 -2.534999999999937
1017 -2.5649999999999364
1018 -2.579999999999936
1019 -2.584999999999936
1020 -2.6099999999999355
1021 -2.5999999999999357
1022 -2.6099999999999355
1023 -3.669999999999926
1024 -2.6649999999999343
1025 -2.5699999999999363
1026 -2.6199999999999353
1027 -2.669999999999934
1028 -2.6149999999999354
1029 -2.634999999999935
1030 -2.629999999999935
1031 -2.5999999999999357
1032 -2.5249999999999373
1033 -2.5699999999999363
1034 -3.5799999999999277
1035 -2.589999999999936
1036 -2.6449999999999347
1037 -2.6549999999999345
1038 -2.629999999999935
1039 -2.6049999999999356
1040 -3.6249999999999303
1041 -3.809999999999924
1042 -3.4899999999999274
1043 -3.9599999999999254
1044 -2.5649999999999364
1045 -2.5549999999999367
1046 -2.5499999999999368
1047 -3.4499999999999313
1048 -3.709999999999927
1049 -2.5499999999999368
1050 -2.5499999999999368
1051 -2.594999999999936
1052 -3.7299999999999245
1053 -2.539999999999937
1054 -0.07499999999991555
1055 -3.3649999999999323
1056 -2.6099999999999355
1057 -2.6549999999999345
1058 -2.5249999999999373
1059 -2.5999999999999357
1060 -2.5999999999999357
1061 -2.629999999999935
1062 -2.5749999999999362
1063 -2.5699999999999363
1064 -2.5749999999999362
1065 -2.5649999999999364
1066 -2.594999999999936
1067 -2.539999999999937
1068 -4.119999999999925
1069 -2.5499999999999368
1070 -3.39999999999993
1071 -2.579999999999936
1072 -2.5599999999999365
1073 -2.5549999999999367
1074 -2.7149999999999332
1075 -2.594999999999936
1076 -2.5049999999999377
1077 -2.579999999999936
1078 -2.594999999999936
1079 -3.6599999999999278
1080 -0.05499999999991555
1081 -2.579999999999936
1082 -2.5549999999999367
1083 -3.4499999999999296
1084 -2.5649999999999364
1085 -3.739999999999927
1086 -2.6149999999999354
1087 -2.539999999999937
1088 -2.594999999999936
1089 -3.434999999999929
1090 -2.5999999999999357
1091 -2.5699999999999363
1092 -2.594999999999936
1093 -3.48499999999993
1094 -2.624999999999935
1095 -3.599999999999928
1096 -2.494999999999938
1097 -2.5249999999999373
1098 -0.10999999999991558
1099 -2.529999999999937
1100 -2.589999999999936
1101 -2.579999999999936
1102 -2.5549999999999367
1103 -2.6449999999999347
1104 -3.6449999999999276
1105 -2.539999999999937
1106 -2.5249999999999373
1107 -0.8049999999999201
1108 -2.639999999999935
1109 -2.589999999999936
1110 -2.624999999999935
1111 -3.28499999999993
1112 -3.384999999999931
1113 -2.5549999999999367
1114 -2.584999999999936
1115 -2.7049999999999335
1116 -2.5149999999999375
1117 -0.07999999999991556
1118 -3.3849999999999314
1119 -3.6399999999999295
1120 -3.7349999999999275
1121 0.020000000000084447
1122 -2.5749999999999362
1123 -2.5549999999999367
1124 -2.534999999999937
1125 -2.544999999999937
1126 -2.544999999999937
1127 -2.539999999999937
1128 -2.579999999999936
1129 -2.5749999999999362
1130 -3.6999999999999282
1131 -3.1949999999999332
1132 -3.2999999999999323
1133 -3.5199999999999267
1134 -0.014999999999915557
1135 -2.544999999999937
1136 -2.5599999999999365
1137 -2.629999999999935
1138 -2.624999999999935
1139 -2.539999999999937
1140 -0.06499999999991554
1141 -2.544999999999937
1142 -2.534999999999937
1143 -3.354999999999931
1144 -2.589999999999936
1145 -2.6549999999999345
1146 -2.5699999999999363
1147 -2.594999999999936
1148 -2.5699999999999363
1149 -2.5599999999999365
1150 -3.3149999999999316
1151 -2.5549999999999367
1152 -2.6449999999999347
1153 -2.5649999999999364
1154 -2.639999999999935
1155 -2.6449999999999347
1156 -2.6049999999999356
1157 -2.639999999999935
1158 -2.534999999999937
1159 -2.684999999999934
1160 -2.539999999999937
1161 -3.4049999999999314
1162 -2.5699999999999363
1163 -2.5549999999999367
1164 -2.5499999999999368
1165 -2.544999999999937
1166 -2.6899999999999338
1167 -4.034999999999924
1168 -2.624999999999935
1169 -3.5749999999999296
1170 -2.594999999999936
1171 -2.674999999999934
1172 -2.539999999999937
1173 -3.7749999999999297
1174 -3.379999999999932
1175 -2.6449999999999347
1176 -2.584999999999936
1177 -2.529999999999937
1178 -2.5499999999999368
1179 -2.484999999999938
1180 -2.539999999999937
1181 -2.5649999999999364
1182 -3.2649999999999317
1183 -2.6149999999999354
1184 -0.8099999999999201
1185 -2.529999999999937
1186 -2.579999999999936
1187 -2.634999999999935
1188 -3.344999999999932
1189 -3.42499999999993
1190 -2.6149999999999354
1191 -3.739999999999928
1192 -2.579999999999936
1193 -2.5999999999999357
1194 -2.484999999999938
1195 -3.1749999999999337
1196 -2.5599999999999365
1197 -2.5549999999999367
1198 -3.52499999999993
1199 2.470000000000107
1200 -2.5199999999999374
1201 -0.009999999999915556
1202 -2.529999999999937
1203 -3.2199999999999336
1204 -2.684999999999934
1205 -2.6049999999999356
1206 -2.5649999999999364
1207 -2.589999999999936
1208 -2.6199999999999353
1209 -3.409999999999931
1210 -2.5249999999999373
1211 -3.3199999999999306
1212 -2.584999999999936
1213 -0.039999999999915554
1214 -2.589999999999936
1215 -3.1149999999999336
1216 -2.589999999999936
1217 -3.289999999999932
1218 -0.08999999999991556
1219 -2.6549999999999345
1220 -3.3949999999999307
1221 -2.5749999999999362
1222 -2.5699999999999363
1223 -2.5499999999999368
1224 -2.6499999999999346
1225 -2.579999999999936
1226 -3.1249999999999334
1227 -3.284999999999931
1228 -2.674999999999934
1229 -2.5549999999999367
1230 -3.1399999999999344
1231 -2.5699999999999363
1232 -0.10999999999991558
1233 -3.2699999999999325
1234 -2.544999999999937
1235 -2.584999999999936
1236 -2.544999999999937
1237 -2.594999999999936
1238 -2.579999999999936
1239 -0.10999999999991558
1240 -2.5599999999999365
1241 -2.6449999999999347
1242 -2.594999999999936
1243 -2.639999999999935
1244 -3.559999999999928
1245 -2.5999999999999357
1246 -2.6049999999999356
1247 -2.5999999999999357
1248 -2.6049999999999356
1249 -2.584999999999936
1250 -2.5699999999999363
1251 -2.629999999999935
1252 -3.739999999999929
1253 -2.639999999999935
1254 -2.5149999999999375
1255 -3.0799999999999352
1256 -3.36499999999993
1257 -2.624999999999935
1258 -2.594999999999936
1259 -3.204999999999932
1260 -2.5549999999999367
1261 -2.6549999999999345
1262 -2.5149999999999375
1263 -2.5499999999999368
1264 -2.639999999999935
1265 -2.534999999999937
1266 -2.499999999999938
1267 -2.594999999999936
1268 -2.5699999999999363
1269 -2.6049999999999356
1270 -3.2949999999999298
1271 -2.5549999999999367
1272 -2.634999999999935
1273 -3.3199999999999315
1274 -2.529999999999937
1275 -4.194999999999924
1276 -2.5649999999999364
1277 -2.539999999999937
1278 -2.634999999999935
1279 -2.4799999999999383
1280 -2.534999999999937
1281 -2.5999999999999357
1282 -3.1049999999999325
1283 -2.6049999999999356
1284 -2.5699999999999363
1285 -2.5699999999999363
1286 -3.2499999999999303
1287 -2.5549999999999367
1288 -2.5649999999999364
1289 -0.9399999999999236
1290 -2.5599999999999365
1291 -0.06999999999991555
1292 -2.5199999999999374
1293 -4.094999999999926
1294 -2.534999999999937
1295 -3.799999999999927
1296 -2.5749999999999362
1297 -2.579999999999936
1298 -3.4249999999999305
1299 -3.3699999999999313
1300 -2.594999999999936
1301 -2.5549999999999367
1302 -2.589999999999936
1303 -2.499999999999938
1304 -2.594999999999936
1305 -2.589999999999936
1306 -2.624999999999935
1307 -2.639999999999935
1308 -2.6049999999999356
1309 -2.629999999999935
1310 -2.5649999999999364
1311 -2.629999999999935
1312 -2.6099999999999355
1313 -0.06499999999991554
1314 -2.5649999999999364
1315 -2.634999999999935
1316 -3.364999999999931
1317 -2.579999999999936
1318 -2.5549999999999367
1319 -3.119999999999935
1320 -2.5599999999999365
1321 -3.054999999999934
1322 -2.5749999999999362
1323 -2.6099999999999355
1324 -2.539999999999937
1325 -3.534999999999929
1326 -3.114999999999934
1327 -3.4049999999999314
1328 -3.069999999999933
1329 -2.6049999999999356
1330 -2.5249999999999373
1331 -3.224999999999931
1332 -2.5749999999999362
1333 -2.5649999999999364
1334 -2.629999999999935
1335 -2.584999999999936
1336 -3.044999999999932
1337 -2.5649999999999364
1338 -3.744999999999927
1339 -2.6049999999999356
1340 -2.579999999999936
1341 -2.5699999999999363
1342 -2.6049999999999356
1343 -2.5599999999999365
1344 -2.5249999999999373
1345 -2.594999999999936
1346 -2.634999999999935
1347 -2.6899999999999338
1348 -2.584999999999936
1349 -2.534999999999937
1350 -2.6149999999999354
1351 -2.5599999999999365
1352 -2.584999999999936
1353 -2.579999999999936
1354 -3.194999999999933
1355 -2.6049999999999356
1356 -3.284999999999932
1357 -2.6049999999999356
1358 -2.5599999999999365
1359 -2.589999999999936
1360 -2.6599999999999344
1361 -2.629999999999935
1362 -2.6449999999999347
1363 -2.6199999999999353
1364 -2.624999999999935
1365 -2.539999999999937
1366 -2.5499999999999368
1367 -2.6649999999999343
1368 -2.639999999999935
1369 -2.5999999999999357
1370 -2.5499999999999368
1371 -2.6549999999999345
1372 -2.624999999999935
1373 -3.794999999999926
1374 -2.5049999999999377
1375 -2.594999999999936
1376 -2.5149999999999375
1377 -2.5599999999999365
1378 -2.5999999999999357
1379 -2.669999999999934
1380 -3.52999999999993
1381 -2.534999999999937
1382 -2.594999999999936
1383 -2.529999999999937
1384 -2.5699999999999363
1385 -3.149999999999932
1386 -2.6149999999999354
1387 -2.6549999999999345
1388 -3.2999999999999323
1389 -2.639999999999935
1390 -2.544999999999937
1391 -2.5749999999999362
1392 -0.04999999999991555
1393 -3.1899999999999316
1394 -2.5499999999999368
1395 -2.5099999999999376
1396 -3.2599999999999323
1397 -2.534999999999937
1398 -0.7349999999999212
1399 -2.544999999999937
1400 -2.5749999999999362
1401 -2.5499999999999368
1402 -0.554999999999919
1403 -2.529999999999937
1404 -2.5149999999999375
1405 -2.4749999999999384
1406 -2.5749999999999362
1407 -2.6049999999999356
1408 -2.5699999999999363
1409 -2.684999999999934
1410 -2.579999999999936
1411 -2.5599999999999365
1412 -2.5649999999999364
1413 -0.6149999999999177
1414 -0.06999999999991555
1415 -2.6049999999999356
1416 -2.5099999999999376
1417 -3.0499999999999337
1418 -2.5549999999999367
1419 -2.6149999999999354
1420 -2.5749999999999362
1421 -2.5749999999999362
1422 -2.584999999999936
1423 -3.309999999999932
1424 -2.6599999999999344
1425 -2.594999999999936
1426 -3.024999999999934
1427 -2.639999999999935
1428 -2.6099999999999355
1429 -2.584999999999936
1430 -2.5199999999999374
1431 -2.4699999999999385
1432 -2.5499999999999368
1433 -2.6049999999999356
1434 -2.594999999999936
1435 -2.5049999999999377
1436 -2.634999999999935
1437 -2.6199999999999353
1438 -3.0999999999999326
1439 -3.084999999999933
1440 -3.099999999999932
1441 -2.6449999999999347
1442 -2.589999999999936
1443 -2.494999999999938
1444 -2.5599999999999365
1445 -2.5499999999999368
1446 -2.6049999999999356
1447 -3.119999999999932
1448 -2.5199999999999374
1449 -2.629999999999935
1450 -2.954999999999933
1451 -2.5499999999999368
1452 -2.5699999999999363
1453 -3.2499999999999307
1454 -2.594999999999936
1455 -2.5599999999999365
1456 -2.6149999999999354
1457 -2.5599999999999365
1458 -3.094999999999934
1459 -2.594999999999936
1460 -2.9299999999999344
1461 -2.5599999999999365
1462 -3.39499999999993
1463 -2.6099999999999355
1464 -2.5999999999999357
1465 -2.624999999999935
1466 -2.6099999999999355
1467 -2.584999999999936
1468 -3.119999999999933
1469 -2.5999999999999357
1470 -2.544999999999937
1471 -2.4649999999999386
1472 -2.6449999999999347
1473 -2.5599999999999365
1474 -2.964999999999934
1475 -2.5999999999999357
1476 -2.534999999999937
1477 -2.6499999999999346
1478 -2.6549999999999345
1479 -2.5749999999999362
1480 -3.039999999999934
1481 -3.48999999999993
1482 -2.5749999999999362
1483 -0.5199999999999199
1484 -2.634999999999935
1485 -2.994999999999934
1486 -3.144999999999933
1487 -2.539999999999937
1488 -2.589999999999936
1489 -3.0849999999999342
1490 -2.679999999999934
1491 -2.529999999999937
1492 -3.369999999999933
1493 -2.6449999999999347
1494 -2.6149999999999354
1495 -3.1749999999999314
1496 -2.9049999999999354
1497 -2.594999999999936
1498 -2.9099999999999353
1499 -2.624999999999935
1500 -2.529999999999937
1501 -2.594999999999936
1502 -2.5749999999999362
1503 -2.6199999999999353
1504 -2.579999999999936
1505 -2.5749999999999362
1506 -2.6099999999999355
1507 -2.589999999999936
1508 -2.954999999999935
1509 -2.6149999999999354
1510 -0.15499999999991562
1511 -2.5999999999999357
1512 -2.5549999999999367
1513 -2.594999999999936
1514 -2.5049999999999377
1515 -2.5199999999999374
1516 -2.579999999999936
1517 -2.6599999999999344
1518 -2.624999999999935
1519 -2.539999999999937
1520 -2.594999999999936
1521 -3.40999999999993
1522 -3.069999999999932
1523 -2.6149999999999354
1524 -2.5999999999999357
1525 -2.534999999999937
1526 -2.579999999999936
1527 -2.969999999999934
1528 -2.594999999999936
1529 -2.589999999999936
1530 -2.6649999999999343
1531 -2.6149999999999354
1532 -2.5649999999999364
1533 -2.594999999999936
1534 -2.5999999999999357
1535 -2.5999999999999357
1536 -3.6699999999999284
1537 -2.529999999999937
1538 -2.584999999999936
1539 -2.589999999999936
1540 -2.5599999999999365
1541 -2.5699999999999363
1542 -2.5749999999999362
1543 -2.534999999999937
1544 -2.544999999999937
1545 -2.5249999999999373
1546 -3.1649999999999303
1547 -2.6999999999999336
1548 -3.1199999999999313
1549 -2.6949999999999337
1550 -3.0949999999999327
1551 -2.6099999999999355
1552 -2.9749999999999335
1553 -2.5749999999999362
1554 -2.6449999999999347
1555 -3.0999999999999317
1556 -3.0099999999999336
1557 -2.6199999999999353
1558 -0.5649999999999183
1559 -2.929999999999934
1560 -2.9549999999999352
1561 -2.544999999999937
1562 -2.624999999999935
1563 -3.114999999999933
1564 -2.5199999999999374
1565 -2.639999999999935
1566 -2.5099999999999376
1567 -2.939999999999933
1568 -2.6549999999999345
1569 -2.969999999999933
1570 -3.524999999999934
1571 -2.5499999999999368
1572 -2.5599999999999365
1573 -2.5649999999999364
1574 -3.1049999999999325
1575 -2.6649999999999343
1576 -2.6149999999999354
1577 -3.0399999999999343
1578 -2.529999999999937
1579 -2.584999999999936
1580 -2.5199999999999374
1581 -2.6949999999999337
1582 -3.0699999999999337
1583 -2.5549999999999367
1584 -2.634999999999935
1585 -2.6099999999999355
1586 -2.989999999999933
1587 -3.1499999999999315
1588 -2.5699999999999363
1589 -2.5749999999999362
1590 -2.5149999999999375
1591 -2.5749999999999362
1592 -2.919999999999934
1593 -2.5749999999999362
1594 -2.639999999999935
1595 -2.584999999999936
1596 -2.589999999999936
1597 -2.5499999999999368
1598 -2.9649999999999346
1599 -3.5599999999999317
1600 -3.329999999999934
1601 -3.4049999999999305
1602 -2.5199999999999374
1603 -2.5249999999999373
1604 -2.6199999999999353
1605 -2.589999999999936
1606 -2.5749999999999362
1607 -2.9749999999999335
1608 -2.6449999999999347
1609 -2.9949999999999344
1610 -2.5499999999999368
1611 -2.5749999999999362
1612 -2.584999999999936
1613 -2.539999999999937
1614 -2.6099999999999355
1615 -2.5999999999999357
1616 -2.5649999999999364
1617 -2.5749999999999362
1618 -2.5549999999999367
1619 -2.579999999999936
1620 -2.579999999999936
1621 -3.3749999999999316
1622 -2.589999999999936
1623 -2.5749999999999362
1624 -2.5199999999999374
1625 -2.579999999999936
1626 -0.07499999999991555
1627 -3.2499999999999307
1628 -2.589999999999936
1629 -2.5199999999999374
1630 -2.5249999999999373
1631 -2.5749999999999362
1632 -2.6099999999999355
1633 -2.6449999999999347
1634 -2.629999999999935
1635 -2.5999999999999357
1636 1.770000000000122
1637 -2.634999999999935
1638 -2.589999999999936
1639 -2.6049999999999356
1640 -2.5549999999999367
1641 -3.7199999999999265
1642 -2.6449999999999347
1643 -2.6549999999999345
1644 -0.1249999999999156
1645 -2.5999999999999357
1646 -2.5499999999999368
1647 -2.5499999999999368
1648 -0.059999999999915545
1649 -3.059999999999932
1650 -2.589999999999936
1651 -2.589999999999936
1652 -2.579999999999936
1653 -2.6599999999999344
1654 -2.6199999999999353
1655 -2.6149999999999354
1656 -2.579999999999936
1657 -0.20499999999991567
1658 -3.0299999999999323
1659 -3.219999999999932
1660 -2.5699999999999363
1661 -2.6499999999999346
1662 -2.5599999999999365
1663 -2.914999999999935
1664 -2.5999999999999357
1665 -2.5749999999999362
1666 -2.5999999999999357
1667 -3.044999999999932
1668 -2.5999999999999357
1669 -3.519999999999928
1670 -2.8649999999999336
1671 -2.5599999999999365
1672 -2.5549999999999367
1673 -3.0299999999999323
1674 -2.854999999999935
1675 -2.579999999999936
1676 -2.6549999999999345
1677 -0.08999999999991556
1678 -2.5999999999999357
1679 -2.5499999999999368
1680 -2.5099999999999376
1681 -2.6099999999999355
1682 -2.5249999999999373
1683 -2.4799999999999383
1684 -2.534999999999937
1685 -2.634999999999935
1686 -2.5149999999999375
1687 -2.589999999999936
1688 -2.5999999999999357
1689 -2.7949999999999346
1690 -2.5699999999999363
1691 -2.5749999999999362
1692 -2.584999999999936
1693 -3.0349999999999326
1694 -2.6049999999999356
1695 -3.009999999999932
1696 -2.629999999999935
1697 -2.5099999999999376
1698 -2.579999999999936
1699 -2.5199999999999374
1700 -2.9549999999999343
1701 -2.669999999999934
1702 -2.5549999999999367
1703 -2.909999999999933
1704 -0.1299999999999156
1705 -3.0049999999999337
1706 -2.6049999999999356
1707 -2.6099999999999355
1708 -2.5549999999999367
1709 -2.639999999999935
1710 -2.6149999999999354
1711 -2.5749999999999362
1712 -2.6449999999999347
1713 -2.6199999999999353
1714 -3.2599999999999287
1715 -2.974999999999933
1716 -2.589999999999936
1717 -2.5599999999999365
1718 -0.334999999999918
1719 -2.499999999999938
1720 -2.5549999999999367
1721 -0.09999999999991557
1722 -2.6899999999999338
1723 -2.5549999999999367
1724 -0.4199999999999174
1725 -2.6099999999999355
1726 -2.534999999999937
1727 -2.6049999999999356
1728 -2.534999999999937
1729 -2.6149999999999354
1730 -2.634999999999935
1731 -2.4749999999999384
1732 -2.5749999999999362
1733 -2.539999999999937
1734 -2.5999999999999357
1735 -2.5999999999999357
1736 -2.6099999999999355
1737 -0.08999999999991556
1738 -2.669999999999934
1739 -2.639999999999935
1740 -2.539999999999937
1741 -2.6049999999999356
1742 -2.629999999999935
1743 -2.6049999999999356
1744 -2.634999999999935
1745 -0.019999999999915558
1746 -2.909999999999934
1747 -2.544999999999937
1748 -2.6149999999999354
1749 -0.11499999999991559
1750 -2.5549999999999367
1751 -2.589999999999936
1752 -2.544999999999937
1753 -2.5499999999999368
1754 -2.529999999999937
1755 -2.5599999999999365
1756 -2.5599999999999365
1757 -2.5999999999999357
1758 -2.5749999999999362
1759 -2.589999999999936
1760 -2.5499999999999368
1761 -2.5749999999999362
1762 -2.9649999999999332
1763 -2.899999999999935
1764 -2.6449999999999347
1765 -2.5999999999999357
1766 -2.5049999999999377
1767 -2.5549999999999367
1768 -2.6499999999999346
1769 -2.5249999999999373
1770 -2.5599999999999365
1771 -2.8549999999999343
1772 -2.834999999999936
1773 -2.5599999999999365
1774 -2.539999999999937
1775 -2.5999999999999357
1776 -2.6199999999999353
1777 -2.5999999999999357
1778 -2.639999999999935
1779 -2.9449999999999332
1780 -0.02999999999991556
1781 -2.629999999999935
1782 -2.584999999999936
1783 -2.5599999999999365
1784 -2.5749999999999362
1785 -2.5549999999999367
1786 -2.6149999999999354
1787 -2.594999999999936
1788 -2.534999999999937
1789 -2.6049999999999356
1790 -2.584999999999936
1791 -2.6549999999999345
1792 -2.994999999999933
1793 -2.8049999999999367
1794 -3.34999999999993
1795 -2.9749999999999335
1796 -2.974999999999932
1797 -2.5699999999999363
1798 -2.639999999999935
1799 -2.584999999999936
1800 -2.6499999999999346
1801 -2.6199999999999353
1802 -2.8449999999999345
1803 -2.579999999999936
1804 -2.979999999999934
1805 -2.8299999999999352
1806 -2.639999999999935
1807 -3.069999999999933
1808 -2.6199999999999353
1809 -2.594999999999936
1810 -2.7649999999999357
1811 -2.6899999999999373
1812 -2.6199999999999353
1813 -2.539999999999937
1814 -2.674999999999934
1815 -2.6499999999999346
1816 -2.584999999999936
1817 -2.5199999999999374
1818 -3.1899999999999316
1819 -2.639999999999935
1820 -2.5999999999999357
1821 -2.579999999999936
1822 -2.6199999999999353
1823 -2.5149999999999375
1824 -2.5499999999999368
1825 -2.5499999999999368
1826 -2.5999999999999357
1827 -2.6049999999999356
1828 -2.5599999999999365
1829 -2.5549999999999367
1830 -2.9699999999999336
1831 -2.629999999999935
1832 -2.6199999999999353
1833 -3.214999999999931
1834 -2.639999999999935
1835 -0.08499999999991556
1836 -3.1949999999999323
1837 -2.5999999999999357
1838 -2.844999999999936
1839 -2.529999999999937
1840 -2.579999999999936
1841 -2.919999999999933
1842 -3.449999999999929
1843 -2.494999999999938
1844 -0.1349999999999156
1845 -2.6499999999999346
1846 -2.494999999999938
1847 -2.5549999999999367
1848 -2.594999999999936
1849 -2.594999999999936
1850 -2.5999999999999357
1851 -2.5249999999999373
1852 -2.959999999999934
1853 -2.589999999999936
1854 -2.6049999999999356
1855 -2.579999999999936
1856 -2.5699999999999363
1857 -2.5699999999999363
1858 -2.539999999999937
1859 -2.799999999999935
1860 -2.594999999999936
1861 -2.5249999999999373
1862 -2.5249999999999373
1863 -2.7849999999999353
1864 -2.5699999999999363
1865 -2.6849999999999365
1866 -2.5649999999999364
1867 -2.8599999999999346
1868 -2.9649999999999337
1869 -3.0399999999999334
1870 -2.6149999999999354
1871 -2.5999999999999357
1872 -2.889999999999935
1873 -2.4699999999999385
1874 -2.5699999999999363
1875 -2.579999999999936
1876 -2.5649999999999364
1877 -3.164999999999929
1878 -2.579999999999936
1879 -2.8199999999999346
1880 -2.5199999999999374
1881 -2.629999999999935
1882 -2.8149999999999347
1883 -2.6199999999999353
1884 -2.6449999999999347
1885 -2.879999999999935
1886 -2.629999999999935
1887 -2.5999999999999357
1888 -2.804999999999934
1889 -2.5599999999999365
1890 -2.5649999999999364
1891 -2.499999999999938
1892 -3.1399999999999317
1893 -3.064999999999933
1894 -2.679999999999934
1895 -2.5249999999999373
1896 -2.5649999999999364
1897 -2.5749999999999362
1898 -2.594999999999936
1899 -3.3649999999999327
1900 -3.1249999999999316
1901 -2.8149999999999347
1902 -2.594999999999936
1903 -2.5649999999999364
1904 -2.9049999999999327
1905 -2.884999999999934
1906 -2.624999999999935
1907 -2.5999999999999357
1908 -2.584999999999936
1909 -2.6199999999999353
1910 -2.5549999999999367
1911 -0.22499999999991613
1912 -2.5149999999999375
1913 -2.6049999999999356
1914 -2.994999999999933
1915 -2.5749999999999362
1916 -2.579999999999936
1917 -2.6099999999999355
1918 -2.819999999999934
1919 -2.5999999999999357
1920 -2.5549999999999367
1921 -2.5999999999999357
1922 -2.639999999999935
1923 -2.539999999999937
1924 -0.08499999999991556
1925 -2.6049999999999356
1926 -2.8149999999999364
1927 -2.6899999999999338
1928 -2.579999999999936
1929 -2.6199999999999353
1930 -2.5549999999999367
1931 -2.6199999999999353
1932 -2.894999999999934
1933 -2.674999999999934
1934 -2.5499999999999368
1935 -2.589999999999936
1936 -2.5249999999999373
1937 -2.584999999999936
1938 -2.584999999999936
1939 -2.5499999999999368
1940 -2.6099999999999355
1941 -2.6149999999999354
1942 -2.8099999999999343
1943 -2.5599999999999365
1944 -2.674999999999934
1945 -2.594999999999936
1946 -3.314999999999932
1947 -3.0849999999999334
1948 -3.304999999999932
1949 -2.8549999999999343
1950 -3.0899999999999315
1951 -2.899999999999933
1952 -2.7099999999999334
1953 -2.829999999999935
1954 -2.6199999999999353
1955 -2.6499999999999346
1956 -2.5699999999999363
1957 -2.624999999999935
1958 -2.629999999999935
1959 -2.5249999999999373
1960 -2.5649999999999364
1961 -2.7549999999999355
1962 -2.7449999999999357
1963 -2.6149999999999354
1964 -2.5649999999999364
1965 -3.244999999999933
1966 -2.529999999999937
1967 -2.5999999999999357
1968 -2.6649999999999343
1969 -2.5549999999999367
1970 -2.5999999999999357
1971 -2.589999999999936
1972 -2.5499999999999368
1973 -2.6149999999999354
1974 -2.909999999999932
1975 -3.2899999999999325
1976 -2.5149999999999375
1977 -2.624999999999935
1978 -2.5999999999999357
1979 -2.629999999999935
1980 -2.8499999999999344
1981 -2.589999999999936
1982 -2.6099999999999355
1983 -2.8849999999999345
1984 -2.584999999999936
1985 -2.634999999999935
1986 -2.6049999999999356
1987 -2.914999999999936
1988 -2.6149999999999354
1989 -2.594999999999936
1990 -2.7549999999999355
1991 -2.539999999999937
1992 -0.16999999999991564
1993 -2.634999999999935
1994 -2.634999999999935
1995 -2.544999999999937
1996 -2.6449999999999347
1997 -2.529999999999937
1998 -2.624999999999935
1999 -2.5999999999999357
4921.948274374008
