0 -1.27
1 -1.22
2 -7.91
3 -5.66
4 -1.23
5 -8.80
6 -2.98
7 1.28
8 -8.51
9 -6.59
10 -2.88
11 -1.62
12 -8.84
13 4.72
14 -1.13
15 -2.89
16 -6.89
17 -5.47
18 -8.61
19 -6.19
20 -2.96
21 -5.29
22 -8.61
23 -2.92
24 -3.60
25 -0.78
26 3.94
27 -3.24
28 -6.62
29 -3.54
30 -3.43
31 -5.56
32 6.13
33 -8.71
34 -6.07
35 -8.81
36 -5.40
37 -2.98
38 3.92
39 1.35
40 -7.85
41 4.60
42 -5.35
43 -6.14
44 -4.20
45 -8.70
46 -6.37
47 -7.99
48 -8.72
49 2.06
50 -7.79
51 1.15
52 -8.11
53 -6.14
54 -6.09
55 7.20
56 -7.83
57 -9.10
58 -3.50
59 -9.09
60 -3.75
61 -7.98
62 -3.21
63 2.02
64 -4.09
65 -7.92
66 -3.24
67 -8.72
68 -3.31
69 -5.24
70 -6.30
71 2.14
72 -1.18
73 1.31
74 -8.85
75 -5.66
76 -0.43
77 -6.05
78 -0.77
79 -8.97
80 -7.97
81 -6.59
82 2.14
83 -1.08
84 -5.31
85 -6.34
86 -9.51
87 -6.48
88 -3.67
89 -6.09
90 -8.09
91 -8.75
92 14.03
93 -8.84
94 -0.67
95 -5.42
96 3.91
97 -0.60
98 1.60
99 -4.19
100 -8.79
101 -5.56
102 -8.73
103 -2.87
104 1.66
105 4.23
106 6.02
107 -8.67
108 0.21
109 1.37
110 -7.91
111 1.99
112 -4.08
113 -0.81
114 -8.67
115 2.19
116 -8.79
117 4.56
118 -5.36
119 -6.58
120 -0.43
121 -5.41
122 -6.49
123 1.99
124 -1.68
125 -9.57
126 -8.44
127 -5.80
128 -9.92
129 -5.20
130 -8.65
131 3.78
132 -0.67
133 8.86
134 -5.34
135 -7.93
136 -2.92
137 -4.25
138 13.76
139 -5.50
140 4.42
141 -5.57
142 -2.91
143 1.34
144 1.21
145 14.37
146 -8.73
147 -8.41
148 -7.89
149 -4.07
150 -6.22
151 -8.83
152 0.27
153 -6.24
154 1.37
155 -7.83
156 -6.03
157 -5.39
158 -0.73
159 -8.67
160 2.67
161 -7.99
162 0.19
163 -8.01
164 -5.37
165 3.71
166 1.05
167 -3.63
168 -6.53
169 -6.06
170 -6.13
171 -9.86
172 -1.66
173 -0.67
174 4.00
175 0.28
176 -9.00
177 1.98
178 6.34
179 -1.93
180 -2.42
181 -2.79
182 -7.91
183 -2.93
184 -4.17
185 -5.09
186 -3.71
187 4.07
188 -3.74
189 -1.35
190 -10.47
191 -6.34
192 -10.24
193 -0.52
194 -3.77
195 -3.53
196 3.56
197 -1.64
198 -7.87
199 0.92
200 -4.61
201 8.68
202 4.40
203 -0.38
204 -8.10
205 -8.67
206 -3.58
207 -8.03
208 -6.21
209 -3.67
210 -6.41
211 -5.61
212 -1.08
213 -8.74
214 -5.33
215 -5.50
216 3.22
217 4.81
218 6.38
219 -3.57
220 -8.71
221 6.49
222 -0.26
223 -5.43
224 -0.60
225 4.53
226 -7.71
227 -4.05
228 -6.92
229 -2.68
230 6.37
231 -0.55
232 -3.04
233 -0.46
234 1.49
235 -6.31
236 -2.99
237 -1.22
238 -0.97
239 9.63
240 -7.34
241 -0.59
242 -3.51
243 -8.93
244 -3.98
245 -4.10
246 -10.13
247 -8.77
248 -2.59
249 13.94
250 13.02
251 13.76
252 -1.00
253 -3.71
254 -0.47
255 -3.53
256 -8.74
257 1.51
258 -8.60
259 -2.74
260 3.46
261 -3.43
262 -3.04
263 -6.49
264 -6.67
265 -2.90
266 -6.43
267 3.79
268 1.27
269 4.72
270 -0.31
271 6.06
272 4.66
273 -1.26
274 -3.83
275 4.70
276 -10.60
277 16.46
278 -2.96
279 -3.75
280 -6.67
281 13.23
282 -4.23
283 8.55
284 -3.77
285 4.21
286 11.33
287 6.44
288 -5.91
289 -5.58
290 -7.97
291 -3.57
292 0.89
293 0.58
294 2.07
295 2.93
296 2.12
297 -6.17
298 -6.22
299 -8.59
300 0.82
301 -7.95
302 -8.80
303 10.58
304 -6.65
305 -5.47
306 11.55
307 -3.77
308 4.56
309 -4.35
310 8.40
311 -5.56
312 -6.14
313 -1.98
314 -0.51
315 1.26
316 -0.97
317 -3.75
318 0.53
319 -3.23
320 -2.92
321 -0.24
322 -0.45
323 -4.40
324 1.02
325 -0.36
326 -7.27
327 3.80
328 4.10
329 10.35
330 15.90
331 8.79
332 -3.16
333 -0.50
334 -1.26
335 6.41
336 -0.50
337 1.26
338 -0.45
339 -1.27
340 4.19
341 -5.43
342 -2.42
343 4.88
344 -6.82
345 -3.06
346 4.59
347 11.84
348 2.73
349 14.62
350 1.84
351 12.00
352 -4.86
353 -0.36
354 16.90
355 1.35
356 0.95
357 -5.82
358 2.31
359 8.92
360 -1.21
361 -6.31
362 3.96
363 10.71
364 11.75
365 -2.94
366 8.80
367 3.27
368 4.64
369 -5.52
370 4.39
371 2.35
372 -3.69
373 9.10
374 -2.85
375 27.00
376 1.47
377 -5.44
378 6.37
379 -1.19
380 14.97
381 -1.03
382 0.96
383 -4.10
384 3.70
385 7.01
386 9.69
387 -3.28
388 7.19
389 -2.93
390 8.90
391 13.89
392 8.61
393 10.18
394 7.29
395 6.36
396 1.63
397 19.04
398 1.37
399 10.92
400 -4.31
401 10.42
402 18.45
403 6.61
404 14.71
405 1.44
406 7.09
407 -6.56
408 0.15
409 4.29
410 0.76
411 -5.88
412 8.78
413 4.30
414 3.90
415 1.33
416 8.58
417 11.48
418 0.90
419 7.13
420 1.40
421 6.37
422 8.67
423 10.21
424 -4.04
425 5.86
426 22.87
427 3.58
428 4.51
429 4.67
430 0.15
431 9.45
432 8.81
433 6.34
434 0.77
435 34.53
436 2.21
437 3.33
438 6.88
439 3.33
440 18.11
441 14.39
442 8.62
443 9.56
444 8.44
445 1.80
446 1.15
447 17.05
448 6.67
449 4.58
450 -1.48
451 7.14
452 1.24
453 6.94
454 -3.74
455 6.87
456 -6.46
457 8.09
458 5.71
459 16.92
460 6.32
461 5.67
462 10.04
463 4.16
464 18.47
465 4.33
466 9.84
467 10.51
468 -3.69
469 18.29
470 11.96
471 15.81
472 14.47
473 -4.55
474 9.07
475 23.98
476 14.63
477 18.60
478 16.43
479 16.08
480 17.78
481 2.04
482 14.68
483 18.18
484 4.91
485 14.60
486 14.72
487 3.75
488 3.91
489 10.14
490 6.38
491 10.39
492 4.20
493 17.49
494 4.28
495 17.06
496 17.15
497 12.22
498 23.04
499 15.11
500 0.69
501 15.26
502 7.20
503 9.19
504 9.56
505 19.34
506 11.22
507 21.25
508 31.68
509 4.78
510 1.39
511 10.88
512 17.70
513 34.57
514 12.67
515 2.84
516 17.89
517 8.34
518 7.02
519 10.24
520 11.24
521 7.01
522 7.75
523 11.08
524 3.86
525 -0.62
526 6.62
527 20.36
528 17.03
529 5.66
530 15.30
531 6.39
532 1.24
533 19.24
534 1.42
535 9.40
536 4.12
537 -3.68
538 31.29
539 20.07
540 28.83
541 12.16
542 10.19
543 14.23
544 11.78
545 5.22
546 20.15
547 24.60
548 20.81
549 6.23
550 12.98
551 34.67
552 7.03
553 9.91
554 15.19
555 13.63
556 16.58
557 14.76
558 16.40
559 6.28
560 19.76
561 13.89
562 20.69
563 17.47
564 7.67
565 8.85
566 9.53
567 11.32
568 14.16
569 12.20
570 24.79
571 21.03
572 15.96
573 12.24
574 26.02
575 10.38
576 30.09
577 26.02
578 14.13
579 9.46
580 33.60
581 17.21
582 14.67
583 34.10
584 29.42
585 25.17
586 12.13
587 12.19
588 2.04
589 17.19
590 9.87
591 2.05
592 18.13
593 15.90
594 3.94
595 22.94
596 38.26
597 -0.49
598 17.37
599 13.78
600 15.14
601 6.99
602 24.33
603 18.97
604 15.85
605 27.30
606 18.05
607 12.20
608 25.76
609 13.35
610 23.09
611 25.25
612 22.41
613 18.51
614 17.63
615 29.44
616 21.85
617 9.17
618 23.72
619 15.86
620 26.03
621 26.30
622 14.87
623 22.97
624 28.54
625 20.63
626 21.30
627 17.16
628 19.64
629 19.35
630 13.81
631 26.18
632 10.92
633 21.17
634 31.80
635 10.98
636 14.86
637 18.88
638 18.02
639 6.15
640 21.30
641 2.89
642 28.16
643 22.87
644 19.45
645 19.39
646 20.16
647 3.60
648 21.83
649 26.69
650 2.70
651 18.28
652 22.26
653 23.87
654 9.55
655 13.54
656 24.76
657 17.68
658 12.17
659 19.60
660 41.77
661 4.04
662 17.24
663 17.53
664 10.07
665 7.39
666 56.45
667 10.30
668 11.69
669 25.97
670 19.59
671 19.57
672 7.19
673 27.86
674 29.59
675 9.35
676 11.74
677 9.79
678 24.59
679 32.17
680 42.51
681 2.07
682 15.47
683 12.02
684 33.94
685 24.66
686 13.95
687 10.47
688 35.18
689 4.19
690 28.86
691 28.86
692 26.20
693 21.61
694 27.95
695 9.04
696 3.59
697 27.11
698 12.06
699 18.80
700 19.66
701 27.00
702 21.03
703 29.15
704 14.77
705 22.06
706 25.21
707 26.78
708 17.93
709 14.10
710 18.25
711 29.57
712 23.76
713 29.65
714 19.54
715 8.38
716 26.91
717 13.47
718 33.81
719 19.10
720 32.46
721 20.59
722 35.36
723 29.32
724 22.10
725 24.43
726 12.05
727 27.33
728 24.95
729 10.12
730 14.40
731 16.16
732 19.71
733 29.05
734 21.22
735 23.99
736 28.60
737 22.26
738 19.36
739 26.64
740 18.04
741 56.08
742 42.16
743 29.02
744 5.61
745 30.61
746 24.41
747 13.63
748 20.95
749 42.72
750 20.52
751 21.36
752 18.35
753 24.53
754 19.69
755 15.92
756 15.51
757 19.90
758 37.79
759 22.90
760 16.27
761 3.88
762 11.74
763 19.68
764 25.77
765 4.37
766 11.30
767 31.74
768 15.06
769 31.27
770 13.88
771 8.62
772 12.16
773 16.04
774 18.88
775 27.93
776 15.97
777 11.35
778 15.56
779 17.20
780 39.47
781 20.04
782 23.02
783 24.11
784 28.11
785 31.51
786 27.79
787 14.73
788 16.39
789 44.80
790 12.01
791 13.02
792 10.21
793 17.20
794 11.13
795 26.34
796 28.23
797 29.02
798 4.65
799 30.87
800 8.90
801 18.65
802 25.45
803 11.95
804 31.59
805 30.64
806 26.77
807 16.15
808 21.01
809 15.48
810 23.56
811 18.55
812 23.28
813 10.63
814 24.03
815 34.79
816 21.92
817 20.08
818 36.62
819 21.39
820 27.41
821 35.35
822 18.41
823 12.41
824 29.28
825 23.04
826 15.58
827 33.89
828 30.68
829 31.68
830 16.81
831 28.97
832 3.44
833 20.51
834 19.00
835 13.77
836 24.09
837 32.23
838 17.96
839 25.14
840 8.41
841 39.88
842 17.76
843 28.90
844 37.39
845 21.77
846 14.05
847 21.25
848 23.69
849 4.95
850 28.85
851 39.08
852 12.64
853 12.03
854 26.79
855 31.21
856 11.32
857 17.54
858 14.63
859 10.63
860 18.73
861 26.40
862 27.19
863 15.32
864 17.33
865 23.62
866 24.77
867 17.93
868 32.93
869 10.51
870 26.58
871 34.71
872 13.41
873 19.06
874 23.36
875 17.08
876 26.91
877 27.21
878 15.76
879 27.08
880 14.94
881 6.30
882 22.51
883 35.21
884 14.68
885 6.11
886 28.57
887 13.81
888 22.19
889 25.07
890 22.79
891 15.89
892 11.40
893 27.12
894 9.54
895 12.19
896 26.05
897 4.42
898 27.76
899 35.54
900 28.38
901 6.13
902 23.69
903 3.45
904 16.80
905 21.18
906 24.87
907 20.86
908 24.80
909 36.08
910 40.24
911 24.83
912 15.90
913 28.15
914 20.23
915 5.59
916 12.82
917 26.18
918 13.77
919 33.91
920 30.94
921 15.59
922 19.93
923 23.88
924 13.45
925 35.52
926 25.24
927 8.33
928 34.11
929 -1.72
930 30.01
931 19.19
932 17.77
933 10.92
934 27.12
935 30.35
936 27.25
937 15.13
938 1.41
939 19.27
940 7.99
941 39.81
942 18.89
943 17.08
944 23.76
945 -1.77
946 19.01
947 32.26
948 20.74
949 15.05
950 12.76
951 19.94
952 34.00
953 11.49
954 24.22
955 33.06
956 26.56
957 26.58
958 36.63
959 42.57
960 27.04
961 25.30
962 44.64
963 30.85
964 13.38
965 14.94
966 16.79
967 26.00
968 24.50
969 13.94
970 14.22
971 41.53
972 33.64
973 34.33
974 22.06
975 18.26
976 27.07
977 11.69
978 22.09
979 23.53
980 29.49
981 18.95
982 36.50
983 36.07
984 26.30
985 24.94
986 21.27
987 25.26
988 25.98
989 39.12
990 20.49
991 26.66
992 36.74
993 24.81
994 18.00
995 14.84
996 36.17
997 23.14
998 23.55
999 13.40
3657.4203131198883
