0 -5.1499999999998725
1 -2.6899999999999338
2 -7.644999999999873
3 -2.589999999999936
4 -2.589999999999936
5 -2.5999999999999357
6 -2.6099999999999355
7 -7.76999999999987
8 -2.624999999999935
9 -2.494999999999938
10 -2.634999999999935
11 -2.4749999999999384
12 -2.679999999999934
13 -7.619999999999873
14 -7.7899999999998695
15 -2.5249999999999373
16 -2.584999999999936
17 -2.594999999999936
18 -2.5599999999999365
19 -5.119999999999873
20 -2.534999999999937
21 -2.5199999999999374
22 -2.5749999999999362
23 -2.634999999999935
24 -7.5999999999998735
25 -2.6099999999999355
26 -7.74999999999987
27 -2.6099999999999355
28 -7.624999999999873
29 -7.544999999999875
30 -2.539999999999937
31 -7.76499999999987
32 -2.5549999999999367
33 -2.5999999999999357
34 -2.634999999999935
35 -2.5599999999999365
36 -2.529999999999937
37 -0.15499999999991562
38 -7.5999999999998735
39 -2.589999999999936
40 -2.6599999999999344
41 -2.669999999999934
42 -2.5649999999999364
43 -2.494999999999938
44 -2.6099999999999355
45 -2.579999999999936
46 -2.5599999999999365
47 -2.629999999999935
48 -7.75999999999987
49 -7.799999999999869
50 -7.77999999999987
51 -7.664999999999872
52 -2.5599999999999365
53 -2.529999999999937
54 -7.4599999999998765
55 -2.5499999999999368
56 -2.634999999999935
57 -7.659999999999872
58 -2.529999999999937
59 -2.594999999999936
60 -2.634999999999935
61 -2.634999999999935
62 -7.5999999999998735
63 -2.6149999999999354
64 -2.5249999999999373
65 -7.669999999999872
66 -2.6899999999999338
67 -2.529999999999937
68 -2.589999999999936
69 -2.5749999999999362
70 -2.5699999999999363
71 -7.719999999999871
72 -2.544999999999937
73 -2.534999999999937
74 -2.6149999999999354
75 -2.5499999999999368
76 -2.539999999999937
77 -2.5699999999999363
78 -2.6099999999999355
79 -2.6499999999999346
80 -2.6899999999999338
81 -2.579999999999936
82 -2.5249999999999373
83 -7.689999999999872
84 -7.539999999999875
85 -7.669999999999872
86 -7.724999999999871
87 -2.6049999999999356
88 -2.6049999999999356
89 -2.5549999999999367
90 -2.5499999999999368
91 -2.5699999999999363
92 -2.5099999999999376
93 -2.6149999999999354
94 -2.589999999999936
95 -2.5199999999999374
96 -7.569999999999874
97 -2.594999999999936
98 -2.5599999999999365
99 -2.5699999999999363
100 -2.594999999999936
101 -7.609999999999873
102 -2.579999999999936
103 -2.5699999999999363
104 -2.534999999999937
105 -2.579999999999936
106 -2.6149999999999354
107 -2.594999999999936
108 -2.589999999999936
109 -7.729999999999871
110 -2.5649999999999364
111 -7.609999999999873
112 -7.76999999999987
113 -2.5599999999999365
114 -2.5649999999999364
115 -2.4749999999999384
116 -7.6949999999998715
117 -2.6049999999999356
118 -2.589999999999936
119 -2.624999999999935
120 -2.5649999999999364
121 -2.6549999999999345
122 -7.804999999999869
123 -2.594999999999936
124 -7.664999999999872
125 -7.6499999999998725
126 -2.6099999999999355
127 -2.594999999999936
128 -2.674999999999934
129 -2.584999999999936
130 -2.5749999999999362
131 -7.699999999999871
132 -2.6049999999999356
133 -7.5999999999998735
134 -7.689999999999872
135 -2.579999999999936
136 -2.634999999999935
137 -2.584999999999936
138 -2.5049999999999377
139 -2.6099999999999355
140 -2.544999999999937
141 -2.529999999999937
142 -7.589999999999874
143 -2.679999999999934
144 -2.6899999999999338
145 -2.594999999999936
146 2.425000000000108
147 -2.6099999999999355
148 -5.069999999999874
149 -7.699999999999871
150 -7.75999999999987
151 -7.829999999999869
152 -2.39499999999994
153 -2.6549999999999345
154 -2.594999999999936
155 -2.534999999999937
156 -2.589999999999936
157 -7.689999999999872
158 -2.639999999999935
159 -2.594999999999936
160 -2.5999999999999357
161 -7.75999999999987
162 -7.699999999999871
163 -2.544999999999937
164 -7.614999999999873
165 -2.584999999999936
166 -2.5099999999999376
167 -2.594999999999936
168 -7.849999999999868
169 -7.569999999999874
170 -2.5649999999999364
171 -7.679999999999872
172 -7.5549999999998745
173 -2.5499999999999368
174 -2.6199999999999353
175 -7.529999999999875
176 -2.624999999999935
177 -2.6049999999999356
178 -2.5749999999999362
179 -7.5999999999998735
180 -2.589999999999936
181 -2.579999999999936
182 -2.5649999999999364
183 -2.5549999999999367
184 -2.6149999999999354
185 -2.529999999999937
186 -5.1949999999998715
187 -7.639999999999873
188 -2.5549999999999367
189 -2.584999999999936
190 -7.5549999999998745
191 -2.594999999999936
192 -7.659999999999872
193 -2.5249999999999373
194 -2.6099999999999355
195 -2.6149999999999354
196 -2.594999999999936
197 -7.559999999999874
198 -2.5049999999999377
199 -7.74999999999987
200 -2.5649999999999364
201 -2.6149999999999354
202 -0.10499999999991558
203 -2.6949999999999337
204 -7.549999999999875
205 -2.484999999999938
206 -2.5249999999999373
207 -2.5549999999999367
208 -2.589999999999936
209 -2.579999999999936
210 -2.5249999999999373
211 -2.6149999999999354
212 -2.544999999999937
213 -2.5599999999999365
214 -2.6099999999999355
215 -2.6099999999999355
216 -2.634999999999935
217 -7.689999999999872
218 -2.6149999999999354
219 -2.6549999999999345
220 -2.639999999999935
221 -7.539999999999875
222 -2.454999999999939
223 -2.6099999999999355
224 -7.609999999999873
225 -2.4649999999999386
226 -2.6099999999999355
227 -7.7399999999998705
228 -2.584999999999936
229 -7.629999999999873
230 -7.549999999999875
231 -2.584999999999936
232 -2.589999999999936
233 -7.5999999999998735
234 -0.14999999999991562
235 -2.5999999999999357
236 -2.6499999999999346
237 -2.5599999999999365
238 -2.579999999999936
239 -2.5499999999999368
240 -0.07499999999991555
241 -2.5249999999999373
242 -7.494999999999876
243 -2.5749999999999362
244 -2.679999999999934
245 -2.584999999999936
246 -7.639999999999873
247 -2.539999999999937
248 -2.589999999999936
249 -2.6049999999999356
250 -2.5699999999999363
251 -2.499999999999938
252 -2.5249999999999373
253 -2.6499999999999346
254 -5.159999999999872
255 -2.5749999999999362
256 -7.674999999999872
257 -2.589999999999936
258 -7.659999999999872
259 -2.584999999999936
260 -2.5599999999999365
261 -2.544999999999937
262 -2.5549999999999367
263 -2.5999999999999357
264 -2.594999999999936
265 -5.139999999999873
266 -7.7399999999998705
267 -2.6049999999999356
268 -0.03499999999991556
269 -2.4749999999999384
270 -2.6049999999999356
271 -2.6599999999999344
272 -2.5699999999999363
273 -2.4799999999999383
274 -2.624999999999935
275 -2.6199999999999353
276 -2.5699999999999363
277 -2.529999999999937
278 -7.619999999999873
279 -2.544999999999937
280 -7.559999999999874
281 -2.6199999999999353
282 -2.5549999999999367
283 -2.584999999999936
284 -2.6649999999999343
285 -7.594999999999874
286 -2.5049999999999377
287 -2.6099999999999355
288 -2.6099999999999355
289 -7.589999999999874
290 -7.569999999999874
291 -2.5549999999999367
292 -7.719999999999871
293 -2.5249999999999373
294 -2.534999999999937
295 -2.6449999999999347
296 -7.6499999999998725
297 -2.594999999999936
298 -2.5999999999999357
299 -2.5649999999999364
300 -2.5699999999999363
301 -2.769999999999932
302 -2.6199999999999353
303 -2.5999999999999357
304 -2.5499999999999368
305 -2.5599999999999365
306 -2.6199999999999353
307 -2.624999999999935
308 -5.209999999999871
309 -2.539999999999937
310 -2.5749999999999362
311 -2.5499999999999368
312 -2.5699999999999363
313 -2.634999999999935
314 -7.729999999999871
315 -2.5149999999999375
316 -2.5199999999999374
317 -7.734999999999871
318 -2.624999999999935
319 -5.209999999999871
320 -2.6199999999999353
321 -7.619999999999873
322 -7.699999999999871
323 -2.5599999999999365
324 -7.639999999999873
325 -2.5199999999999374
326 -2.539999999999937
327 -2.6599999999999344
328 -2.5649999999999364
329 -2.539999999999937
330 -7.7399999999998705
331 -0.10499999999991558
332 -2.579999999999936
333 -2.684999999999934
334 -2.5699999999999363
335 -2.494999999999938
336 -2.6199999999999353
337 -7.589999999999874
338 -7.724999999999871
339 -2.6499999999999346
340 -7.619999999999873
341 -2.534999999999937
342 -2.5499999999999368
343 -2.624999999999935
344 -7.624999999999873
345 -2.544999999999937
346 -2.639999999999935
347 -2.544999999999937
348 -0.14999999999991562
349 -2.6199999999999353
350 -7.539999999999875
351 -2.629999999999935
352 -7.574999999999874
353 -2.5149999999999375
354 -2.539999999999937
355 -2.539999999999937
356 -2.5699999999999363
357 -2.5749999999999362
358 -2.6049999999999356
359 -2.6199999999999353
360 -7.679999999999872
361 -7.629999999999873
362 -2.5499999999999368
363 -2.634999999999935
364 -2.544999999999937
365 -2.6149999999999354
366 -2.5749999999999362
367 -2.5599999999999365
368 -2.589999999999936
369 -7.679999999999872
370 -2.534999999999937
371 -2.6499999999999346
372 -2.5699999999999363
373 -5.0999999999998735
374 -2.5149999999999375
375 -2.5199999999999374
376 -2.544999999999937
377 -2.6449999999999347
378 -2.624999999999935
379 -2.6199999999999353
380 -2.624999999999935
381 -2.6049999999999356
382 -2.589999999999936
383 -2.634999999999935
384 -2.6549999999999345
385 -2.669999999999934
386 -2.544999999999937
387 -2.594999999999936
388 -2.634999999999935
389 -2.5649999999999364
390 -2.634999999999935
391 -2.499999999999938
392 -2.6049999999999356
393 -2.5999999999999357
394 -7.669999999999872
395 -2.589999999999936
396 -2.6599999999999344
397 -5.25999999999987
398 -2.6549999999999345
399 -2.5549999999999367
400 -7.74999999999987
401 -2.5599999999999365
402 -2.4799999999999383
403 -2.5249999999999373
404 -2.5249999999999373
405 -2.624999999999935
406 -2.6549999999999345
407 -2.6049999999999356
408 -5.014999999999875
409 -2.679999999999934
410 -2.5599999999999365
411 -2.539999999999937
412 -2.4699999999999385
413 -2.5649999999999364
414 -2.589999999999936
415 -2.5649999999999364
416 -2.5549999999999367
417 -2.5999999999999357
418 -2.539999999999937
419 -2.6649999999999343
420 -2.534999999999937
421 -2.584999999999936
422 -2.529999999999937
423 -2.634999999999935
424 -2.5999999999999357
425 -7.75999999999987
426 -2.584999999999936
427 -7.659999999999872
428 -2.6599999999999344
429 -2.5199999999999374
430 -2.6049999999999356
431 -2.639999999999935
432 -0.04499999999991555
433 -2.5599999999999365
434 -2.6149999999999354
435 -2.4299999999999393
436 -7.654999999999872
437 -2.5249999999999373
438 -7.679999999999872
439 -2.4749999999999384
440 -7.819999999999869
441 -7.6499999999998725
442 -2.5999999999999357
443 -7.509999999999875
444 -7.799999999999869
445 -2.5499999999999368
446 -2.5549999999999367
447 -2.534999999999937
448 -2.5149999999999375
449 -2.5099999999999376
450 -2.629999999999935
451 -7.4599999999998765
452 -2.6199999999999353
453 -2.6599999999999344
454 -2.5549999999999367
455 -2.594999999999936
456 -2.534999999999937
457 -2.5649999999999364
458 -2.5999999999999357
459 -2.589999999999936
460 -5.24499999999987
461 -2.589999999999936
462 -2.6549999999999345
463 -2.5999999999999357
464 -2.5049999999999377
465 -2.5749999999999362
466 -2.589999999999936
467 -2.629999999999935
468 -2.5549999999999367
469 -2.629999999999935
470 -7.639999999999873
471 -2.5749999999999362
472 -2.529999999999937
473 -2.5699999999999363
474 -2.6099999999999355
475 -2.5699999999999363
476 -2.6499999999999346
477 -2.544999999999937
478 -7.669999999999872
479 -2.5649999999999364
480 -2.5249999999999373
481 -2.6149999999999354
482 -2.594999999999936
483 -2.6099999999999355
484 -7.619999999999873
485 -2.6449999999999347
486 -7.699999999999871
487 -7.609999999999873
488 -2.544999999999937
489 -2.5649999999999364
490 -7.449999999999877
491 -7.809999999999869
492 -2.624999999999935
493 -2.534999999999937
494 -2.5749999999999362
495 -0.09999999999991557
496 -2.5649999999999364
497 -7.7399999999998705
498 -7.659999999999872
499 -2.6099999999999355
500 -2.594999999999936
501 -7.639999999999873
502 -7.689999999999872
503 -7.589999999999874
504 -2.634999999999935
505 -2.5149999999999375
506 -2.6199999999999353
507 -2.6199999999999353
508 -7.639999999999873
509 -2.734999999999933
510 -2.584999999999936
511 -7.489999999999876
512 -2.534999999999937
513 -2.589999999999936
514 -2.5099999999999376
515 -7.594999999999874
516 -2.539999999999937
517 -2.594999999999936
518 -2.6099999999999355
519 -2.639999999999935
520 -2.579999999999936
521 -7.859999999999868
522 -2.634999999999935
523 -7.619999999999873
524 -2.634999999999935
525 -2.544999999999937
526 -2.6049999999999356
527 -2.5049999999999377
528 -2.5749999999999362
529 -2.5249999999999373
530 -7.659999999999872
531 -2.6649999999999343
532 -2.589999999999936
533 -2.5699999999999363
534 -2.634999999999935
535 -2.5499999999999368
536 -2.6149999999999354
537 -0.03499999999991556
538 -2.5749999999999362
539 -2.634999999999935
540 -2.6149999999999354
541 -2.5149999999999375
542 -2.5749999999999362
543 -2.624999999999935
544 -7.644999999999873
545 -2.589999999999936
546 -2.6049999999999356
547 -7.719999999999871
548 -2.5999999999999357
549 -2.589999999999936
550 -2.6449999999999347
551 -7.589999999999874
552 -2.594999999999936
553 -2.5649999999999364
554 -7.689999999999872
555 -2.5599999999999365
556 -2.579999999999936
557 -2.6449999999999347
558 -2.684999999999934
559 -7.7399999999998705
560 -2.579999999999936
561 -2.6099999999999355
562 -2.5699999999999363
563 -7.6499999999998725
564 -2.544999999999937
565 -2.5649999999999364
566 -2.6149999999999354
567 -2.639999999999935
568 -2.6049999999999356
569 -2.6149999999999354
570 -0.07999999999991556
571 -7.614999999999873
572 -2.584999999999936
573 -2.5499999999999368
574 -2.6149999999999354
575 -2.529999999999937
576 -2.5599999999999365
577 -7.619999999999873
578 -7.7399999999998705
579 -7.74999999999987
580 -2.5849999999998734
581 -2.6599999999999344
582 -2.539999999999937
583 -2.5699999999999363
584 -7.699999999999871
585 -7.709999999999871
586 -2.6099999999999355
587 -2.629999999999935
588 -2.6049999999999356
589 -2.589999999999936
590 -2.6049999999999356
591 -7.669999999999872
592 -2.5099999999999376
593 -0.06999999999991555
594 -2.5249999999999373
595 -2.6099999999999355
596 -2.6049999999999356
597 -2.5649999999999364
598 -2.544999999999937
599 -7.509999999999875
600 -2.6649999999999343
601 -2.674999999999934
602 -2.6599999999999344
603 -7.919999999999867
604 -2.629999999999935
605 -7.674999999999872
606 -2.6149999999999354
607 -2.534999999999937
608 -2.589999999999936
609 -2.639999999999935
610 -0.1249999999999156
611 -7.5999999999998735
612 -2.6199999999999353
613 -2.594999999999936
614 -2.6049999999999356
615 -2.639999999999935
616 -2.5749999999999362
617 -2.6099999999999355
618 -2.5049999999999377
619 -7.77999999999987
620 -7.75999999999987
621 -7.614999999999873
622 -2.6049999999999356
623 -2.5249999999999373
624 -2.579999999999936
625 -2.5999999999999357
626 -2.5999999999999357
627 -7.639999999999873
628 -7.75999999999987
629 -5.049999999999875
630 -2.6049999999999356
631 -2.539999999999937
632 -2.6199999999999353
633 -2.639999999999935
634 -2.6449999999999347
635 -2.5549999999999367
636 -2.5549999999999367
637 -2.6049999999999356
638 -2.534999999999937
639 -7.75999999999987
640 -2.6099999999999355
641 -2.629999999999935
642 -7.469999999999876
643 -7.729999999999871
644 -2.6049999999999356
645 -7.719999999999871
646 -2.629999999999935
647 -7.75999999999987
648 -2.594999999999936
649 -2.589999999999936
650 -2.579999999999936
651 2.380000000000109
652 -2.5649999999999364
653 -2.499999999999938
654 -2.579999999999936
655 -2.534999999999937
656 -2.579999999999936
657 -7.659999999999872
658 -2.5149999999999375
659 -2.5049999999999377
660 -2.6049999999999356
661 -2.539999999999937
662 -2.579999999999936
663 -2.584999999999936
664 -2.5649999999999364
665 -7.7899999999998695
666 -2.529999999999937
667 -2.6449999999999347
668 -7.76999999999987
669 -2.589999999999936
670 -2.5149999999999375
671 -2.5999999999999357
672 -7.659999999999872
673 -7.659999999999872
674 -2.5499999999999368
675 -2.534999999999937
676 -2.5549999999999367
677 -2.6199999999999353
678 -2.6599999999999344
679 -2.5649999999999364
680 -2.5699999999999363
681 -7.669999999999872
682 -7.659999999999872
683 -7.689999999999872
684 -7.629999999999873
685 -7.534999999999875
686 -2.679999999999934
687 -2.6449999999999347
688 -2.5049999999999377
689 -2.5699999999999363
690 -2.534999999999937
691 -2.6499999999999346
692 -2.5649999999999364
693 -2.594999999999936
694 -7.7899999999998695
695 -2.539999999999937
696 -2.5749999999999362
697 -7.679999999999872
698 -2.544999999999937
699 -2.6449999999999347
700 -0.04999999999991555
701 -7.7399999999998705
702 -2.5999999999999357
703 -7.639999999999873
704 -2.5549999999999367
705 -2.589999999999936
706 -7.614999999999873
707 -2.5699999999999363
708 -2.6449999999999347
709 -2.634999999999935
710 -7.75999999999987
711 -2.5599999999999365
712 -2.6049999999999356
713 -2.544999999999937
714 -2.5999999999999357
715 -2.5649999999999364
716 -7.519999999999875
717 -2.5699999999999363
718 -2.6599999999999344
719 -2.629999999999935
720 -7.669999999999872
721 -2.5549999999999367
722 -2.579999999999936
723 -2.5999999999999357
724 -2.5749999999999362
725 -7.689999999999872
726 -2.639999999999935
727 -2.539999999999937
728 -5.119999999999873
729 -7.699999999999871
730 -2.584999999999936
731 -2.5249999999999373
732 -2.594999999999936
733 -7.659999999999872
734 -2.584999999999936
735 -7.724999999999871
736 -7.719999999999871
737 -2.6099999999999355
738 -2.6099999999999355
739 -2.6149999999999354
740 -2.584999999999936
741 -7.5999999999998735
742 -2.684999999999934
743 -7.699999999999871
744 -2.544999999999937
745 -7.629999999999873
746 -0.1449999999999156
747 -7.639999999999873
748 -2.5749999999999362
749 -7.809999999999869
750 -2.534999999999937
751 -2.5749999999999362
752 -2.6549999999999345
753 -2.5649999999999364
754 -2.534999999999937
755 -2.589999999999936
756 -7.729999999999871
757 -2.5499999999999368
758 -2.5599999999999365
759 -7.609999999999873
760 -7.684999999999872
761 -2.634999999999935
762 -2.6149999999999354
763 -2.5999999999999357
764 -7.75999999999987
765 -7.809999999999869
766 -7.579999999999874
767 -2.6199999999999353
768 -7.689999999999872
769 -2.594999999999936
770 -2.5599999999999365
771 -2.539999999999937
772 -7.659999999999872
773 -2.629999999999935
774 -2.584999999999936
775 -2.5749999999999362
776 -2.5649999999999364
777 -2.5599999999999365
778 -2.544999999999937
779 -2.529999999999937
780 -2.5649999999999364
781 -2.6499999999999346
782 -7.709999999999871
783 -7.6499999999998725
784 -2.6199999999999353
785 -2.579999999999936
786 -2.5549999999999367
787 -0.1299999999999156
788 -2.6449999999999347
789 -2.634999999999935
790 -2.6549999999999345
791 -2.5199999999999374
792 -2.6899999999999338
793 -7.704999999999871
794 -2.544999999999937
795 -7.529999999999875
796 -2.6549999999999345
797 -2.5699999999999363
798 -5.229999999999871
799 -2.5749999999999362
800 -2.5999999999999357
801 -2.579999999999936
802 -7.489999999999876
803 -7.794999999999869
804 -2.544999999999937
805 -0.04999999999991555
806 -7.689999999999872
807 -7.724999999999871
808 -2.6049999999999356
809 -2.6049999999999356
810 -7.629999999999873
811 -5.009999999999875
812 -2.6099999999999355
813 -7.589999999999874
814 -2.634999999999935
815 -2.639999999999935
816 -7.619999999999873
817 -7.499999999999876
818 -2.5549999999999367
819 -2.5499999999999368
820 -2.5249999999999373
821 -2.6049999999999356
822 -2.4799999999999383
823 -5.069999999999874
824 -2.6099999999999355
825 -2.5649999999999364
826 -2.589999999999936
827 -2.544999999999937
828 -2.5599999999999365
829 -2.539999999999937
830 -7.699999999999871
831 -2.5699999999999363
832 -2.594999999999936
833 -2.5599999999999365
834 -7.579999999999874
835 -2.594999999999936
836 -2.669999999999934
837 -7.75999999999987
838 -7.679999999999872
839 -7.619999999999873
840 -2.5999999999999357
841 -7.609999999999873
842 -2.5599999999999365
843 -2.499999999999938
844 -7.539999999999875
845 -7.75999999999987
846 -2.5699999999999363
847 -2.6499999999999346
848 -2.5649999999999364
849 -7.74999999999987
850 -7.569999999999874
851 -2.5549999999999367
852 -2.544999999999937
853 -2.629999999999935
854 -2.5749999999999362
855 -7.609999999999873
856 -2.629999999999935
857 -2.529999999999937
858 -2.5749999999999362
859 -7.8849999999998674
860 -2.539999999999937
861 -2.629999999999935
862 -2.5999999999999357
863 -7.529999999999875
864 -2.5599999999999365
865 -7.559999999999874
866 -2.5499999999999368
867 -7.849999999999868
868 -2.5549999999999367
869 -2.5699999999999363
870 -2.5749999999999362
871 -7.579999999999874
872 -2.624999999999935
873 -2.5249999999999373
874 -7.75999999999987
875 -5.119999999999873
876 -0.05499999999991555
877 -5.179999999999872
878 -7.6499999999998725
879 -2.544999999999937
880 -2.594999999999936
881 -7.5999999999998735
882 -2.544999999999937
883 -2.5999999999999357
884 -2.5499999999999368
885 -2.5199999999999374
886 -2.4799999999999383
887 -2.5999999999999357
888 -2.634999999999935
889 -7.819999999999869
890 -7.629999999999873
891 -2.639999999999935
892 -2.554999999999874
893 -2.5549999999999367
894 -2.529999999999937
895 -7.75999999999987
896 -2.6649999999999343
897 -2.5749999999999362
898 -7.549999999999875
899 -2.544999999999937
900 -2.5599999999999365
901 -2.5749999999999362
902 -2.5749999999999362
903 -2.6449999999999347
904 -0.07999999999991556
905 -7.699999999999871
906 -2.594999999999936
907 -2.6499999999999346
908 -2.6099999999999355
909 -2.594999999999936
910 -7.74499999999987
911 -2.5749999999999362
912 -7.909999999999867
913 -2.7049999999999335
914 -2.5549999999999367
915 -2.5999999999999357
916 -2.529999999999937
917 -2.5549999999999367
918 -2.6599999999999344
919 -2.6099999999999355
920 -2.5999999999999357
921 -2.589999999999936
922 -2.634999999999935
923 -2.539999999999937
924 -2.5999999999999357
925 -2.6049999999999356
926 -2.579999999999936
927 -2.6499999999999346
928 -2.6149999999999354
929 -7.7399999999998705
930 -7.639999999999873
931 -2.5499999999999368
932 -2.624999999999935
933 -2.6499999999999346
934 -7.699999999999871
935 -2.6049999999999356
936 -7.699999999999871
937 -2.584999999999936
938 -2.5599999999999365
939 -2.5999999999999357
940 -7.679999999999872
941 -5.159999999999872
942 -2.539999999999937
943 -2.5649999999999364
944 -7.76999999999987
945 -2.584999999999936
946 -2.6149999999999354
947 -2.5699999999999363
948 -2.5749999999999362
949 -2.539999999999937
950 -2.634999999999935
951 -7.7399999999998705
952 -7.699999999999871
953 -7.669999999999872
954 -2.5499999999999368
955 -2.5499999999999368
956 -2.6499999999999346
957 -2.6149999999999354
958 -2.6199999999999353
959 -2.6149999999999354
960 -2.634999999999935
961 -7.734999999999871
962 -2.579999999999936
963 -7.619999999999873
964 -7.729999999999871
965 -2.5649999999999364
966 -2.684999999999934
967 -0.08999999999991556
968 -7.679999999999872
969 -7.729999999999871
970 -2.584999999999936
971 -7.719999999999871
972 -2.6549999999999345
973 -7.619999999999873
974 -7.559999999999874
975 -2.5699999999999363
976 -2.639999999999935
977 -2.5699999999999363
978 -2.6499999999999346
979 -7.539999999999875
980 -2.5649999999999364
981 -2.584999999999936
982 -2.6049999999999356
983 -7.794999999999869
984 -2.5249999999999373
985 -2.5499999999999368
986 -2.5499999999999368
987 -5.24499999999987
988 -7.629999999999873
989 -2.5599999999999365
990 -2.5149999999999375
991 -2.6049999999999356
992 -2.6099999999999355
993 -2.5749999999999362
994 -2.544999999999937
995 -7.6499999999998725
996 -0.1249999999999156
997 -7.679999999999872
998 -2.579999999999936
999 -7.479999999999876
1000 -7.629999999999873
1001 -7.719999999999871
1002 -7.679999999999872
1003 -2.5749999999999362
1004 -2.6049999999999356
1005 -2.494999999999938
1006 -2.624999999999935
1007 -2.5199999999999374
1008 -2.5549999999999367
1009 -2.6049999999999356
1010 -2.584999999999936
1011 -2.624999999999935
1012 -0.019999999999915558
1013 -7.529999999999875
1014 -2.589999999999936
1015 -2.634999999999935
1016 -0.04499999999991555
1017 -7.5999999999998735
1018 -5.25999999999987
1019 -2.624999999999935
1020 -2.594999999999936
1021 -7.689999999999872
1022 -0.04499999999991555
1023 -7.689999999999872
1024 -2.5999999999999357
1025 -2.5999999999999357
1026 -2.6199999999999353
1027 -2.539999999999937
1028 -2.6899999999999338
1029 -2.6149999999999354
1030 -2.589999999999936
1031 -7.709999999999871
1032 -2.5649999999999364
1033 -2.5249999999999373
1034 -2.584999999999936
1035 -2.6049999999999356
1036 -2.6049999999999356
1037 -0.039999999999915554
1038 -2.5999999999999357
1039 -2.6549999999999345
1040 -2.6549999999999345
1041 -2.579999999999936
1042 -2.584999999999936
1043 -2.634999999999935
1044 -0.08499999999991556
1045 -7.5999999999998735
1046 -2.6499999999999346
1047 -2.584999999999936
1048 -2.6449999999999347
1049 -7.729999999999871
1050 -7.629999999999873
1051 -2.5749999999999362
1052 -7.609999999999873
1053 -2.6449999999999347
1054 -2.6149999999999354
1055 -7.799999999999869
1056 -2.589999999999936
1057 -7.74999999999987
1058 -2.6149999999999354
1059 -2.6199999999999353
1060 -7.509999999999875
1061 -7.75999999999987
1062 -7.579999999999874
1063 -2.5599999999999365
1064 -2.5649999999999364
1065 -7.659999999999872
1066 -2.5999999999999357
1067 -2.5649999999999364
1068 -2.6449999999999347
1069 -7.644999999999873
1070 -2.5199999999999374
1071 -7.579999999999874
1072 -2.539999999999937
1073 -7.684999999999872
1074 -2.5199999999999374
1075 -2.589999999999936
1076 -2.5499999999999368
1077 -2.589999999999936
1078 -7.689999999999872
1079 -2.6649999999999343
1080 -2.624999999999935
1081 -7.7899999999998695
1082 -2.629999999999935
1083 -2.5999999999999357
1084 -2.5549999999999367
1085 -2.5249999999999373
1086 -2.629999999999935
1087 -2.579999999999936
1088 -5.009999999999875
1089 -7.7399999999998705
1090 -2.634999999999935
1091 -2.5649999999999364
1092 -2.5649999999999364
1093 -2.6149999999999354
1094 -7.5999999999998735
1095 -7.729999999999871
1096 -2.6049999999999356
1097 -2.624999999999935
1098 -2.5549999999999367
1099 -2.5549999999999367
1100 -2.579999999999936
1101 -7.689999999999872
1102 -2.584999999999936
1103 -0.1249999999999156
1104 -7.644999999999873
1105 -2.539999999999937
1106 -2.634999999999935
1107 -2.5749999999999362
1108 -7.589999999999874
1109 -2.5099999999999376
1110 -2.6049999999999356
1111 -2.5549999999999367
1112 -2.5099999999999376
1113 -2.6099999999999355
1114 -5.129999999999873
1115 -7.639999999999873
1116 -2.624999999999935
1117 -2.6499999999999346
1118 -2.5599999999999365
1119 -7.709999999999871
1120 -7.5049999999998755
1121 -2.579999999999936
1122 -7.624999999999873
1123 -7.7399999999998705
1124 -2.584999999999936
1125 -7.659999999999872
1126 -2.6449999999999347
1127 -7.77499999999987
1128 -2.544999999999937
1129 -2.5549999999999367
1130 -2.639999999999935
1131 -2.5749999999999362
1132 -7.729999999999871
1133 -7.709999999999871
1134 -2.539999999999937
1135 -2.534999999999937
1136 -7.724999999999871
1137 -2.5749999999999362
1138 -2.6099999999999355
1139 -2.5499999999999368
1140 -2.6099999999999355
1141 -2.5549999999999367
1142 -7.529999999999875
1143 -2.5499999999999368
1144 -2.5499999999999368
1145 -7.7399999999998705
1146 -2.499999999999938
1147 -2.5749999999999362
1148 -2.539999999999937
1149 -2.5749999999999362
1150 -2.6049999999999356
1151 -2.634999999999935
1152 -2.6049999999999356
1153 -7.559999999999874
1154 -7.589999999999874
1155 -7.539999999999875
1156 -2.5649999999999364
1157 -7.709999999999871
1158 -7.5999999999998735
1159 -2.6449999999999347
1160 -2.594999999999936
1161 -2.629999999999935
1162 -2.5749999999999362
1163 -2.624999999999935
1164 -7.6499999999998725
1165 -7.74999999999987
1166 -2.5749999999999362
1167 -2.6649999999999343
1168 -2.539999999999937
1169 -7.719999999999871
1170 -2.629999999999935
1171 -7.889999999999867
1172 -2.589999999999936
1173 -2.624999999999935
1174 -2.5499999999999368
1175 -2.6049999999999356
1176 -2.539999999999937
1177 -2.5749999999999362
1178 -2.5499999999999368
1179 -2.5999999999999357
1180 -2.6049999999999356
1181 -7.689999999999872
1182 -2.5149999999999375
1183 -2.6199999999999353
1184 -2.534999999999937
1185 -2.5649999999999364
1186 -2.579999999999936
1187 -2.584999999999936
1188 -7.629999999999873
1189 -2.5999999999999357
1190 -2.6099999999999355
1191 -7.5999999999998735
1192 -2.5999999999999357
1193 -7.76999999999987
1194 -7.629999999999873
1195 -2.5699999999999363
1196 -2.6049999999999356
1197 -7.809999999999869
1198 -2.5699999999999363
1199 -2.634999999999935
1200 -7.549999999999875
1201 -2.6149999999999354
1202 -2.594999999999936
1203 -7.529999999999875
1204 -2.5999999999999357
1205 -2.6049999999999356
1206 -7.75999999999987
1207 -2.5749999999999362
1208 -7.659999999999872
1209 -2.6649999999999343
1210 -7.679999999999872
1211 -7.669999999999872
1212 -7.699999999999871
1213 -7.75499999999987
1214 -2.634999999999935
1215 -2.6199999999999353
1216 -7.549999999999875
1217 -2.6549999999999345
1218 -2.4799999999999383
1219 -7.5549999999998745
1220 -2.5799999999998735
1221 -2.5049999999999377
1222 -2.544999999999937
1223 -2.5749999999999362
1224 -2.5699999999999363
1225 -7.709999999999871
1226 -7.689999999999872
1227 -2.6199999999999353
1228 -2.589999999999936
1229 -2.6099999999999355
1230 -2.6049999999999356
1231 -2.5699999999999363
1232 -2.6099999999999355
1233 -2.6049999999999356
1234 -7.75999999999987
1235 -2.629999999999935
1236 -7.589999999999874
1237 -2.6499999999999346
1238 -2.5999999999999357
1239 -2.544999999999937
1240 -2.579999999999936
1241 -2.5749999999999362
1242 -2.629999999999935
1243 -2.5149999999999375
1244 -0.1349999999999156
1245 -2.5549999999999367
1246 -2.594999999999936
1247 -2.4799999999999383
1248 -7.7899999999998695
1249 -2.5699999999999363
1250 -7.559999999999874
1251 -2.529999999999937
1252 -2.6099999999999355
1253 -7.6499999999998725
1254 -2.584999999999936
1255 -2.5749999999999362
1256 -2.6049999999999356
1257 -7.74999999999987
1258 -2.544999999999937
1259 -7.674999999999872
1260 -2.4699999999999385
1261 -2.5599999999999365
1262 -7.74999999999987
1263 -2.5249999999999373
1264 -2.5249999999999373
1265 -7.679999999999872
1266 -2.5499999999999368
1267 -7.654999999999872
1268 -2.6649999999999343
1269 -2.539999999999937
1270 -2.489999999999938
1271 -2.6049999999999356
1272 -2.6549999999999345
1273 -2.5099999999999376
1274 -2.5999999999999357
1275 -2.5649999999999364
1276 -2.594999999999936
1277 -2.639999999999935
1278 -2.544999999999937
1279 -7.679999999999872
1280 -2.4599999999999387
1281 -2.629999999999935
1282 -2.634999999999935
1283 -2.639999999999935
1284 -2.594999999999936
1285 -7.589999999999874
1286 -2.544999999999937
1287 -2.5699999999999363
1288 -2.454999999999939
1289 -2.6199999999999353
1290 -2.5599999999999365
1291 -2.5549999999999367
1292 -7.619999999999873
1293 -2.624999999999935
1294 -7.569999999999874
1295 -2.5499999999999368
1296 -7.839999999999868
1297 -2.639999999999935
1298 -2.6099999999999355
1299 -7.6499999999998725
1300 -2.5999999999999357
1301 -2.594999999999936
1302 -7.569999999999874
1303 -2.589999999999936
1304 -7.4599999999998765
1305 -2.624999999999935
1306 -2.539999999999937
1307 -2.594999999999936
1308 -2.579999999999936
1309 -2.5699999999999363
1310 -2.6149999999999354
1311 -7.544999999999875
1312 -2.6649999999999343
1313 -2.6449999999999347
1314 -7.659999999999872
1315 -2.5249999999999373
1316 -7.709999999999871
1317 -2.584999999999936
1318 -2.5099999999999376
1319 -2.624999999999935
1320 -7.5999999999998735
1321 -7.7399999999998705
1322 -2.534999999999937
1323 -7.639999999999873
1324 -2.579999999999936
1325 -2.6049999999999356
1326 -2.594999999999936
1327 -2.634999999999935
1328 -2.5049999999999377
1329 -2.544999999999937
1330 -2.5599999999999365
1331 -7.639999999999873
1332 -2.534999999999937
1333 -2.5999999999999357
1334 -7.689999999999872
1335 -7.569999999999874
1336 -2.6199999999999353
1337 -2.5699999999999363
1338 -2.634999999999935
1339 -2.584999999999936
1340 -7.679999999999872
1341 -7.519999999999875
1342 -7.614999999999873
1343 -2.6899999999999338
1344 -7.859999999999868
1345 -2.5049999999999377
1346 -7.689999999999872
1347 -2.5549999999999367
1348 -2.594999999999936
1349 -2.5699999999999363
1350 -7.719999999999871
1351 -2.5699999999999363
1352 -2.579999999999936
1353 -2.5099999999999376
1354 -7.729999999999871
1355 -2.584999999999936
1356 -7.6499999999998725
1357 -2.634999999999935
1358 -2.5749999999999362
1359 -7.75999999999987
1360 -2.5249999999999373
1361 -7.7899999999998695
1362 -5.189999999999872
1363 -2.6049999999999356
1364 -2.5649999999999364
1365 -2.5999999999999357
1366 -5.1499999999998725
1367 -2.5999999999999357
1368 -2.594999999999936
1369 -2.5549999999999367
1370 -2.5999999999999357
1371 -2.5699999999999363
1372 -2.6099999999999355
1373 -2.5699999999999363
1374 -0.06499999999991554
1375 -2.5699999999999363
1376 -7.669999999999872
1377 -0.07499999999991555
1378 -7.684999999999872
1379 -2.6199999999999353
1380 -2.539999999999937
1381 -2.5649999999999364
1382 -7.709999999999871
1383 -2.539999999999937
1384 -2.6099999999999355
1385 -2.624999999999935
1386 -2.6499999999999346
1387 -7.669999999999872
1388 -2.544999999999937
1389 -2.6099999999999355
1390 -2.5599999999999365
1391 -2.589999999999936
1392 -2.589999999999936
1393 -2.6149999999999354
1394 -7.669999999999872
1395 -2.5499999999999368
1396 -7.5999999999998735
1397 -7.799999999999869
1398 -7.689999999999872
1399 -2.624999999999935
1400 -7.634999999999873
1401 -2.629999999999935
1402 -2.5999999999999357
1403 -2.6199999999999353
1404 -7.709999999999871
1405 -2.5749999999999362
1406 -2.634999999999935
1407 -2.5649999999999364
1408 -7.809999999999869
1409 -2.624999999999935
1410 -2.5549999999999367
1411 -2.5499999999999368
1412 -7.659999999999872
1413 -7.579999999999874
1414 -2.5999999999999357
1415 -2.629999999999935
1416 -7.674999999999872
1417 -2.4699999999999385
1418 -7.5999999999998735
1419 -2.534999999999937
1420 -2.534999999999937
1421 -2.5199999999999374
1422 -7.679999999999872
1423 -2.594999999999936
1424 -2.639999999999935
1425 -0.06999999999991555
1426 -2.5499999999999368
1427 -2.6149999999999354
1428 -2.5199999999999374
1429 -2.5599999999999365
1430 -2.6049999999999356
1431 -2.6899999999999338
1432 -2.6199999999999353
1433 -7.579999999999874
1434 -2.6599999999999344
1435 -2.5599999999999365
1436 -2.594999999999936
1437 -2.579999999999936
1438 -2.624999999999935
1439 -2.529999999999937
1440 -2.6099999999999355
1441 -2.684999999999934
1442 -2.584999999999936
1443 -2.534999999999937
1444 -2.6149999999999354
1445 -2.634999999999935
1446 -2.6649999999999343
1447 -2.6499999999999346
1448 -2.624999999999935
1449 -7.619999999999873
1450 -2.5699999999999363
1451 -2.5649999999999364
1452 -2.544999999999937
1453 -2.624999999999935
1454 -2.499999999999938
1455 -2.5649999999999364
1456 -2.6549999999999345
1457 -2.589999999999936
1458 -2.639999999999935
1459 -2.584999999999936
1460 -2.5699999999999363
1461 -2.5049999999999377
1462 -7.709999999999871
1463 -7.589999999999874
1464 -2.544999999999937
1465 -2.624999999999935
1466 -7.5999999999998735
1467 -2.6149999999999354
1468 -2.5549999999999367
1469 -2.5499999999999368
1470 -2.639999999999935
1471 -7.5549999999998745
1472 -2.594999999999936
1473 -2.624999999999935
1474 -2.5649999999999364
1475 -7.809999999999869
1476 -2.7149999999999332
1477 -7.629999999999873
1478 -2.579999999999936
1479 -7.644999999999873
1480 -7.639999999999873
1481 -7.539999999999875
1482 -7.619999999999873
1483 -2.5149999999999375
1484 -2.5649999999999364
1485 -7.7899999999998695
1486 -2.5999999999999357
1487 -7.559999999999874
1488 -2.5749999999999362
1489 -2.6049999999999356
1490 -7.579999999999874
1491 -2.624999999999935
1492 -2.539999999999937
1493 -2.5199999999999374
1494 -2.629999999999935
1495 -7.579999999999874
1496 -2.5149999999999375
1497 -2.539999999999937
1498 -2.544999999999937
1499 -7.619999999999873
1500 -2.589999999999936
1501 -7.619999999999873
1502 -5.189999999999872
1503 -2.5999999999999357
1504 -7.5999999999998735
1505 -7.589999999999874
1506 -7.569999999999874
1507 -7.589999999999874
1508 -2.5699999999999363
1509 -2.5749999999999362
1510 -2.5099999999999376
1511 -2.6549999999999345
1512 -2.6449999999999347
1513 -2.674999999999934
1514 -2.6099999999999355
1515 -7.699999999999871
1516 -7.644999999999873
1517 -2.5599999999999365
1518 -2.589999999999936
1519 -7.519999999999875
1520 -2.5649999999999364
1521 -2.634999999999935
1522 -2.624999999999935
1523 -2.5649999999999364
1524 -2.5649999999999364
1525 -2.6649999999999343
1526 -7.689999999999872
1527 -2.584999999999936
1528 -2.544999999999937
1529 -2.6049999999999356
1530 -2.624999999999935
1531 -2.5199999999999374
1532 -2.6199999999999353
1533 -7.549999999999875
1534 -7.669999999999872
1535 -7.579999999999874
1536 -7.679999999999872
1537 -2.5649999999999364
1538 -2.5549999999999367
1539 -0.16999999999991564
1540 -7.699999999999871
1541 -7.699999999999871
1542 -5.139999999999873
1543 -2.6549999999999345
1544 -7.699999999999871
1545 -2.584999999999936
1546 -2.6099999999999355
1547 -2.5599999999999365
1548 -7.614999999999873
1549 -7.74499999999987
1550 -7.559999999999874
1551 -7.74999999999987
1552 -7.589999999999874
1553 -7.699999999999871
1554 -2.594999999999936
1555 -2.589999999999936
1556 -2.6149999999999354
1557 -2.594999999999936
1558 -2.6149999999999354
1559 -7.699999999999871
1560 -2.5649999999999364
1561 -2.6049999999999356
1562 -2.6099999999999355
1563 -7.569999999999874
1564 -7.5999999999998735
1565 -2.5699999999999363
1566 -2.584999999999936
1567 -2.5249999999999373
1568 -2.539999999999937
1569 -7.7399999999998705
1570 -2.589999999999936
1571 -7.609999999999873
1572 -7.559999999999874
1573 -2.6449999999999347
1574 -7.574999999999874
1575 -2.5549999999999367
1576 -2.5999999999999357
1577 -7.5999999999998735
1578 -2.5999999999999357
1579 -2.584999999999936
1580 -2.494999999999938
1581 -2.5999999999999357
1582 -2.589999999999936
1583 -2.584999999999936
1584 -7.74999999999987
1585 -2.5999999999999357
1586 -2.6149999999999354
1587 -2.5049999999999377
1588 -2.6449999999999347
1589 -7.549999999999875
1590 -7.644999999999873
1591 -7.819999999999869
1592 -7.729999999999871
1593 -2.534999999999937
1594 -7.679999999999872
1595 -7.75999999999987
1596 -2.6049999999999356
1597 -2.669999999999934
1598 -7.679999999999872
1599 -7.76999999999987
1600 -7.659999999999872
1601 -7.669999999999872
1602 -0.04999999999991555
1603 -2.6049999999999356
1604 -7.514999999999875
1605 -2.5199999999999374
1606 -2.5749999999999362
1607 -2.6149999999999354
1608 -2.544999999999937
1609 -2.5199999999999374
1610 -2.6199999999999353
1611 -2.5999999999999357
1612 -2.584999999999936
1613 -2.6449999999999347
1614 -2.6449999999999347
1615 -2.494999999999938
1616 -2.539999999999937
1617 -2.539999999999937
1618 -2.494999999999938
1619 -2.5599999999999365
1620 -2.584999999999936
1621 -7.679999999999872
1622 -2.5099999999999376
1623 -7.639999999999873
1624 -2.5499999999999368
1625 -2.544999999999937
1626 -2.5549999999999367
1627 -0.04999999999991555
1628 -7.514999999999875
1629 -2.5999999999999357
1630 -7.729999999999871
1631 -5.27999999999987
1632 -2.584999999999936
1633 -2.5699999999999363
1634 -2.6449999999999347
1635 -2.629999999999935
1636 -2.6549999999999345
1637 -7.629999999999873
1638 -2.639999999999935
1639 -2.5999999999999357
1640 -7.439999999999877
1641 -0.09499999999991557
1642 -2.6049999999999356
1643 -2.584999999999936
1644 -2.6099999999999355
1645 -2.629999999999935
1646 -2.434999999999939
1647 -2.624999999999935
1648 -2.5649999999999364
1649 -0.09499999999991557
1650 -2.5699999999999363
1651 -2.5249999999999373
1652 -2.5599999999999365
1653 -2.5649999999999364
1654 -7.559999999999874
1655 -2.584999999999936
1656 -7.589999999999874
1657 -2.6599999999999344
1658 -2.5649999999999364
1659 -7.589999999999874
1660 -7.699999999999871
1661 -7.699999999999871
1662 -2.6049999999999356
1663 -2.6149999999999354
1664 -2.6099999999999355
1665 -2.5749999999999362
1666 -2.544999999999937
1667 -2.529999999999937
1668 -7.629999999999873
1669 -2.629999999999935
1670 -2.629999999999935
1671 -2.639999999999935
1672 -2.624999999999935
1673 -7.569999999999874
1674 -2.6549999999999345
1675 -2.539999999999937
1676 -2.5749999999999362
1677 -2.529999999999937
1678 -2.5649999999999364
1679 -2.6099999999999355
1680 -2.589999999999936
1681 -2.5649999999999364
1682 2.4200000000001083
1683 -2.534999999999937
1684 -2.579999999999936
1685 -2.5499999999999368
1686 -2.5599999999999365
1687 -2.484999999999938
1688 -2.5749999999999362
1689 -2.629999999999935
1690 -2.6649999999999343
1691 -2.6649999999999343
1692 -2.584999999999936
1693 -2.5599999999999365
1694 -2.5049999999999377
1695 -7.719999999999871
1696 -7.699999999999871
1697 -2.5699999999999363
1698 -2.5749999999999362
1699 -2.5749999999999362
1700 -2.594999999999936
1701 -2.544999999999937
1702 -7.699999999999871
1703 -2.494999999999938
1704 -2.5199999999999374
1705 -7.449999999999877
1706 -7.839999999999868
1707 -2.534999999999937
1708 -2.579999999999936
1709 -2.589999999999936
1710 -7.684999999999872
1711 -2.594999999999936
1712 -7.7899999999998695
1713 -2.5649999999999364
1714 -7.909999999999867
1715 -2.579999999999936
1716 -2.6499999999999346
1717 -7.559999999999874
1718 -2.539999999999937
1719 -2.544999999999937
1720 -2.584999999999936
1721 -7.4599999999998765
1722 -2.529999999999937
1723 -2.6149999999999354
1724 -2.5699999999999363
1725 -2.529999999999937
1726 -2.5699999999999363
1727 -2.5549999999999367
1728 -2.6599999999999344
1729 -7.7399999999998705
1730 -2.594999999999936
1731 -2.5249999999999373
1732 -2.5599999999999365
1733 -5.089999999999874
1734 -2.5649999999999364
1735 -0.04499999999991555
1736 -2.634999999999935
1737 -2.579999999999936
1738 -7.729999999999871
1739 -2.539999999999937
1740 -2.6199999999999353
1741 -2.6099999999999355
1742 -2.6549999999999345
1743 -2.5749999999999362
1744 -2.6099999999999355
1745 -2.629999999999935
1746 -7.819999999999869
1747 -2.5549999999999367
1748 -2.5999999999999357
1749 -2.579999999999936
1750 -2.6149999999999354
1751 -7.709999999999871
1752 -2.5599999999999365
1753 -7.609999999999873
1754 -2.584999999999936
1755 -2.5999999999999357
1756 -2.534999999999937
1757 -2.594999999999936
1758 -7.629999999999873
1759 -2.584999999999936
1760 -2.5549999999999367
1761 -2.6199999999999353
1762 -2.5549999999999367
1763 -2.5499999999999368
1764 0.03500000000008445
1765 -2.5999999999999357
1766 -7.669999999999872
1767 -2.669999999999934
1768 -7.709999999999871
1769 -2.6099999999999355
1770 -2.5199999999999374
1771 -2.5699999999999363
1772 -2.6149999999999354
1773 -2.594999999999936
1774 -2.5999999999999357
1775 -7.689999999999872
1776 -2.5749999999999362
1777 -7.549999999999875
1778 -7.679999999999872
1779 -7.589999999999874
1780 -7.709999999999871
1781 -7.559999999999874
1782 -7.699999999999871
1783 -2.6199999999999353
1784 -2.584999999999936
1785 -2.5999999999999357
1786 -2.5499999999999368
1787 -2.589999999999936
1788 -5.129999999999873
1789 -2.6199999999999353
1790 -2.6199999999999353
1791 -2.6049999999999356
1792 -2.5749999999999362
1793 -0.06999999999991555
1794 -2.539999999999937
1795 -7.78499999999987
1796 -7.819999999999869
1797 -2.5599999999999365
1798 -2.6549999999999345
1799 -2.5099999999999376
1800 -2.6449999999999347
1801 -5.189999999999872
1802 -2.579999999999936
1803 -2.6199999999999353
1804 -2.584999999999936
1805 -2.544999999999937
1806 -2.5999999999999357
1807 -2.579999999999936
1808 -2.5699999999999363
1809 -2.5599999999999365
1810 -0.10499999999991558
1811 -2.584999999999936
1812 -2.6149999999999354
1813 -7.78499999999987
1814 -2.4799999999999383
1815 -2.634999999999935
1816 -2.6049999999999356
1817 -7.699999999999871
1818 -2.5999999999999357
1819 -2.594999999999936
1820 -7.564999999999874
1821 -2.624999999999935
1822 -7.539999999999875
1823 -7.519999999999875
1824 -2.5999999999999357
1825 -2.589999999999936
1826 -2.669999999999934
1827 -2.5649999999999364
1828 -2.5549999999999367
1829 -2.6449999999999347
1830 -2.534999999999937
1831 -2.5749999999999362
1832 -2.639999999999935
1833 -2.5149999999999375
1834 -7.719999999999871
1835 -2.5649999999999364
1836 -2.5999999999999357
1837 -2.5049999999999377
1838 -2.6099999999999355
1839 -2.584999999999936
1840 -2.634999999999935
1841 -7.6949999999998715
1842 -7.619999999999873
1843 -2.584999999999936
1844 -7.74999999999987
1845 -2.6049999999999356
1846 -5.124999999999873
1847 -2.629999999999935
1848 -2.544999999999937
1849 -2.5149999999999375
1850 -7.719999999999871
1851 -2.5999999999999357
1852 -2.6449999999999347
1853 -2.584999999999936
1854 -2.594999999999936
1855 -2.6049999999999356
1856 -2.5749999999999362
1857 -7.699999999999871
1858 -2.5549999999999367
1859 -2.5999999999999357
1860 -2.6449999999999347
1861 -2.5549999999999367
1862 -2.6049999999999356
1863 -2.539999999999937
1864 -2.6099999999999355
1865 -2.589999999999936
1866 -2.5999999999999357
1867 -2.5199999999999374
1868 -2.624999999999935
1869 -7.709999999999871
1870 -2.5549999999999367
1871 -2.5649999999999364
1872 -2.5549999999999367
1873 -2.5199999999999374
1874 -2.539999999999937
1875 -2.6099999999999355
1876 -2.5499999999999368
1877 -2.5249999999999373
1878 -5.24499999999987
1879 -2.629999999999935
1880 -2.5149999999999375
1881 -7.689999999999872
1882 -2.589999999999936
1883 -2.5249999999999373
1884 -7.619999999999873
1885 -7.669999999999872
1886 -2.484999999999938
1887 -2.639999999999935
1888 -2.594999999999936
1889 -7.639999999999873
1890 -2.539999999999937
1891 -7.709999999999871
1892 -7.674999999999872
1893 -2.6099999999999355
1894 -2.6099999999999355
1895 -7.699999999999871
1896 -2.5049999999999377
1897 -7.74999999999987
1898 -2.6099999999999355
1899 -2.589999999999936
1900 -2.5599999999999365
1901 -7.77999999999987
1902 -2.6049999999999356
1903 -2.579999999999936
1904 -2.5699999999999363
1905 -7.7399999999998705
1906 -2.724999999999933
1907 -7.74999999999987
1908 -7.809999999999869
1909 -7.539999999999875
1910 -7.584999999999874
1911 -2.584999999999936
1912 -2.6149999999999354
1913 -7.549999999999875
1914 -2.6199999999999353
1915 -2.539999999999937
1916 -2.534999999999937
1917 -2.6499999999999346
1918 -2.5599999999999365
1919 -2.5699999999999363
1920 -0.07999999999991556
1921 -2.6099999999999355
1922 -2.529999999999937
1923 -7.594999999999874
1924 -0.10999999999991558
1925 -2.5099999999999376
1926 -2.6049999999999356
1927 -2.539999999999937
1928 -2.5599999999999365
1929 -2.584999999999936
1930 -0.15499999999991562
1931 -2.594999999999936
1932 -2.5499999999999368
1933 -7.724999999999871
1934 -2.594999999999936
1935 -7.639999999999873
1936 -2.5749999999999362
1937 -2.6099999999999355
1938 -2.594999999999936
1939 -2.5649999999999364
1940 -7.709999999999871
1941 -7.7899999999998695
1942 -2.494999999999938
1943 -2.669999999999934
1944 -2.6649999999999343
1945 -2.534999999999937
1946 -2.489999999999938
1947 -2.544999999999937
1948 -2.579999999999936
1949 -2.594999999999936
1950 -2.5549999999999367
1951 -7.569999999999874
1952 -5.154999999999872
1953 -2.5649999999999364
1954 -2.5599999999999365
1955 -2.5599999999999365
1956 -7.669999999999872
1957 -7.669999999999872
1958 -2.594999999999936
1959 -7.5049999999998755
1960 -2.6599999999999344
1961 -2.579999999999936
1962 -7.7399999999998705
1963 -2.6649999999999343
1964 -2.6049999999999356
1965 -2.5649999999999364
1966 -2.594999999999936
1967 -2.534999999999937
1968 -2.589999999999936
1969 -2.579999999999936
1970 -7.77999999999987
1971 -2.5249999999999373
1972 -2.6149999999999354
1973 -7.5999999999998735
1974 -2.5999999999999357
1975 -7.719999999999871
1976 -2.684999999999934
1977 -2.5499999999999368
1978 -2.6549999999999345
1979 -2.5699999999999363
1980 -2.5699999999999363
1981 -2.579999999999936
1982 -2.5099999999999376
1983 -2.5999999999999357
1984 -7.659999999999872
1985 -7.719999999999871
1986 -7.619999999999873
1987 -2.5549999999999367
1988 -7.819999999999869
1989 -2.584999999999936
1990 -0.11499999999991559
1991 -2.594999999999936
1992 -2.5199999999999374
1993 -2.5099999999999376
1994 -7.729999999999871
1995 -2.579999999999936
1996 -2.5149999999999375
1997 -2.594999999999936
1998 -2.589999999999936
1999 -2.6099999999999355
4995.752352952957
