0 -7.61
1 -7.62
2 -7.75
3 -7.59
4 -7.62
5 -7.72
6 -7.41
7 -7.75
8 -7.68
9 -7.61
10 -7.70
11 -7.70
12 -7.72
13 -7.45
14 -5.14
15 -8.75
16 -8.14
17 -8.06
18 -7.73
19 -7.66
20 -7.75
21 -7.48
22 -7.53
23 -7.54
24 -7.65
25 -7.61
26 -7.65
27 -7.68
28 -8.82
29 -7.72
30 -7.64
31 -7.69
32 -7.70
33 -7.59
34 -7.67
35 -7.64
36 -7.71
37 -7.55
38 -7.76
39 -7.66
40 -7.53
41 -7.66
42 -7.68
43 -7.59
44 -7.52
45 -7.65
46 -7.66
47 -7.51
48 -8.70
49 -5.03
50 -7.73
51 -7.86
52 -7.80
53 -5.23
54 -2.55
55 -7.81
56 -7.47
57 -7.56
58 -7.76
59 -7.60
60 -7.79
61 -7.62
62 -7.73
63 -7.64
64 -2.60
65 -7.64
66 -7.62
67 -7.80
68 -8.12
69 -7.52
70 -7.71
71 -7.58
72 -7.59
73 -7.74
74 -7.69
75 -8.10
76 -7.64
77 -7.73
78 -7.78
79 -8.85
80 -7.54
81 -8.10
82 -7.87
83 -7.72
84 -7.62
85 -7.74
86 -7.69
87 -7.66
88 -8.21
89 -7.70
90 -5.16
91 -8.01
92 -7.63
93 -7.65
94 -5.12
95 -7.77
96 -7.67
97 -7.77
98 -2.46
99 -7.64
100 -7.62
101 -7.58
102 -7.74
103 -7.69
104 -7.67
105 -7.79
106 -7.55
107 -5.11
108 -7.72
109 -7.51
110 -7.62
111 -7.79
112 -7.79
113 -7.60
114 -7.74
115 -8.14
116 -5.18
117 -5.18
118 -7.70
119 -7.66
120 -7.76
121 -7.76
122 -7.68
123 -8.72
124 -7.82
125 -7.69
126 -8.73
127 -7.63
128 -6.21
129 -7.53
130 -7.67
131 -7.92
132 -7.68
133 -7.61
134 -8.50
135 -7.76
136 -7.62
137 -7.61
138 -7.73
139 -8.05
140 -7.68
141 -7.87
142 -7.47
143 -8.68
144 -7.62
145 -7.71
146 -7.66
147 -7.77
148 -7.57
149 -8.22
150 -8.59
151 -7.67
152 -7.47
153 -7.63
154 -8.15
155 -7.85
156 -7.60
157 -7.69
158 -7.81
159 -7.65
160 -7.69
161 -7.79
162 -7.83
163 -7.65
164 -7.63
165 -7.72
166 -7.72
167 -8.82
168 -7.50
169 -7.57
170 -7.84
171 -7.77
172 -7.54
173 -5.48
174 -7.64
175 -7.57
176 -8.55
177 -7.65
178 -5.14
179 -7.76
180 -7.72
181 -7.81
182 -7.83
183 -7.60
184 -7.77
185 -7.91
186 -7.62
187 -5.22
188 -7.91
189 -7.63
190 -7.52
191 -7.57
192 -7.73
193 -7.65
194 -7.74
195 -5.16
196 -7.69
197 -9.06
198 -7.66
199 -7.90
200 -5.28
201 -7.71
202 -7.61
203 -7.58
204 -7.83
205 -7.76
206 -7.69
207 -7.56
208 -8.09
209 -7.69
210 -7.63
211 -8.61
212 -8.04
213 -8.10
214 -7.98
215 -5.17
216 -7.69
217 -8.05
218 -7.65
219 -7.68
220 -8.21
221 -7.66
222 -7.72
223 -8.73
224 -7.78
225 -7.76
226 -7.63
227 -7.76
228 -7.60
229 -7.61
230 -7.63
231 -8.15
232 -7.73
233 -7.53
234 -7.72
235 -7.65
236 -7.68
237 -7.65
238 -8.12
239 -7.67
240 -8.04
241 -5.06
242 -7.82
243 -7.89
244 -7.67
245 -7.58
246 -7.69
247 -7.60
248 -7.68
249 -7.75
250 -7.69
251 -8.79
252 -8.87
253 -7.75
254 -7.60
255 -5.74
256 -7.65
257 -7.55
258 -8.15
259 -7.90
260 -7.63
261 -7.68
262 -7.85
263 -7.75
264 -7.86
265 -7.72
266 -7.74
267 -7.72
268 -7.57
269 -7.71
270 -7.76
271 -7.56
272 -2.73
273 -7.76
274 -7.57
275 -7.51
276 -7.61
277 -7.65
278 -5.06
279 -7.53
280 -7.86
281 -7.67
282 -5.31
283 -7.72
284 -7.73
285 -7.68
286 -7.69
287 -8.88
288 -7.64
289 -7.62
290 -7.72
291 -7.95
292 -4.90
293 -7.82
294 -7.68
295 -8.06
296 -8.49
297 -7.66
298 -5.20
299 -8.73
300 -7.80
301 -7.56
302 -5.06
303 -7.76
304 -7.70
305 -7.68
306 -7.62
307 -7.95
308 -7.59
309 -7.66
310 -7.71
311 -7.66
312 -8.68
313 -7.65
314 -7.55
315 -7.77
316 -5.21
317 -7.71
318 -7.67
319 -8.01
320 -7.68
321 -7.69
322 -7.67
323 -8.07
324 -8.04
325 -2.56
326 -8.01
327 -7.71
328 -7.64
329 -8.78
330 -7.58
331 -7.61
332 -7.59
333 -7.70
334 -7.63
335 -5.16
336 -7.84
337 -7.68
338 -7.68
339 -8.66
340 -7.74
341 -7.59
342 -6.38
343 -7.57
344 -7.64
345 -7.66
346 -5.18
347 -7.62
348 -7.57
349 -7.61
350 -7.69
351 -7.74
352 -7.59
353 -7.70
354 -8.70
355 -7.57
356 -7.60
357 -7.89
358 -7.54
359 -7.53
360 -7.66
361 -8.75
362 -7.69
363 -7.83
364 -7.76
365 -8.23
366 -7.73
367 -7.61
368 -5.00
369 -7.74
370 -7.84
371 -7.77
372 -7.81
373 -7.60
374 -8.72
375 -7.65
376 -8.73
377 -8.64
378 -7.69
379 -7.77
380 -7.59
381 -7.63
382 -7.56
383 -7.60
384 -7.68
385 -7.73
386 -7.66
387 -4.94
388 -7.63
389 -7.91
390 -7.71
391 -6.24
392 -7.59
393 -7.67
394 -7.71
395 -5.29
396 -7.67
397 -7.63
398 -7.60
399 -7.64
400 -7.62
401 -7.77
402 -7.60
403 -7.71
404 -7.78
405 -7.70
406 -7.71
407 -5.25
408 -7.67
409 -7.61
410 -7.55
411 -5.07
412 -7.62
413 -7.61
414 -7.51
415 -7.61
416 -7.69
417 -8.78
418 -7.79
419 -7.69
420 -7.70
421 -7.72
422 -7.67
423 -9.10
424 -7.75
425 -7.61
426 -8.06
427 -7.81
428 -7.70
429 -7.64
430 -7.76
431 -7.71
432 -7.61
433 -7.58
434 -7.56
435 -8.07
436 -7.64
437 -7.61
438 -7.68
439 -7.74
440 -7.68
441 -7.72
442 -3.04
443 -7.68
444 -7.66
445 -7.71
446 -8.06
447 -7.69
448 -7.58
449 -7.54
450 -7.71
451 -7.82
452 -8.09
453 -7.65
454 -7.57
455 -7.79
456 -8.79
457 -7.56
458 -7.76
459 -7.91
460 -7.69
461 -7.77
462 -7.71
463 -6.13
464 -7.67
465 -7.57
466 -7.52
467 -8.69
468 -7.80
469 -7.61
470 -7.59
471 -7.66
472 -7.78
473 -7.74
474 -7.60
475 -7.46
476 -7.84
477 -7.76
478 -8.64
479 -5.11
480 -7.89
481 -7.70
482 -7.75
483 -7.68
484 -7.70
485 -7.72
486 -7.77
487 -7.73
488 -7.70
489 -7.64
490 -8.55
491 -7.78
492 -8.19
493 -7.76
494 -7.62
495 -7.79
496 -7.72
497 -7.60
498 -7.83
499 -7.74
500 -7.60
501 -7.70
502 -7.80
503 -7.54
504 -7.78
505 -7.68
506 -7.71
507 -7.89
508 -7.74
509 -7.63
510 -7.66
511 -8.61
512 -8.68
513 -7.78
514 -8.69
515 -7.62
516 -7.76
517 -8.81
518 -8.03
519 -7.74
520 -7.55
521 -7.65
522 -7.93
523 -7.67
524 -7.69
525 -7.66
526 -7.64
527 -8.15
528 -7.66
529 -5.69
530 -7.68
531 -7.67
532 -7.62
533 -7.64
534 -7.74
535 -8.05
536 -7.82
537 -5.08
538 -7.83
539 -7.72
540 -7.63
541 -7.64
542 -7.76
543 -7.82
544 -8.06
545 -7.83
546 -7.71
547 -8.85
548 -7.53
549 -7.49
550 -7.60
551 -8.67
552 -8.59
553 -7.74
554 -7.70
555 -7.70
556 -7.71
557 -7.59
558 -8.46
559 -7.62
560 -8.05
561 -8.86
562 -7.67
563 -5.26
564 -7.61
565 -7.73
566 -7.75
567 -7.63
568 -7.65
569 -7.58
570 -7.83
571 -7.63
572 -7.63
573 -7.67
574 -7.60
575 -7.72
576 -7.55
577 -7.79
578 -7.67
579 -7.64
580 -7.73
581 -7.76
582 -8.03
583 -7.54
584 -7.98
585 -7.62
586 -5.08
587 -7.68
588 -5.23
589 -7.63
590 -7.97
591 -7.62
592 -7.96
593 -7.78
594 -5.10
595 -7.87
596 -4.98
597 -7.78
598 -7.73
599 -7.81
600 -7.60
601 -7.61
602 -7.65
603 -7.70
604 -7.55
605 -7.71
606 -8.13
607 -7.69
608 -7.63
609 -7.72
610 -7.67
611 -7.65
612 -7.64
613 -5.32
614 -8.06
615 -7.55
616 -7.65
617 -7.84
618 -7.78
619 -7.52
620 -7.69
621 -7.57
622 -7.97
623 -8.11
624 -7.66
625 -7.68
626 -7.61
627 -7.76
628 -7.57
629 -7.56
630 -7.59
631 -7.80
632 -7.59
633 -7.51
634 -8.05
635 -7.67
636 -7.59
637 -7.68
638 -7.69
639 -7.79
640 -7.76
641 -8.36
642 -7.69
643 -7.91
644 -7.68
645 -7.61
646 -8.22
647 -8.08
648 -7.63
649 -7.71
650 -7.72
651 -7.65
652 -7.65
653 -8.09
654 -7.99
655 -7.68
656 -5.15
657 -7.68
658 -7.71
659 -7.96
660 -7.73
661 -7.83
662 -8.81
663 -7.71
664 -7.61
665 -9.19
666 -9.02
667 -7.76
668 -5.11
669 -7.57
670 -5.05
671 -2.75
672 -7.74
673 -7.64
674 -7.57
675 -7.49
676 -7.59
677 -8.12
678 -5.16
679 -7.60
680 -7.55
681 -7.71
682 -7.63
683 -8.06
684 -7.52
685 -7.62
686 -7.69
687 -7.75
688 -7.60
689 -7.52
690 -7.60
691 -5.24
692 -7.84
693 -7.61
694 -7.84
695 -5.24
696 -7.76
697 -7.76
698 -8.61
699 -7.72
700 -8.29
701 -7.63
702 -7.68
703 -8.84
704 -5.13
705 -7.66
706 -7.60
707 -7.78
708 -7.69
709 -7.73
710 -7.74
711 -7.77
712 -7.88
713 -7.68
714 -7.63
715 -7.82
716 -7.60
717 -7.79
718 -7.84
719 -8.13
720 -7.66
721 -7.38
722 -7.70
723 -7.61
724 -7.68
725 -8.76
726 -7.72
727 -8.07
728 -7.61
729 -7.56
730 -8.02
731 -7.48
732 -7.70
733 -7.72
734 -8.71
735 -7.55
736 -7.67
737 -7.73
738 -7.75
739 -7.41
740 -8.04
741 -7.79
742 -7.64
743 -7.66
744 -8.06
745 -7.57
746 -7.66
747 -7.51
748 -7.63
749 -7.78
750 -7.71
751 -8.02
752 -8.43
753 -7.86
754 -7.60
755 -7.53
756 -7.73
757 -5.61
758 -7.71
759 -7.79
760 -5.06
761 -7.52
762 -5.12
763 -7.53
764 -7.81
765 -7.61
766 -9.01
767 -7.72
768 -5.21
769 -7.63
770 -7.76
771 -7.68
772 -7.79
773 -7.68
774 -7.60
775 -7.57
776 -7.96
777 -8.17
778 -7.64
779 -7.58
780 -7.61
781 -7.68
782 -7.63
783 -7.75
784 -7.68
785 -7.67
786 -7.69
787 -7.75
788 -7.69
789 -7.81
790 -7.47
791 -8.55
792 -8.05
793 -8.21
794 -7.76
795 -7.74
796 -7.66
797 -7.58
798 -7.67
799 -7.63
800 -7.65
801 -5.16
802 -8.69
803 -7.69
804 -7.53
805 -7.75
806 -7.81
807 -7.71
808 -7.73
809 -7.69
810 -7.53
811 -8.19
812 -8.13
813 -8.01
814 -5.11
815 -7.58
816 -7.74
817 -7.61
818 -8.19
819 -7.68
820 -7.73
821 -7.69
822 -5.14
823 -8.60
824 -5.06
825 -7.77
826 -7.69
827 -7.76
828 -7.68
829 -8.69
830 -7.63
831 -8.72
832 -7.75
833 -7.62
834 -7.74
835 -7.68
836 -7.58
837 -7.73
838 -7.72
839 -7.60
840 -7.69
841 -5.18
842 -8.09
843 -5.11
844 -8.89
845 -7.66
846 -7.77
847 -8.79
848 -8.01
849 -7.83
850 -5.26
851 -8.09
852 -7.73
853 -7.74
854 -7.66
855 -7.84
856 -7.69
857 -8.13
858 -7.71
859 -7.73
860 -7.62
861 -8.01
862 -7.54
863 -7.58
864 -7.75
865 -8.02
866 -8.61
867 -5.16
868 -7.71
869 -7.78
870 -7.72
871 -7.71
872 -7.49
873 -8.00
874 -7.66
875 -7.68
876 -8.61
877 -7.73
878 -7.77
879 -7.53
880 -2.68
881 -8.09
882 -6.56
883 -7.77
884 -7.69
885 -7.70
886 -2.61
887 -7.67
888 -8.11
889 -8.04
890 -8.38
891 -7.58
892 -7.70
893 -7.57
894 -7.50
895 -8.00
896 -7.68
897 -7.98
898 -5.21
899 -8.06
900 -7.61
901 -7.68
902 -5.25
903 -7.55
904 -7.78
905 -7.57
906 -8.18
907 -7.62
908 -8.82
909 -7.64
910 -7.71
911 -7.63
912 -7.82
913 -7.67
914 -7.76
915 -7.64
916 -7.67
917 -5.18
918 -7.78
919 -7.79
920 -7.70
921 -7.81
922 -7.72
923 -7.61
924 -7.66
925 -7.63
926 -7.55
927 -7.84
928 -5.21
929 -7.68
930 -7.73
931 -7.61
932 -7.60
933 -8.07
934 -7.71
935 -7.59
936 -7.69
937 -7.68
938 -7.59
939 -7.69
940 -8.13
941 -7.65
942 -7.70
943 -7.65
944 -7.61
945 -7.66
946 -3.07
947 -7.62
948 -7.60
949 -7.56
950 -5.27
951 -7.58
952 -5.12
953 -7.62
954 -8.67
955 -7.69
956 -7.55
957 -7.62
958 -8.05
959 -7.58
960 -7.77
961 -7.60
962 -7.58
963 -7.41
964 -7.62
965 -7.68
966 -7.78
967 -7.67
968 -7.59
969 -5.14
970 -7.65
971 -8.16
972 -7.46
973 -5.12
974 -7.66
975 -8.77
976 -7.66
977 -7.71
978 -7.67
979 -7.71
980 -7.64
981 -7.70
982 -7.54
983 -7.65
984 -7.52
985 -7.67
986 -7.73
987 -7.74
988 -8.63
989 -5.06
990 -7.57
991 -5.19
992 -5.17
993 -7.71
994 -7.71
995 -7.72
996 -7.68
997 -8.72
998 -7.67
999 -5.18
3417.1701974868774
