0 -0.43499999999991584
1 -3.009999999999927
2 -3.719999999999912
3 -2.579999999999936
4 -0.07999999999991556
5 -2.6449999999999347
6 -3.624999999999914
7 -2.999999999999927
8 -2.5549999999999367
9 -3.044999999999926
10 -2.9949999999999273
11 -2.6949999999999337
12 -2.5199999999999374
13 2.4050000000001086
14 -2.584999999999936
15 -2.5649999999999364
16 -2.5499999999999368
17 -0.5249999999999159
18 -2.5599999999999365
19 -2.5549999999999367
20 -2.5549999999999367
21 -3.6049999999999143
22 -2.6649999999999343
23 -2.6549999999999345
24 -2.594999999999936
25 -2.6099999999999355
26 -2.9949999999999273
27 -2.6149999999999354
28 -2.6099999999999355
29 -3.6349999999999136
30 -35.89999999999988
31 -2.594999999999936
32 -2.634999999999935
33 -35.56999999999971
34 -3.6049999999999143
35 -0.15499999999991562
36 -2.6499999999999346
37 -2.529999999999937
38 -2.579999999999936
39 -2.5149999999999375
40 -2.5749999999999362
41 -2.544999999999937
42 -2.6049999999999356
43 -2.579999999999936
44 -0.08499999999991556
45 -2.5549999999999367
46 -3.6299999999999137
47 -2.539999999999937
48 -3.5999999999999144
49 -3.5949999999999145
50 -35.834999999999845
51 -2.5199999999999374
52 -35.70499999999978
53 -2.6599999999999344
54 -2.534999999999937
55 -3.0199999999999267
56 -2.5249999999999373
57 -0.04999999999991555
58 -2.5249999999999373
59 -2.579999999999936
60 -2.5149999999999375
61 -2.6049999999999356
62 -3.6799999999999127
63 -2.5549999999999367
64 -0.06499999999991554
65 -2.584999999999936
66 -2.9849999999999275
67 -2.5999999999999357
68 -2.9299999999999287
69 -2.634999999999935
70 -2.5749999999999362
71 2.4650000000001073
72 -1.0899999999999144
73 -2.579999999999936
74 -2.85999999999993
75 -2.964999999999928
76 -2.584999999999936
77 -2.5249999999999373
78 -2.919999999999929
79 -3.624999999999914
80 -2.5599999999999365
81 -2.594999999999936
82 -0.009999999999915556
83 -0.09999999999991557
84 -2.5999999999999357
85 -2.579999999999936
86 -2.5549999999999367
87 -2.594999999999936
88 -2.6099999999999355
89 -2.594999999999936
90 -2.6149999999999354
91 -2.629999999999935
92 -3.6449999999999134
93 -2.6599999999999344
94 -2.964999999999928
95 -2.6449999999999347
96 -2.5149999999999375
97 -2.5649999999999364
98 -2.9749999999999277
99 -3.6849999999999126
100 -2.5549999999999367
101 -2.5699999999999363
102 -3.624999999999914
103 -3.014999999999927
104 -2.6099999999999355
105 -2.5149999999999375
106 -2.529999999999937
107 -2.5749999999999362
108 -2.584999999999936
109 -2.5649999999999364
110 -3.6449999999999134
111 -2.579999999999936
112 -2.904999999999929
113 -0.1399999999999156
114 -2.589999999999936
115 -3.064999999999926
116 -35.834999999999845
117 -35.92999999999989
118 -2.579999999999936
119 -2.5699999999999363
120 -2.594999999999936
121 -2.6599999999999344
122 -2.5499999999999368
123 -2.5749999999999362
124 -2.6049999999999356
125 -2.579999999999936
126 -2.5749999999999362
127 -2.539999999999937
128 -2.9899999999999274
129 -2.589999999999936
130 -2.6199999999999353
131 -2.5999999999999357
132 -2.959999999999928
133 -2.529999999999937
134 -2.6149999999999354
135 -3.0399999999999263
136 -2.5599999999999365
137 -1.1249999999999136
138 -2.5649999999999364
139 -2.9449999999999283
140 -0.09999999999991557
141 -2.6449999999999347
142 -2.589999999999936
143 -2.5749999999999362
144 -2.5049999999999377
145 -2.594999999999936
146 -2.5749999999999362
147 -2.964999999999928
148 -35.639999999999745
149 -3.654999999999913
150 -0.05499999999991555
151 -3.009999999999927
152 -35.779999999999816
153 -2.5649999999999364
154 -3.6349999999999136
155 -2.999999999999927
156 -2.5599999999999365
157 -3.0349999999999264
158 -3.704999999999912
159 -2.5549999999999367
160 -2.6199999999999353
161 -2.9399999999999284
162 -2.584999999999936
163 -2.9849999999999275
164 -2.9899999999999274
165 -35.66999999999976
166 -2.579999999999936
167 -0.09499999999991557
168 -0.45999999999991587
169 -2.594999999999936
170 -2.6099999999999355
171 -2.5999999999999357
172 -0.4949999999999159
173 -2.5199999999999374
174 -2.919999999999929
175 2.5100000000001064
176 -2.5249999999999373
177 -2.6049999999999356
178 -2.9949999999999273
179 -0.11499999999991559
180 -2.999999999999927
181 -3.6049999999999143
182 -2.584999999999936
183 -2.6049999999999356
184 -2.6499999999999346
185 -2.5699999999999363
186 -35.679999999999765
187 -2.6499999999999346
188 -3.014999999999927
189 -2.5649999999999364
190 -2.529999999999937
191 -35.71499999999978
192 -35.68999999999977
193 -2.964999999999928
194 -2.6049999999999356
195 -35.63499999999974
196 -2.584999999999936
197 -3.5899999999999146
198 -2.9399999999999284
199 -2.499999999999938
200 -3.5999999999999144
201 -2.624999999999935
202 -2.9849999999999275
203 -2.6049999999999356
204 -2.5699999999999363
205 -2.5699999999999363
206 -2.9749999999999277
207 -3.659999999999913
208 -3.674999999999913
209 -2.579999999999936
210 -2.579999999999936
211 -0.05499999999991555
212 -3.5499999999999154
213 -2.5999999999999357
214 -3.044999999999926
215 -2.9349999999999286
216 -2.9849999999999275
217 -2.634999999999935
218 -2.6549999999999345
219 -35.61499999999973
220 -3.5899999999999146
221 -0.11499999999991559
222 -2.5749999999999362
223 -3.054999999999926
224 -2.919999999999929
225 -35.639999999999745
226 -2.5599999999999365
227 -2.964999999999928
228 -2.914999999999929
229 -35.81999999999984
230 -2.584999999999936
231 -0.08499999999991556
232 -3.574999999999915
233 -2.5999999999999357
234 -2.5249999999999373
235 -3.044999999999926
236 -3.669999999999913
237 -0.07999999999991556
238 -2.594999999999936
239 -2.6049999999999356
240 -3.614999999999914
241 -2.434999999999939
242 -3.5949999999999145
243 -2.6199999999999353
244 -3.5949999999999145
245 -2.589999999999936
246 -2.6149999999999354
247 -2.6049999999999356
248 -2.499999999999938
249 -0.02499999999991556
250 -2.6149999999999354
251 -3.004999999999927
252 -2.6199999999999353
253 -2.674999999999934
254 -35.679999999999765
255 -0.09499999999991557
256 -3.0349999999999264
257 -3.0399999999999263
258 -2.5649999999999364
259 -2.999999999999927
260 -2.624999999999935
261 -3.0199999999999267
262 -0.07499999999991555
263 -3.669999999999913
264 -2.5649999999999364
265 -2.639999999999935
266 -3.6399999999999135
267 -0.009999999999915556
268 -2.969999999999928
269 -33.254999999998475
270 -2.964999999999928
271 -2.8999999999999293
272 -2.5199999999999374
273 -2.5549999999999367
274 -2.639999999999935
275 -3.6399999999999135
276 -2.5549999999999367
277 -0.09499999999991557
278 -35.854999999999855
279 -3.6049999999999143
280 -2.5549999999999367
281 -3.044999999999926
282 -2.969999999999928
283 -2.914999999999929
284 -2.9449999999999283
285 -2.959999999999928
286 -2.5499999999999368
287 -2.5649999999999364
288 -2.6199999999999353
289 -0.02999999999991556
290 -2.999999999999927
291 -3.0199999999999267
292 -2.584999999999936
293 -2.6099999999999355
294 -2.579999999999936
295 2.390000000000109
296 -2.9499999999999282
297 -3.004999999999927
298 -2.5999999999999357
299 -2.5649999999999364
300 -2.639999999999935
301 -3.5599999999999152
302 -3.619999999999914
303 -0.5299999999999159
304 -2.584999999999936
305 -2.5749999999999362
306 -35.70499999999978
307 -2.5999999999999357
308 -2.9449999999999283
309 -2.5149999999999375
310 -2.634999999999935
311 -3.5599999999999152
312 -2.6149999999999354
313 -2.9899999999999274
314 -2.5099999999999376
315 -2.969999999999928
316 -2.679999999999934
317 -0.11999999999991559
318 -0.5399999999999159
319 -2.589999999999936
320 -3.614999999999914
321 -3.054999999999926
322 -3.669999999999913
323 -2.6199999999999353
324 -2.4799999999999383
325 -3.6899999999999125
326 -2.9899999999999274
327 -2.534999999999937
328 -3.569999999999915
329 -0.0049999999999155555
330 -2.539999999999937
331 -2.9249999999999288
332 -2.999999999999927
333 -0.009999999999915556
334 -0.02999999999991556
335 -2.5649999999999364
336 -2.634999999999935
337 -3.519999999999916
338 -2.6899999999999338
339 -2.589999999999936
340 -35.70999999999978
341 -3.049999999999926
342 -2.6099999999999355
343 -2.5249999999999373
344 -2.8449999999999305
345 -2.9949999999999273
346 -2.629999999999935
347 -2.5999999999999357
348 -0.04999999999991555
349 -2.589999999999936
350 -2.959999999999928
351 -2.584999999999936
352 -0.04999999999991555
353 -3.704999999999912
354 -2.7099999999999334
355 -2.5649999999999364
356 -2.6149999999999354
357 -2.5599999999999365
358 -2.9799999999999276
359 -3.579999999999915
360 -2.579999999999936
361 -3.1299999999999244
362 -3.659999999999913
363 -3.524999999999916
364 -2.5699999999999363
365 -2.629999999999935
366 -3.5599999999999152
367 -2.954999999999928
368 -2.5749999999999362
369 -2.5699999999999363
370 -3.569999999999915
371 -2.6549999999999345
372 -2.5649999999999364
373 -35.86999999999986
374 -2.624999999999935
375 -2.5599999999999365
376 -2.594999999999936
377 -2.594999999999936
378 -2.9899999999999274
379 -2.539999999999937
380 -35.834999999999845
381 -0.07499999999991555
382 -2.9749999999999277
383 -2.579999999999936
384 -2.5749999999999362
385 -2.9849999999999275
386 -2.9499999999999282
387 -35.73499999999979
388 -2.579999999999936
389 -2.594999999999936
390 -35.82499999999984
391 -2.529999999999937
392 -2.9449999999999283
393 -3.654999999999913
394 -2.6449999999999347
395 -2.6199999999999353
396 -3.609999999999914
397 -2.5649999999999364
398 -2.6049999999999356
399 -3.5599999999999152
400 -2.5549999999999367
401 -2.8949999999999294
402 -2.5249999999999373
403 -2.5699999999999363
404 -0.15999999999991563
405 -0.039999999999915554
406 -2.5749999999999362
407 -0.46499999999991587
408 -2.6499999999999346
409 -36.009999999999934
410 -2.5549999999999367
411 -2.594999999999936
412 -2.9449999999999283
413 -2.544999999999937
414 -0.15499999999991562
415 4.914999999999758
416 -2.5749999999999362
417 -2.6149999999999354
418 -3.0749999999999256
419 -2.579999999999936
420 -2.579999999999936
421 -2.5649999999999364
422 -35.61499999999973
423 -35.814999999999834
424 -2.5649999999999364
425 -3.5949999999999145
426 -3.6399999999999135
427 -2.534999999999937
428 -2.584999999999936
429 -2.534999999999937
430 -2.5999999999999357
431 -2.5699999999999363
432 -3.6499999999999133
433 -1.2149999999999117
434 -3.6399999999999135
435 -2.5649999999999364
436 -35.5499999999997
437 -35.76499999999981
438 -0.06499999999991554
439 -2.629999999999935
440 -3.574999999999915
441 -2.5999999999999357
442 -3.6399999999999135
443 -2.999999999999927
444 -3.669999999999913
445 -2.6049999999999356
446 -2.6199999999999353
447 -2.5749999999999362
448 -2.969999999999928
449 -2.6099999999999355
450 -2.639999999999935
451 -3.5999999999999144
452 -2.5999999999999357
453 -2.999999999999927
454 -2.5749999999999362
455 -3.5899999999999146
456 -35.41499999999963
457 -2.6149999999999354
458 -2.5049999999999377
459 -3.5899999999999146
460 -0.08999999999991556
461 -2.624999999999935
462 -2.6099999999999355
463 -2.6449999999999347
464 -2.9799999999999276
465 -2.534999999999937
466 -2.9399999999999284
467 -3.574999999999915
468 -3.574999999999915
469 -2.5249999999999373
470 -2.6099999999999355
471 -2.594999999999936
472 -2.634999999999935
473 -2.6099999999999355
474 -2.624999999999935
475 -2.6049999999999356
476 -2.5749999999999362
477 -2.5749999999999362
478 -35.934999999999896
479 -3.7399999999999114
480 -35.699999999999775
481 -2.9399999999999284
482 -3.5999999999999144
483 -35.794999999999824
484 -2.5549999999999367
485 -2.9349999999999286
486 -3.0199999999999267
487 -2.85999999999993
488 -2.634999999999935
489 -2.5499999999999368
490 -2.594999999999936
491 -3.6449999999999134
492 -2.589999999999936
493 -2.6549999999999345
494 -2.5249999999999373
495 -3.0749999999999256
496 -0.11999999999991559
497 -2.624999999999935
498 -2.9849999999999275
499 -2.5699999999999363
500 -3.014999999999927
501 -2.5199999999999374
502 -35.68999999999977
503 -3.6999999999999122
504 -2.6499999999999346
505 -2.6149999999999354
506 -3.044999999999926
507 -3.674999999999913
508 -2.6099999999999355
509 -3.664999999999913
510 -3.664999999999913
511 -2.6549999999999345
512 -2.5749999999999362
513 -3.5949999999999145
514 -2.9299999999999287
515 -2.6149999999999354
516 -3.0249999999999266
517 -0.1299999999999156
518 -3.0199999999999267
519 -3.0249999999999266
520 -2.629999999999935
521 -2.5749999999999362
522 -28.174999999998843
523 -33.24999999999847
524 -2.999999999999927
525 -2.6649999999999343
526 -0.10499999999991558
527 -2.5249999999999373
528 -2.639999999999935
529 -2.579999999999936
530 -2.6049999999999356
531 -2.584999999999936
532 -3.674999999999913
533 -2.584999999999936
534 -0.02999999999991556
535 -2.5599999999999365
536 -2.684999999999934
537 2.0300000000001166
538 -3.0199999999999267
539 -3.5999999999999144
540 -2.9949999999999273
541 -2.8949999999999294
542 -2.5649999999999364
543 -2.529999999999937
544 -2.969999999999928
545 -35.61499999999973
546 -0.5299999999999159
547 -35.44999999999965
548 -2.6199999999999353
549 -35.82999999999984
550 -2.999999999999927
551 -3.6899999999999125
552 -3.6999999999999122
553 -2.9749999999999277
554 -2.5749999999999362
555 -3.0399999999999263
556 -3.704999999999912
557 -2.544999999999937
558 -3.6849999999999126
559 -35.719999999999786
560 -2.6049999999999356
561 -2.6199999999999353
562 -1.1399999999999133
563 -2.594999999999936
564 -2.584999999999936
565 -2.9399999999999284
566 -3.624999999999914
567 -2.5699999999999363
568 -3.5399999999999157
569 -35.84499999999985
570 -2.594999999999936
571 -2.629999999999935
572 -2.919999999999929
573 -3.5849999999999147
574 -2.954999999999928
575 -2.6049999999999356
576 -2.6449999999999347
577 -2.629999999999935
578 -3.0199999999999267
579 -0.43999999999991585
580 -2.5599999999999365
581 -2.6099999999999355
582 -2.9299999999999287
583 -2.544999999999937
584 -2.9499999999999282
585 -2.9249999999999288
586 -2.5749999999999362
587 -2.589999999999936
588 -2.9949999999999273
589 -2.9899999999999274
590 -3.6299999999999137
591 -35.619999999999735
592 -35.83999999999985
593 -2.5999999999999357
594 1.9900000000001175
595 -3.5449999999999156
596 -2.919999999999929
597 -2.9449999999999283
598 2.4500000000001076
599 -2.9499999999999282
600 -2.529999999999937
601 -2.7099999999999334
602 -3.6349999999999136
603 -35.67499999999976
604 -2.634999999999935
605 -35.68499999999977
606 -2.5699999999999363
607 -2.544999999999937
608 -2.5099999999999376
609 -35.82999999999984
610 -2.919999999999929
611 -2.5649999999999364
612 -2.5699999999999363
613 4.839999999999761
614 -3.6399999999999135
615 -2.9399999999999284
616 -2.639999999999935
617 -1.0899999999999144
618 -2.9299999999999287
619 -2.624999999999935
620 -2.999999999999927
621 -2.5749999999999362
622 -2.499999999999938
623 -3.004999999999927
624 -35.7499999999998
625 -2.5749999999999362
626 -2.5999999999999357
627 -3.5999999999999144
628 -2.5249999999999373
629 -2.964999999999928
630 -2.9849999999999275
631 -3.6299999999999137
632 -2.5649999999999364
633 -2.639999999999935
634 -2.9299999999999287
635 -0.02999999999991556
636 -35.834999999999845
637 -2.584999999999936
638 -0.45999999999991587
639 -2.9749999999999277
640 -2.669999999999934
641 -2.999999999999927
642 -2.594999999999936
643 -3.6449999999999134
644 -2.5499999999999368
645 -2.5649999999999364
646 -2.6049999999999356
647 -35.779999999999816
648 -3.0249999999999266
649 -2.5549999999999367
650 -0.1299999999999156
651 -2.6049999999999356
652 -2.6149999999999354
653 -2.6149999999999354
654 -2.5649999999999364
655 -2.914999999999929
656 -3.6799999999999127
657 -2.9249999999999288
658 -36.09999999999998
659 -2.589999999999936
660 -35.754999999999804
661 -3.719999999999912
662 -2.999999999999927
663 -2.6199999999999353
664 -35.679999999999765
665 -2.9899999999999274
666 -2.579999999999936
667 -3.619999999999914
668 -3.6299999999999137
669 -2.6199999999999353
670 -3.654999999999913
671 -2.584999999999936
672 -0.45999999999991587
673 -3.0199999999999267
674 -3.6499999999999133
675 -2.9899999999999274
676 -2.6549999999999345
677 -2.86499999999993
678 -2.5249999999999373
679 -2.6049999999999356
680 -2.594999999999936
681 -2.999999999999927
682 -0.059999999999915545
683 -2.634999999999935
684 -2.5049999999999377
685 -2.6649999999999343
686 -2.634999999999935
687 -2.539999999999937
688 -2.594999999999936
689 -2.9399999999999284
690 -2.6949999999999337
691 -3.609999999999914
692 -2.594999999999936
693 -2.5749999999999362
694 -2.6099999999999355
695 -3.6799999999999127
696 -2.9499999999999282
697 -3.569999999999915
698 -2.544999999999937
699 -33.04499999999837
700 -2.584999999999936
701 -2.6099999999999355
702 -35.719999999999786
703 -2.499999999999938
704 -3.6449999999999134
705 -2.579999999999936
706 -2.9849999999999275
707 -2.6449999999999347
708 -2.589999999999936
709 -2.5699999999999363
710 -0.06499999999991554
711 -2.969999999999928
712 -2.969999999999928
713 -35.84999999999985
714 -2.5549999999999367
715 -2.6599999999999344
716 -3.6399999999999135
717 -2.6099999999999355
718 -2.964999999999928
719 -3.049999999999926
720 -35.794999999999824
721 -2.904999999999929
722 -0.4149999999999158
723 -3.659999999999913
724 -0.5199999999999159
725 -2.5699999999999363
726 -2.639999999999935
727 -35.9499999999999
728 -3.6949999999999124
729 -2.6449999999999347
730 -3.614999999999914
731 -2.9949999999999273
732 -2.6549999999999345
733 -2.639999999999935
734 -2.6199999999999353
735 -2.959999999999928
736 -2.5149999999999375
737 -2.4799999999999383
738 -3.5949999999999145
739 -2.9749999999999277
740 -3.0299999999999265
741 -3.6049999999999143
742 -2.5699999999999363
743 2.430000000000108
744 -2.6899999999999338
745 -2.584999999999936
746 -35.78999999999982
747 -0.1399999999999156
748 -3.614999999999914
749 -2.624999999999935
750 -2.9299999999999287
751 -3.5899999999999146
752 -2.5599999999999365
753 -35.739999999999796
754 -2.9899999999999274
755 -2.5199999999999374
756 -2.584999999999936
757 -0.04999999999991555
758 -2.579999999999936
759 -35.7499999999998
760 -2.5699999999999363
761 -2.499999999999938
762 -2.6049999999999356
763 -3.5499999999999154
764 -2.6099999999999355
765 -3.054999999999926
766 -2.6199999999999353
767 -2.6099999999999355
768 -0.05499999999991555
769 -3.6449999999999134
770 -3.014999999999927
771 -2.8999999999999293
772 -2.5249999999999373
773 -3.6849999999999126
774 -35.72999999999979
775 -0.014999999999915557
776 -2.6149999999999354
777 -3.6049999999999143
778 -3.054999999999926
779 -2.9349999999999286
780 -35.934999999999896
781 -3.624999999999914
782 -3.5899999999999146
783 -3.659999999999913
784 -35.954999999999906
785 -2.959999999999928
786 -2.5549999999999367
787 -2.6149999999999354
788 -3.5849999999999147
789 -2.634999999999935
790 -2.634999999999935
791 -2.5699999999999363
792 -35.82999999999984
793 -3.5849999999999147
794 -2.679999999999934
795 -2.634999999999935
796 -0.5499999999999159
797 -2.5249999999999373
798 -2.5649999999999364
799 -2.5749999999999362
800 -35.81999999999984
801 -3.6449999999999134
802 -2.5999999999999357
803 -2.584999999999936
804 -2.5549999999999367
805 -2.629999999999935
806 -2.5549999999999367
807 -2.9799999999999276
808 -2.9899999999999274
809 -2.9449999999999283
810 -2.544999999999937
811 -3.009999999999927
812 -2.954999999999928
813 -0.5349999999999159
814 -2.5649999999999364
815 -3.714999999999912
816 -3.5599999999999152
817 -2.9349999999999286
818 -0.06499999999991554
819 -3.6499999999999133
820 -2.579999999999936
821 -2.6599999999999344
822 -35.9399999999999
823 -0.08999999999991556
824 -2.6199999999999353
825 -35.86499999999986
826 -2.9749999999999277
827 -2.6099999999999355
828 -2.999999999999927
829 -2.9899999999999274
830 -2.584999999999936
831 -0.5449999999999159
832 -2.5549999999999367
833 -35.67499999999976
834 -2.4799999999999383
835 -3.659999999999913
836 -2.9249999999999288
837 -2.964999999999928
838 -3.054999999999926
839 -3.004999999999927
840 -2.5649999999999364
841 -2.544999999999937
842 -2.544999999999937
843 -0.08999999999991556
844 -0.04499999999991555
845 -2.9499999999999282
846 -2.9449999999999283
847 -35.7449999999998
848 -2.5549999999999367
849 -2.5599999999999365
850 -3.574999999999915
851 -2.5649999999999364
852 -2.589999999999936
853 -2.6599999999999344
854 -2.589999999999936
855 -35.76499999999981
856 -3.624999999999914
857 -35.774999999999814
858 -2.9399999999999284
859 -3.0349999999999264
860 -2.669999999999934
861 -33.27999999999849
862 -3.569999999999915
863 -0.10999999999991558
864 -2.6049999999999356
865 -2.5499999999999368
866 -2.594999999999936
867 -2.5249999999999373
868 -2.579999999999936
869 -2.589999999999936
870 -2.964999999999928
871 -2.584999999999936
872 -2.5599999999999365
873 -2.5749999999999362
874 -3.6499999999999133
875 -3.0349999999999264
876 -2.9949999999999273
877 -2.584999999999936
878 -2.6049999999999356
879 -2.634999999999935
880 -2.5549999999999367
881 -2.629999999999935
882 -3.6349999999999136
883 -3.6349999999999136
884 -2.5999999999999357
885 -2.629999999999935
886 -3.054999999999926
887 -35.97999999999992
888 -2.534999999999937
889 -2.589999999999936
890 -2.6449999999999347
891 -2.9749999999999277
892 -35.48999999999967
893 -0.09999999999991557
894 -2.9749999999999277
895 -2.5499999999999368
896 -2.5749999999999362
897 -2.499999999999938
898 -0.4999999999999159
899 -2.5249999999999373
900 -2.6049999999999356
901 -2.6149999999999354
902 -2.5099999999999376
903 -2.969999999999928
904 -2.584999999999936
905 -0.03499999999991556
906 -3.569999999999915
907 -2.9799999999999276
908 -35.76499999999981
909 -0.45999999999991587
910 -3.609999999999914
911 -2.594999999999936
912 -35.779999999999816
913 -1.1799999999999125
914 -2.624999999999935
915 -2.954999999999928
916 -2.5649999999999364
917 -1.0999999999999142
918 -0.09499999999991557
919 -2.674999999999934
920 -35.78499999999982
921 -35.699999999999775
922 -0.5499999999999159
923 -3.044999999999926
924 -3.6499999999999133
925 -2.5699999999999363
926 -2.589999999999936
927 -2.5649999999999364
928 -2.5699999999999363
929 -2.584999999999936
930 -2.5649999999999364
931 -2.5649999999999364
932 -2.6599999999999344
933 -0.06499999999991554
934 -2.584999999999936
935 -35.874999999999865
936 -2.964999999999928
937 -2.919999999999929
938 -2.6049999999999356
939 -3.059999999999926
940 -2.5149999999999375
941 -3.0299999999999265
942 -2.5699999999999363
943 -2.999999999999927
944 -2.579999999999936
945 -35.814999999999834
946 -2.9749999999999277
947 -2.5649999999999364
948 -2.9749999999999277
949 -2.8799999999999297
950 -2.5699999999999363
951 -0.5399999999999159
952 -3.664999999999913
953 -2.624999999999935
954 -2.639999999999935
955 -2.6999999999999336
956 -2.5049999999999377
957 -1.0999999999999142
958 -2.969999999999928
959 -2.5599999999999365
960 -2.5749999999999362
961 -2.584999999999936
962 -33.389999999998544
963 -2.5549999999999367
964 -2.5599999999999365
965 -35.79999999999983
966 -2.5099999999999376
967 -2.5599999999999365
968 -35.82499999999984
969 -3.619999999999914
970 -3.6049999999999143
971 -2.6049999999999356
972 -2.624999999999935
973 -2.959999999999928
974 -3.014999999999927
975 -2.634999999999935
976 -3.619999999999914
977 -2.6149999999999354
978 -2.589999999999936
979 -2.544999999999937
980 -2.629999999999935
981 -0.06499999999991554
982 -0.059999999999915545
983 -2.9349999999999286
984 -3.5499999999999154
985 -2.6949999999999337
986 -2.5549999999999367
987 -2.544999999999937
988 -2.8499999999999304
989 -3.569999999999915
990 -3.064999999999926
991 -2.534999999999937
992 -2.6499999999999346
993 -2.9899999999999274
994 -35.98499999999992
995 -35.84999999999985
996 -2.5649999999999364
997 -35.7449999999998
998 -2.6099999999999355
999 -0.11999999999991559
1000 -3.579999999999915
1001 -2.6149999999999354
1002 -3.619999999999914
1003 -2.6049999999999356
1004 -2.959999999999928
1005 -2.9449999999999283
1006 -2.5599999999999365
1007 -3.0349999999999264
1008 -2.6049999999999356
1009 -2.959999999999928
1010 -2.5499999999999368
1011 -3.6299999999999137
1012 -2.6049999999999356
1013 -2.9449999999999283
1014 -2.6149999999999354
1015 -35.70499999999978
1016 -3.5399999999999157
1017 -3.6499999999999133
1018 -2.969999999999928
1019 -2.999999999999927
1020 -2.6199999999999353
1021 -3.664999999999913
1022 -2.529999999999937
1023 -2.5749999999999362
1024 -2.5999999999999357
1025 -2.589999999999936
1026 -3.529999999999916
1027 -2.5549999999999367
1028 -35.78499999999982
1029 -2.499999999999938
1030 -35.70499999999978
1031 -2.9449999999999283
1032 -2.6099999999999355
1033 -2.914999999999929
1034 -2.9349999999999286
1035 -2.5999999999999357
1036 -2.489999999999938
1037 -2.5149999999999375
1038 -2.5649999999999364
1039 -2.9499999999999282
1040 -2.634999999999935
1041 -35.66999999999976
1042 -2.999999999999927
1043 -3.6299999999999137
1044 -2.9399999999999284
1045 -2.544999999999937
1046 -2.499999999999938
1047 -3.004999999999927
1048 -3.0249999999999266
1049 -2.9449999999999283
1050 -2.634999999999935
1051 -2.584999999999936
1052 -0.059999999999915545
1053 -2.584999999999936
1054 -3.5449999999999156
1055 -2.634999999999935
1056 -3.0249999999999266
1057 -35.49999999999967
1058 -3.014999999999927
1059 -2.9399999999999284
1060 -35.914999999999885
1061 -2.6499999999999346
1062 -35.564999999999706
1063 -35.994999999999926
1064 -0.4099999999999158
1065 -2.6999999999999336
1066 -2.544999999999937
1067 -3.0199999999999267
1068 -2.5549999999999367
1069 -3.6899999999999125
1070 -2.584999999999936
1071 -3.614999999999914
1072 -2.6199999999999353
1073 -35.70499999999978
1074 -2.5749999999999362
1075 -2.5749999999999362
1076 -2.5499999999999368
1077 -2.5649999999999364
1078 -3.6799999999999127
1079 -2.5499999999999368
1080 -2.9799999999999276
1081 -2.5749999999999362
1082 -2.5499999999999368
1083 -2.539999999999937
1084 -1.0299999999999156
1085 -2.6499999999999346
1086 -2.5699999999999363
1087 -3.099999999999925
1088 -3.659999999999913
1089 -3.5999999999999144
1090 -35.639999999999745
1091 -3.0299999999999265
1092 -35.78999999999982
1093 -2.669999999999934
1094 -35.544999999999696
1095 -3.004999999999927
1096 -2.579999999999936
1097 -2.584999999999936
1098 -3.6449999999999134
1099 -0.05499999999991555
1100 -2.4699999999999385
1101 -2.529999999999937
1102 -0.039999999999915554
1103 -3.5899999999999146
1104 -3.7249999999999117
1105 -2.9449999999999283
1106 -2.624999999999935
1107 -2.6199999999999353
1108 -0.4749999999999159
1109 -2.6149999999999354
1110 -0.06499999999991554
1111 -3.664999999999913
1112 -0.11999999999991559
1113 -3.0749999999999256
1114 -2.624999999999935
1115 -2.5499999999999368
1116 -2.6949999999999337
1117 2.005000000000117
1118 -3.624999999999914
1119 -2.964999999999928
1120 -2.584999999999936
1121 -3.609999999999914
1122 -2.544999999999937
1123 -2.5999999999999357
1124 -2.624999999999935
1125 -3.5399999999999157
1126 -2.5249999999999373
1127 -2.489999999999938
1128 -2.86999999999993
1129 -35.72499999999979
1130 -2.6549999999999345
1131 -2.5699999999999363
1132 -2.529999999999937
1133 -2.969999999999928
1134 -3.754999999999911
1135 -3.044999999999926
1136 -3.5349999999999158
1137 -2.5599999999999365
1138 -2.5549999999999367
1139 -2.5999999999999357
1140 -2.544999999999937
1141 -2.5649999999999364
1142 -2.5649999999999364
1143 -3.5599999999999152
1144 -2.544999999999937
1145 -2.5049999999999377
1146 -2.6449999999999347
1147 -3.574999999999915
1148 -2.5249999999999373
1149 -3.664999999999913
1150 -3.569999999999915
1151 -2.6049999999999356
1152 -2.5599999999999365
1153 -2.634999999999935
1154 -2.489999999999938
1155 -2.5549999999999367
1156 -2.544999999999937
1157 -2.5599999999999365
1158 -2.579999999999936
1159 -2.579999999999936
1160 -35.80999999999983
1161 -3.5999999999999144
1162 -3.054999999999926
1163 -3.5599999999999152
1164 -3.669999999999913
1165 -2.5699999999999363
1166 -2.539999999999937
1167 -3.0349999999999264
1168 -3.044999999999926
1169 -2.534999999999937
1170 -2.6099999999999355
1171 -2.534999999999937
1172 -2.954999999999928
1173 -35.579999999999714
1174 -2.6099999999999355
1175 -2.9299999999999287
1176 -2.594999999999936
1177 -3.044999999999926
1178 -2.5749999999999362
1179 -3.0199999999999267
1180 -2.534999999999937
1181 -2.5149999999999375
1182 -2.5599999999999365
1183 -2.634999999999935
1184 -2.584999999999936
1185 -2.629999999999935
1186 -2.544999999999937
1187 -2.5699999999999363
1188 -3.6049999999999143
1189 -2.5599999999999365
1190 -3.6499999999999133
1191 -3.5849999999999147
1192 2.435000000000108
1193 -0.08499999999991556
1194 -0.11499999999991559
1195 -3.6449999999999134
1196 -2.634999999999935
1197 -2.964999999999928
1198 -2.5599999999999365
1199 -2.594999999999936
1200 -2.579999999999936
1201 -0.45499999999991586
1202 -2.6599999999999344
1203 -2.5749999999999362
1204 -2.584999999999936
1205 -2.5999999999999357
1206 -0.08499999999991556
1207 2.155000000000114
1208 -35.599999999999724
1209 -2.634999999999935
1210 -3.0299999999999265
1211 -2.6449999999999347
1212 -35.72999999999979
1213 -2.5199999999999374
1214 -3.624999999999914
1215 -3.624999999999914
1216 1.3950000000001301
1217 -2.539999999999937
1218 -3.669999999999913
1219 -2.6049999999999356
1220 -2.5649999999999364
1221 -3.5999999999999144
1222 -2.5099999999999376
1223 -3.664999999999913
1224 -2.629999999999935
1225 -2.9749999999999277
1226 -0.059999999999915545
1227 -2.5699999999999363
1228 -0.09499999999991557
1229 -2.534999999999937
1230 -2.9249999999999288
1231 -2.579999999999936
1232 -3.5849999999999147
1233 -2.5549999999999367
1234 -2.5999999999999357
1235 -3.614999999999914
1236 -2.544999999999937
1237 -2.5599999999999365
1238 -2.5199999999999374
1239 -2.634999999999935
1240 -3.6049999999999143
1241 -2.584999999999936
1242 -3.6999999999999122
1243 -2.5999999999999357
1244 -35.83999999999985
1245 -2.584999999999936
1246 -2.5999999999999357
1247 -2.969999999999928
1248 -2.5699999999999363
1249 -3.5899999999999146
1250 -2.594999999999936
1251 -2.5599999999999365
1252 -0.04999999999991555
1253 -1.1249999999999136
1254 -2.5549999999999367
1255 -3.004999999999927
1256 -2.9399999999999284
1257 -3.664999999999913
1258 -2.9349999999999286
1259 -2.6149999999999354
1260 -2.724999999999933
1261 -3.5999999999999144
1262 -2.5249999999999373
1263 -2.5649999999999364
1264 -3.654999999999913
1265 -2.5149999999999375
1266 -2.6549999999999345
1267 -2.8949999999999294
1268 -3.6349999999999136
1269 -3.574999999999915
1270 -2.964999999999928
1271 -0.04499999999991555
1272 -3.6349999999999136
1273 -3.624999999999914
1274 -2.634999999999935
1275 -2.594999999999936
1276 -2.6199999999999353
1277 -2.584999999999936
1278 -3.6849999999999126
1279 -2.6049999999999356
1280 -3.6449999999999134
1281 -2.639999999999935
1282 -2.5549999999999367
1283 -2.584999999999936
1284 -2.9449999999999283
1285 -2.629999999999935
1286 -2.5599999999999365
1287 -2.5249999999999373
1288 2.3550000000001097
1289 -2.579999999999936
1290 -35.779999999999816
1291 -2.594999999999936
1292 -2.529999999999937
1293 -3.609999999999914
1294 -2.9849999999999275
1295 -3.054999999999926
1296 -3.0299999999999265
1297 -2.5749999999999362
1298 -2.5699999999999363
1299 -3.0249999999999266
1300 -33.40499999999855
1301 -2.5999999999999357
1302 -2.5199999999999374
1303 -2.9899999999999274
1304 -0.08999999999991556
1305 -2.6149999999999354
1306 -2.9349999999999286
1307 -2.544999999999937
1308 -2.594999999999936
1309 -2.629999999999935
1310 -2.544999999999937
1311 -3.049999999999926
1312 -2.5649999999999364
1313 -2.589999999999936
1314 -2.6099999999999355
1315 -2.5749999999999362
1316 -2.6099999999999355
1317 -2.5499999999999368
1318 -2.639999999999935
1319 -2.6449999999999347
1320 -2.629999999999935
1321 -2.5149999999999375
1322 -2.6199999999999353
1323 -2.6099999999999355
1324 -35.63499999999974
1325 -2.6499999999999346
1326 -2.5699999999999363
1327 -3.0249999999999266
1328 -35.88999999999987
1329 -2.9949999999999273
1330 -3.7249999999999117
1331 -35.80499999999983
1332 -2.589999999999936
1333 -2.544999999999937
1334 -3.064999999999926
1335 -3.0299999999999265
1336 -2.9749999999999277
1337 -2.544999999999937
1338 -2.9899999999999274
1339 -3.6499999999999133
1340 -3.6349999999999136
1341 -2.6199999999999353
1342 -0.06499999999991554
1343 -2.6049999999999356
1344 -2.5749999999999362
1345 -2.684999999999934
1346 -3.6799999999999127
1347 -3.614999999999914
1348 -3.5949999999999145
1349 -2.5999999999999357
1350 -2.6549999999999345
1351 -0.08499999999991556
1352 -2.5699999999999363
1353 -2.494999999999938
1354 -2.904999999999929
1355 -2.6199999999999353
1356 -0.5199999999999159
1357 -2.624999999999935
1358 -3.6949999999999124
1359 -2.5549999999999367
1360 -3.059999999999926
1361 -35.80999999999983
1362 -3.0399999999999263
1363 -2.5149999999999375
1364 -0.16499999999991563
1365 -2.499999999999938
1366 -35.65499999999975
1367 -2.674999999999934
1368 -2.6599999999999344
1369 -2.544999999999937
1370 -2.6099999999999355
1371 -0.5549999999999159
1372 -2.544999999999937
1373 -2.544999999999937
1374 -2.9799999999999276
1375 -3.6899999999999125
1376 -0.04499999999991555
1377 -2.584999999999936
1378 -3.0199999999999267
1379 -0.03499999999991556
1380 -2.6499999999999346
1381 -0.07999999999991556
1382 -2.6049999999999356
1383 -2.5599999999999365
1384 -2.6149999999999354
1385 -2.9899999999999274
1386 -3.674999999999913
1387 -3.654999999999913
1388 -2.594999999999936
1389 -0.09999999999991557
1390 -35.779999999999816
1391 -2.5599999999999365
1392 -2.6599999999999344
1393 -2.629999999999935
1394 -2.6199999999999353
1395 -35.86499999999986
1396 2.390000000000109
1397 -35.719999999999786
1398 -2.589999999999936
1399 -2.624999999999935
1400 -2.6199999999999353
1401 -2.6099999999999355
1402 -2.964999999999928
1403 -2.639999999999935
1404 -2.6599999999999344
1405 -3.6999999999999122
1406 -0.059999999999915545
1407 -2.5249999999999373
1408 -2.539999999999937
1409 -2.5549999999999367
1410 -2.5499999999999368
1411 -2.954999999999928
1412 -2.5599999999999365
1413 -3.6499999999999133
1414 -3.004999999999927
1415 -2.5599999999999365
1416 -2.6549999999999345
1417 -0.46499999999991587
1418 -2.584999999999936
1419 -35.754999999999804
1420 -2.584999999999936
1421 -3.064999999999926
1422 -2.5749999999999362
1423 -2.624999999999935
1424 -2.539999999999937
1425 -2.5499999999999368
1426 -2.5649999999999364
1427 -0.09499999999991557
1428 -0.04999999999991555
1429 -3.044999999999926
1430 -3.0299999999999265
1431 -3.6449999999999134
1432 -2.5649999999999364
1433 -35.70499999999978
1434 2.4950000000001067
1435 -2.579999999999936
1436 -2.584999999999936
1437 -2.534999999999937
1438 -2.6049999999999356
1439 -2.5649999999999364
1440 -2.6049999999999356
1441 -3.5849999999999147
1442 -2.959999999999928
1443 -3.004999999999927
1444 -2.5749999999999362
1445 -2.624999999999935
1446 -2.5999999999999357
1447 -2.5149999999999375
1448 -2.6049999999999356
1449 -3.054999999999926
1450 -2.589999999999936
1451 -35.58999999999972
1452 -2.544999999999937
1453 -2.5699999999999363
1454 -35.80499999999983
1455 -3.014999999999927
1456 -2.589999999999936
1457 -2.639999999999935
1458 -2.959999999999928
1459 -2.629999999999935
1460 -0.02999999999991556
1461 -35.62999999999974
1462 -2.544999999999937
1463 2.4200000000001083
1464 -3.669999999999913
1465 -3.5349999999999158
1466 -2.634999999999935
1467 1.9550000000001182
1468 -3.0349999999999264
1469 -3.624999999999914
1470 -0.10999999999991558
1471 -35.58499999999972
1472 -2.539999999999937
1473 -2.6099999999999355
1474 -2.6549999999999345
1475 -2.589999999999936
1476 -2.589999999999936
1477 -2.959999999999928
1478 -2.6049999999999356
1479 -2.9399999999999284
1480 -3.5499999999999154
1481 -35.57499999999971
1482 -2.639999999999935
1483 -2.5699999999999363
1484 -2.5499999999999368
1485 -2.5649999999999364
1486 -35.56999999999971
1487 -1.204999999999912
1488 -2.5649999999999364
1489 -0.08499999999991556
1490 -2.999999999999927
1491 -2.999999999999927
1492 -3.569999999999915
1493 -2.954999999999928
1494 -2.544999999999937
1495 -3.5999999999999144
1496 -2.6599999999999344
1497 -2.5199999999999374
1498 -35.58999999999972
1499 -0.5399999999999159
1500 -2.5599999999999365
1501 -2.6049999999999356
1502 -2.544999999999937
1503 -3.524999999999916
1504 -35.90999999999988
1505 -0.014999999999915557
1506 -0.02499999999991556
1507 -2.589999999999936
1508 -2.684999999999934
1509 -2.5149999999999375
1510 -2.584999999999936
1511 -2.9899999999999274
1512 -2.634999999999935
1513 -2.544999999999937
1514 -2.5749999999999362
1515 -3.004999999999927
1516 -35.81999999999984
1517 -35.51999999999968
1518 -2.544999999999937
1519 -35.80999999999983
1520 -3.014999999999927
1521 -0.4749999999999159
1522 -3.6049999999999143
1523 -2.954999999999928
1524 -2.5999999999999357
1525 -35.79999999999983
1526 -3.624999999999914
1527 -3.0399999999999263
1528 -2.579999999999936
1529 -2.6099999999999355
1530 -2.589999999999936
1531 -3.6499999999999133
1532 -33.254999999998475
1533 -2.589999999999936
1534 -35.719999999999786
1535 -35.639999999999745
1536 -2.639999999999935
1537 -2.6099999999999355
1538 -2.584999999999936
1539 -3.574999999999915
1540 -3.6499999999999133
1541 -2.6149999999999354
1542 -2.5649999999999364
1543 -2.579999999999936
1544 -2.9849999999999275
1545 -2.539999999999937
1546 -3.0249999999999266
1547 -2.5999999999999357
1548 -2.579999999999936
1549 -2.544999999999937
1550 -2.629999999999935
1551 -2.6149999999999354
1552 -2.5999999999999357
1553 -2.594999999999936
1554 -3.6949999999999124
1555 -2.6599999999999344
1556 -3.0199999999999267
1557 -0.2399999999999157
1558 -2.9949999999999273
1559 -0.05499999999991555
1560 -2.594999999999936
1561 -3.0249999999999266
1562 -2.86999999999993
1563 -2.729999999999933
1564 -2.9799999999999276
1565 -2.6149999999999354
1566 -2.5699999999999363
1567 -2.5749999999999362
1568 -2.6099999999999355
1569 -3.054999999999926
1570 -2.594999999999936
1571 -2.9399999999999284
1572 -0.08999999999991556
1573 -2.6149999999999354
1574 -2.589999999999936
1575 -35.464999999999655
1576 -2.954999999999928
1577 -2.5699999999999363
1578 -2.5249999999999373
1579 -2.639999999999935
1580 -0.039999999999915554
1581 -3.6899999999999125
1582 -2.579999999999936
1583 -0.43999999999991585
1584 -2.6099999999999355
1585 -3.609999999999914
1586 -2.634999999999935
1587 -2.579999999999936
1588 -2.594999999999936
1589 -0.46499999999991587
1590 -3.614999999999914
1591 -3.529999999999916
1592 -3.004999999999927
1593 2.3250000000001103
1594 -2.6149999999999354
1595 -2.5699999999999363
1596 -3.6449999999999134
1597 -2.6449999999999347
1598 -2.9349999999999286
1599 -2.639999999999935
1600 -2.579999999999936
1601 -3.014999999999927
1602 -3.669999999999913
1603 -3.009999999999927
1604 -2.539999999999937
1605 -2.9899999999999274
1606 -3.6499999999999133
1607 -3.5999999999999144
1608 -2.579999999999936
1609 -2.5499999999999368
1610 -2.5649999999999364
1611 -1.0949999999999143
1612 -2.6049999999999356
1613 -3.624999999999914
1614 -2.5699999999999363
1615 -2.594999999999936
1616 -2.5649999999999364
1617 -2.634999999999935
1618 -3.614999999999914
1619 -2.6449999999999347
1620 -2.8949999999999294
1621 -2.634999999999935
1622 -2.4699999999999385
1623 -2.5699999999999363
1624 -2.6149999999999354
1625 -2.639999999999935
1626 -0.09999999999991557
1627 -35.539999999999694
1628 -2.5499999999999368
1629 -2.579999999999936
1630 -2.589999999999936
1631 -2.539999999999937
1632 -2.5749999999999362
1633 -2.494999999999938
1634 -2.534999999999937
1635 -2.5999999999999357
1636 -35.78999999999982
1637 -2.9799999999999276
1638 -0.06499999999991554
1639 -2.579999999999936
1640 -3.5849999999999147
1641 -2.5099999999999376
1642 -2.534999999999937
1643 -2.9349999999999286
1644 -2.539999999999937
1645 -3.669999999999913
1646 -2.539999999999937
1647 -0.1399999999999156
1648 -2.5649999999999364
1649 -3.004999999999927
1650 -2.9299999999999287
1651 -2.959999999999928
1652 -2.529999999999937
1653 -2.5649999999999364
1654 -2.634999999999935
1655 -3.704999999999912
1656 -2.9249999999999288
1657 -0.02999999999991556
1658 -2.684999999999934
1659 -0.08999999999991556
1660 -2.629999999999935
1661 -2.6099999999999355
1662 -2.87499999999993
1663 -1.1399999999999133
1664 -2.5599999999999365
1665 -2.639999999999935
1666 -2.529999999999937
1667 -2.529999999999937
1668 -2.964999999999928
1669 -2.5149999999999375
1670 -0.5399999999999159
1671 -2.544999999999937
1672 -3.0699999999999257
1673 -3.664999999999913
1674 -1.0749999999999147
1675 -35.67499999999976
1676 -28.21999999999883
1677 -2.914999999999929
1678 -0.07999999999991556
1679 -2.629999999999935
1680 -0.11999999999991559
1681 -0.06499999999991554
1682 -2.6199999999999353
1683 -2.999999999999927
1684 -2.489999999999938
1685 -35.76499999999981
1686 -2.5249999999999373
1687 -3.579999999999915
1688 -3.6949999999999124
1689 -2.5499999999999368
1690 -2.5749999999999362
1691 -3.674999999999913
1692 -35.89999999999988
1693 -3.6299999999999137
1694 -2.634999999999935
1695 -2.999999999999927
1696 -2.5549999999999367
1697 -2.5699999999999363
1698 -2.629999999999935
1699 -2.624999999999935
1700 -2.5649999999999364
1701 -3.674999999999913
1702 -2.9749999999999277
1703 -35.70999999999978
1704 -0.4749999999999159
1705 -2.6099999999999355
1706 -2.5549999999999367
1707 -2.579999999999936
1708 -2.5649999999999364
1709 -2.5149999999999375
1710 -2.539999999999937
1711 -35.559999999999704
1712 -3.5949999999999145
1713 -2.6549999999999345
1714 -2.6949999999999337
1715 -3.6049999999999143
1716 -3.6299999999999137
1717 -2.6099999999999355
1718 -2.5049999999999377
1719 -2.5699999999999363
1720 -2.959999999999928
1721 -2.969999999999928
1722 -2.6049999999999356
1723 -2.624999999999935
1724 -35.95999999999991
1725 -3.624999999999914
1726 -2.5649999999999364
1727 -2.9349999999999286
1728 -2.5549999999999367
1729 -3.6399999999999135
1730 -2.5699999999999363
1731 -2.9949999999999273
1732 -2.6199999999999353
1733 -35.90499999999988
1734 -2.6099999999999355
1735 -3.054999999999926
1736 -3.714999999999912
1737 -35.71499999999978
1738 -2.5549999999999367
1739 -35.73499999999979
1740 -2.964999999999928
1741 -2.584999999999936
1742 -0.06499999999991554
1743 -35.874999999999865
1744 -2.6549999999999345
1745 -3.6399999999999135
1746 -3.049999999999926
1747 -2.544999999999937
1748 -0.10499999999991558
1749 -2.6599999999999344
1750 -2.534999999999937
1751 -2.679999999999934
1752 -3.6949999999999124
1753 -0.46499999999991587
1754 -3.0349999999999264
1755 -35.62999999999974
1756 -35.779999999999816
1757 -2.539999999999937
1758 -3.6449999999999134
1759 -2.6149999999999354
1760 -2.634999999999935
1761 -35.76999999999981
1762 -0.06999999999991555
1763 -2.5999999999999357
1764 -2.9949999999999273
1765 -2.6599999999999344
1766 -0.1449999999999156
1767 -2.5649999999999364
1768 -35.659999999999755
1769 -0.059999999999915545
1770 -2.634999999999935
1771 -2.544999999999937
1772 -2.6149999999999354
1773 -2.9949999999999273
1774 -2.909999999999929
1775 -3.014999999999927
1776 -35.73499999999979
1777 -35.65499999999975
1778 -2.584999999999936
1779 -2.539999999999937
1780 -2.4799999999999383
1781 -2.579999999999936
1782 -2.6049999999999356
1783 -35.43499999999964
1784 -35.7499999999998
1785 -35.65499999999975
1786 -2.589999999999936
1787 -3.5999999999999144
1788 -2.9849999999999275
1789 -2.999999999999927
1790 -2.9399999999999284
1791 -2.964999999999928
1792 -3.6999999999999122
1793 -2.5599999999999365
1794 -3.014999999999927
1795 -3.664999999999913
1796 -2.5549999999999367
1797 -2.9849999999999275
1798 -2.6449999999999347
1799 -2.7049999999999335
1800 -2.5999999999999357
1801 -2.6649999999999343
1802 -3.6449999999999134
1803 -2.629999999999935
1804 -2.5549999999999367
1805 -0.059999999999915545
1806 -3.6049999999999143
1807 -1.1449999999999132
1808 -2.589999999999936
1809 -2.584999999999936
1810 -2.5199999999999374
1811 -2.9349999999999286
1812 -2.6499999999999346
1813 -2.544999999999937
1814 -2.634999999999935
1815 -2.629999999999935
1816 -33.22999999999846
1817 -3.709999999999912
1818 -2.589999999999936
1819 -2.5649999999999364
1820 -1.2249999999999115
1821 0.03000000000008445
1822 -2.9899999999999274
1823 -2.5749999999999362
1824 -2.679999999999934
1825 -3.664999999999913
1826 -2.9499999999999282
1827 -2.5099999999999376
1828 -2.9749999999999277
1829 -2.9949999999999273
1830 -2.5749999999999362
1831 -2.5749999999999362
1832 -3.004999999999927
1833 -2.529999999999937
1834 -2.5599999999999365
1835 -2.589999999999936
1836 -2.6049999999999356
1837 -3.049999999999926
1838 -2.5999999999999357
1839 -2.6149999999999354
1840 -2.584999999999936
1841 -0.06999999999991555
1842 -35.679999999999765
1843 -35.70499999999978
1844 -3.569999999999915
1845 -2.584999999999936
1846 -0.09499999999991557
1847 -3.0799999999999255
1848 -2.589999999999936
1849 -2.6049999999999356
1850 -2.534999999999937
1851 -2.5149999999999375
1852 -2.529999999999937
1853 -2.6449999999999347
1854 -2.5549999999999367
1855 -3.1249999999999245
1856 -3.579999999999915
1857 -2.6199999999999353
1858 -2.5549999999999367
1859 -3.6449999999999134
1860 -2.634999999999935
1861 -2.579999999999936
1862 -2.9849999999999275
1863 -2.6099999999999355
1864 -1.1299999999999135
1865 -35.58999999999972
1866 -2.6099999999999355
1867 2.435000000000108
1868 -0.08499999999991556
1869 -2.544999999999937
1870 -2.6099999999999355
1871 -2.5199999999999374
1872 -2.579999999999936
1873 -2.5699999999999363
1874 -2.9349999999999286
1875 -0.09999999999991557
1876 -2.5549999999999367
1877 -3.6449999999999134
1878 -0.1449999999999156
1879 -2.624999999999935
1880 -2.959999999999928
1881 -2.5749999999999362
1882 -2.589999999999936
1883 -2.539999999999937
1884 -2.534999999999937
1885 -2.539999999999937
1886 -35.86999999999986
1887 -2.5199999999999374
1888 -2.969999999999928
1889 -2.5049999999999377
1890 -3.614999999999914
1891 -3.0299999999999265
1892 -2.9849999999999275
1893 2.055000000000116
1894 -3.0349999999999264
1895 -3.104999999999925
1896 2.470000000000107
1897 -3.609999999999914
1898 -2.5499999999999368
1899 -2.5749999999999362
1900 -2.5749999999999362
1901 -2.9899999999999274
1902 -2.489999999999938
1903 -2.5549999999999367
1904 -3.0399999999999263
1905 -2.5249999999999373
1906 -2.594999999999936
1907 -35.70499999999978
1908 -2.639999999999935
1909 -2.5699999999999363
1910 -2.629999999999935
1911 -3.5449999999999156
1912 -3.6449999999999134
1913 -2.579999999999936
1914 -3.5599999999999152
1915 -2.5699999999999363
1916 -2.539999999999937
1917 -2.589999999999936
1918 -3.609999999999914
1919 -0.04999999999991555
1920 -2.5049999999999377
1921 -2.964999999999928
1922 -3.609999999999914
1923 -2.5699999999999363
1924 -2.954999999999928
1925 -2.684999999999934
1926 -2.5649999999999364
1927 -2.5699999999999363
1928 -3.009999999999927
1929 -3.574999999999915
1930 -2.964999999999928
1931 -35.719999999999786
1932 -3.579999999999915
1933 -2.9499999999999282
1934 -2.584999999999936
1935 -2.5099999999999376
1936 -2.6049999999999356
1937 -0.03499999999991556
1938 -2.5249999999999373
1939 -2.9849999999999275
1940 -2.639999999999935
1941 -2.6199999999999353
1942 -3.6849999999999126
1943 -3.6399999999999135
1944 -3.6399999999999135
1945 -2.5749999999999362
1946 -3.6049999999999143
1947 -2.489999999999938
1948 -3.6499999999999133
1949 -2.6199999999999353
1950 -2.9749999999999277
1951 -35.659999999999755
1952 -2.5999999999999357
1953 -2.639999999999935
1954 -35.60999999999973
1955 -2.6149999999999354
1956 -2.534999999999937
1957 -35.83999999999985
1958 -0.4849999999999159
1959 -2.5549999999999367
1960 -3.624999999999914
1961 -2.594999999999936
1962 2.050000000000116
1963 -3.004999999999927
1964 -0.9999999999999163
1965 -2.954999999999928
1966 -3.654999999999913
1967 -2.6099999999999355
1968 -2.594999999999936
1969 -2.589999999999936
1970 -3.0199999999999267
1971 -2.9349999999999286
1972 -2.9399999999999284
1973 -2.9349999999999286
1974 -2.584999999999936
1975 -2.544999999999937
1976 -3.5399999999999157
1977 -2.959999999999928
1978 -2.6199999999999353
1979 -3.6999999999999122
1980 -2.579999999999936
1981 -35.559999999999704
1982 -0.05499999999991555
1983 -2.969999999999928
1984 -2.5599999999999365
1985 -2.544999999999937
1986 -2.584999999999936
1987 -3.609999999999914
1988 -1.1249999999999136
1989 -35.679999999999765
1990 -2.9949999999999273
1991 -2.539999999999937
1992 -1.0949999999999143
1993 -2.6599999999999344
1994 -35.81999999999984
1995 -3.564999999999915
1996 -2.959999999999928
1997 -2.5499999999999368
1998 -2.5599999999999365
1999 -35.699999999999775
6025.338617563248
