0 1.8950000000000708
1 4.96000000000016
2 12.539999999999901
3 12.544999999999998
4 9.83000000000016
5 5.045000000000081
6 2.445000000000161
7 5.050000000000094
8 2.5450000000000674
9 17.524999999999846
10 2.360000000000163
11 12.499999999999835
12 4.890000000000159
13 12.534999999999865
14 12.444999999999764
15 1.9000000000001713
16 12.464999999999804
17 2.3400000000001366
18 7.55000000000011
19 4.960000000000133
20 4.955000000000115
21 20.04499999999985
22 7.505000000000099
23 17.52499999999991
24 -5.6749999999998995
25 4.9800000000001585
26 4.860000000000083
27 11.335000000000116
28 5.474999999999894
29 2.440000000000024
30 4.900000000000115
31 10.015000000000011
32 1.8450000000001714
33 -2.6599999999999566
34 4.950000000000148
35 16.029999999999767
36 12.445000000000048
37 2.5100000000001117
38 -2.489999999999959
39 -0.10999999999991703
40 0.15500000000011638
41 7.450000000000083
42 2.4150000000001164
43 -5.054999999999913
44 13.740000000000101
45 -2.539999999999914
46 4.870000000000111
47 10.025000000000055
48 4.965000000000144
49 -5.089999999999912
50 14.979999999999885
51 4.920000000000094
52 17.644999999999765
53 7.465000000000063
54 12.389999999999942
55 2.4550000000001533
56 14.970000000000015
57 9.879999999999967
58 9.934999999999963
59 17.66499999999985
60 4.175000000000093
61 7.435000000000006
62 7.534999999999974
63 7.460000000000119
64 7.495000000000057
65 16.89999999999989
66 9.895000000000001
67 4.940000000000161
68 7.49000000000014
69 -0.1449999999999584
70 14.904999999999893
71 12.444999999999984
72 0.04500000000012315
73 -2.5099999999999585
74 15.034999999999922
75 4.960000000000107
76 14.479999999999809
77 2.54500000000012
78 12.435000000000038
79 4.960000000000104
80 12.605000000000123
81 9.49499999999989
82 17.43499999999978
83 5.025000000000115
84 4.880000000000154
85 19.974999999999998
86 4.960000000000104
87 4.870000000000163
88 9.889999999999963
89 2.4900000000001494
90 4.935000000000143
91 10.024999999999988
92 -0.0749999999999666
93 -0.009999999999906072
94 -0.7099999999999302
95 10.06500000000007
96 -2.6149999999999216
97 2.4450000000001557
98 22.59999999999979
99 -0.07499999999989732
100 -0.07499999999995913
101 7.6050000000000635
102 22.59499999999986
103 19.40499999999974
104 6.355000000000164
105 17.474999999999923
106 2.605000000000123
107 -2.5749999999999122
108 10.040000000000008
109 9.964999999999986
110 9.960000000000088
111 12.469999999999889
112 12.500000000000018
113 7.435000000000109
114 8.714999999999943
115 -0.6849999999999566
116 6.870000000000064
117 4.955000000000161
118 14.984999999999962
119 -2.594999999999916
120 2.3900000000001604
121 12.33999999999987
122 17.46999999999989
123 7.530000000000008
124 5.095000000000127
125 2.41500000000012
126 12.519999999999998
127 12.47500000000005
128 4.980000000000146
129 7.490000000000013
130 2.315000000000107
131 0.06500000000003808
132 17.514999999999727
133 7.555000000000141
134 17.424999999999937
135 15.079999999999762
136 -0.034999999999945824
137 10.04500000000011
138 4.875000000000109
139 12.489999999999949
140 9.890000000000084
141 7.555000000000032
142 14.900000000000096
143 14.924999999999764
144 13.394999999999962
145 2.5600000000000813
146 5.010000000000134
147 17.519999999999854
148 7.385000000000162
149 12.349999999999792
150 5.050000000000067
151 7.495000000000115
152 19.859999999999964
153 7.580000000000144
154 4.855000000000162
155 4.980000000000158
156 9.919999999999908
157 4.960000000000143
158 12.580000000000041
159 7.455000000000148
160 -2.6049999999999214
161 2.410000000000122
162 9.859999999999896
163 17.669999999999774
164 2.465000000000156
165 4.880000000000152
166 0.005000000000064707
167 7.535000000000069
168 6.8450000000001685
169 2.4350000000001346
170 12.384999999999847
171 9.905000000000097
172 5.105000000000158
173 9.930000000000044
174 12.579999999999858
175 4.9600000000000986
176 8.485000000000143
177 17.569999999999794
178 12.559999999999869
179 10.050000000000086
180 12.484999999999959
181 4.9000000000001345
182 4.945000000000085
183 12.48499999999973
184 -2.629999999999938
185 17.49999999999979
186 15.609999999999841
187 9.865000000000036
188 5.010000000000136
189 7.58000000000013
190 12.399999999999935
191 10.034999999999906
192 4.8800000000001384
193 12.485000000000056
194 7.620000000000134
195 5.045000000000133
196 4.9600000000001465
197 7.465000000000079
198 12.564999999999985
199 11.594999999999946
200 12.499999999999897
201 4.11000000000014
202 9.955000000000036
203 2.485000000000139
204 9.955000000000075
205 10.044999999999943
206 7.365000000000092
207 7.495000000000031
208 15.14999999999996
209 9.874999999999979
210 21.904999999999923
211 7.465000000000161
212 4.9550000000000285
213 7.445000000000125
214 7.410000000000151
215 12.524999999999766
216 2.4150000000001137
217 12.404999999999884
218 7.530000000000135
219 10.004999999999894
220 7.525000000000147
221 5.035000000000054
222 17.50499999999986
223 12.489999999999805
224 2.405000000000074
225 12.44499999999999
226 7.505000000000097
227 14.894999999999888
228 2.4900000000000744
229 14.954999999999899
230 14.094999999999718
231 15.079999999999893
232 2.4150000000001617
233 0.005000000000123445
234 27.624999999999822
235 12.485000000000003
236 5.030000000000052
237 9.909999999999837
238 2.445000000000086
239 4.96500000000005
240 12.384999999999861
241 17.179999999999794
242 -2.534999999999963
243 2.4700000000001605
244 4.920000000000105
245 2.3300000000001195
246 24.919999999999796
247 2.4500000000001134
248 10.06500000000009
249 2.395000000000162
250 9.82000000000008
251 2.5050000000000807
252 2.500000000000137
253 4.990000000000111
254 12.409999999999856
255 12.429999999999977
256 -0.1299999999999769
257 9.889999999999993
258 5.000000000000151
259 17.549999999999756
260 4.910000000000156
261 19.969999999999754
262 7.360000000000087
263 9.920000000000002
264 0.010000000000072493
265 7.515000000000145
266 4.865000000000156
267 8.930000000000074
268 10.070000000000004
269 7.400000000000083
270 15.064999999999777
271 7.425000000000018
272 2.305000000000067
273 4.995000000000151
274 7.5600000000001
275 4.87000000000015
276 9.7600000000001
277 10.564999999999959
278 7.445000000000119
279 9.990000000000022
280 2.4850000000000874
281 9.964999999999888
282 4.935000000000122
283 7.430000000000116
284 4.340000000000135
285 4.950000000000151
286 4.930000000000103
287 19.4849999999999
288 17.419999999999835
289 14.919999999999906
290 12.52000000000006
291 12.409999999999972
292 12.450000000000031
293 7.434999999999967
294 2.4350000000000436
295 12.61499999999987
296 9.974999999999788
297 -0.6049999999998882
298 7.335000000000121
299 12.489999999999835
300 15.049999999999999
301 10.030000000000015
302 14.969999999999871
303 12.384999999999852
304 -0.04499999999996447
305 4.990000000000138
306 7.450000000000092
307 15.045000000000035
308 7.395000000000095
309 12.520000000000017
310 12.445000000000096
311 20.119999999999827
312 9.89500000000008
313 -0.10499999999988129
314 -0.02499999999994206
315 7.4799999999999125
316 7.520000000000077
317 7.490000000000057
318 9.864999999999915
319 14.32999999999997
320 2.450000000000161
321 2.550000000000086
322 2.4800000000001603
323 2.4650000000001606
324 6.33500000000011
325 2.55000000000015
326 2.5150000000001294
327 10.05999999999991
328 4.900000000000159
329 7.34999999999998
330 4.950000000000117
331 27.46999999999987
332 7.490000000000139
333 10.005000000000052
334 10.139999999999754
335 10.005000000000036
336 11.915000000000038
337 4.930000000000161
338 5.03500000000012
339 10.964999999999796
340 18.10499999999981
341 14.904999999999946
342 2.4650000000001375
343 12.484999999999832
344 15.104999999999942
345 4.935000000000133
346 17.539999999999807
347 9.909999999999963
348 6.5499999999999705
349 -5.104999999999912
350 7.5450000000000745
351 12.510000000000092
352 7.570000000000113
353 9.834999999999996
354 7.579999999999903
355 2.4700000000001316
356 10.00500000000008
357 2.5100000000001144
358 22.429999999999776
359 15.049999999999999
360 4.910000000000149
361 25.08499999999991
362 5.0550000000001045
363 9.915000000000093
364 7.570000000000121
365 4.9100000000001565
366 10.059999999999967
367 12.444999999999935
368 2.5300000000000864
369 17.505000000000077
370 4.820000000000138
371 -2.6399999999999215
372 9.820000000000055
373 4.3800000000000985
374 -0.10499999999993484
375 9.950000000000081
376 7.410000000000102
377 27.479999999999848
378 4.925000000000154
379 12.404999999999985
380 4.90500000000016
381 4.810000000000155
382 5.045000000000159
383 10.014999999999992
384 0.030000000000123126
385 9.360000000000046
386 7.520000000000098
387 9.934999999999967
388 5.06000000000012
389 2.4950000000001378
390 2.415000000000081
391 2.465000000000056
392 2.4150000000001617
393 9.87500000000003
394 2.53500000000004
395 4.330000000000172
396 4.880000000000117
397 6.610000000000167
398 7.485000000000089
399 15.044999999999861
400 12.544999999999938
401 10.129999999999935
402 2.405000000000032
403 19.914999999999768
404 12.470000000000017
405 -0.16999999999992396
406 9.99499999999982
407 12.564999999999749
408 9.94000000000006
409 7.400000000000162
410 7.380000000000082
411 2.4700000000000975
412 2.4500000000001254
413 4.980000000000085
414 5.005000000000146
415 7.51000000000008
416 12.42499999999993
417 12.459999999999857
418 17.53499999999988
419 10.105000000000045
420 10.070000000000046
421 7.515000000000076
422 12.50000000000004
423 6.020000000000172
424 -0.2999999999998796
425 9.335000000000047
426 15.384999999999925
427 2.5250000000001505
428 7.385000000000152
429 4.944999999999945
430 -0.04499999999994304
431 -0.039999999999949486
432 -0.04999999999995913
433 4.86500000000016
434 9.975000000000097
435 22.46999999999991
436 14.659999999999933
437 -2.579999999999912
438 6.7100000000000515
439 6.8200000000001255
440 14.869999999999823
441 3.9600000000000533
442 5.010000000000052
443 11.484999999999774
444 2.4450000000000793
445 5.030000000000131
446 7.5450000000000825
447 2.4800000000001603
448 6.834999999999901
449 -0.09499999999987786
450 -0.014999999999931936
451 -0.10999999999995971
452 16.385000000000066
453 11.879999999999857
454 29.96999999999985
455 5.010000000000084
456 -0.6999999999999642
457 7.555000000000076
458 9.974999999999936
459 4.960000000000107
460 12.52499999999994
461 10.090000000000142
462 4.905000000000159
463 2.2900000000000476
464 5.015000000000121
465 7.335000000000103
466 12.529999999999992
467 2.5400000000001075
468 5.0400000000001235
469 10.050000000000066
470 9.934999999999999
471 10.130000000000043
472 15.049999999999912
473 4.970000000000121
474 -2.5299999999999634
475 10.08999999999995
476 12.549999999999974
477 20.084999999999912
478 -0.039999999999889874
479 7.550000000000146
480 15.014999999999885
481 9.940000000000135
482 2.3750000000001146
483 9.929999999999989
484 15.119999999999825
485 -0.08499999999995105
486 12.61499999999992
487 11.865000000000059
488 7.53000000000013
489 7.370000000000085
490 2.3400000000001278
491 -0.019999999999947688
492 14.939999999999987
493 9.895000000000072
494 20.06999999999978
495 24.899999999999867
496 12.449999999999807
497 7.500000000000101
498 4.990000000000079
499 17.53999999999991
500 10.00499999999992
501 4.995000000000142
502 2.4400000000001123
503 -5.1549999999999105
504 7.3900000000000725
505 7.380000000000088
506 2.3850000000000966
507 13.930000000000085
508 2.6450000000001106
509 4.890000000000158
510 4.9649999999999235
511 9.27000000000006
512 9.880000000000033
513 0.010000000000044168
514 9.994999999999914
515 4.8150000000001345
516 9.999999999999954
517 12.60499999999978
518 -0.03999999999995738
519 -0.08499999999994373
520 4.980000000000127
521 11.44499999999989
522 6.690000000000095
523 4.955000000000161
524 20.079999999999977
525 12.435000000000041
526 3.995000000000142
527 9.874999999999885
528 12.539999999999914
529 4.995000000000053
530 12.514999999999736
531 12.440000000000012
532 16.654999999999813
533 7.380000000000081
534 9.980000000000098
535 4.910000000000153
536 -0.09499999999988575
537 4.950000000000161
538 7.620000000000138
539 9.98000000000006
540 -5.034999999999914
541 10.054999999999946
542 12.369999999999896
543 4.415000000000106
544 9.999999999999961
545 14.965000000000023
546 2.3600000000001407
547 10.114999999999936
548 12.449999999999996
549 10.090000000000096
550 10.159999999999963
551 6.885000000000166
552 -0.09999999999992708
553 10.014999999999938
554 12.524999999999974
555 7.535000000000113
556 -5.1099999999999115
557 12.03499999999977
558 2.2300000000001585
559 12.475000000000058
560 5.025000000000142
561 15.099999999999948
562 2.2550000000001145
563 4.970000000000084
564 9.959999999999932
565 9.985000000000053
566 20.19499999999975
567 9.874999999999984
568 7.545000000000034
569 21.154999999999777
570 -0.07999999999990863
571 10.020000000000017
572 14.884999999999911
573 17.694999999999776
574 7.490000000000118
575 2.410000000000064
576 7.374999999999989
577 20.199999999999882
578 12.535000000000023
579 14.944999999999995
580 17.559999999999825
581 7.4800000000001265
582 10.060000000000072
583 9.915000000000038
584 7.485000000000073
585 17.514999999999965
586 4.935000000000155
587 12.484999999999777
588 7.610000000000117
589 2.5350000000000303
590 9.9849999999998
591 4.835000000000159
592 12.479999999999803
593 1.9200000000000788
594 10.03499999999991
595 17.46999999999984
596 2.4750000000001604
597 7.340000000000132
598 14.945000000000018
599 22.544999999999757
600 6.895000000000059
601 10.020000000000099
602 32.0299999999998
603 19.99499999999984
604 18.094999999999793
605 17.619999999999937
606 14.94999999999976
607 17.499999999999854
608 19.97999999999981
609 9.92000000000009
610 14.409999999999762
611 12.58499999999986
612 12.410000000000059
613 7.5599999999999365
614 22.514999999999805
615 4.89500000000006
616 10.079999999999993
617 19.22999999999974
618 -0.024999999999930966
619 -3.0749999999999016
620 14.904999999999829
621 9.944999999999975
622 7.435000000000138
623 8.405000000000099
624 6.415000000000148
625 12.424999999999983
626 7.535000000000108
627 7.430000000000105
628 -0.0899999999999364
629 12.529999999999777
630 2.4150000000000937
631 14.94499999999995
632 7.515000000000108
633 -0.10999999999995802
634 7.405000000000071
635 -5.104999999999912
636 6.57000000000015
637 9.030000000000069
638 17.459999999999866
639 2.5550000000000703
640 14.964999999999936
641 7.420000000000127
642 10.880000000000107
643 10.024999999999956
644 10.079999999999824
645 17.47999999999978
646 12.594999999999915
647 9.774999999999764
648 4.950000000000141
649 19.944999999999897
650 22.54499999999983
651 10.049999999999862
652 12.584999999999946
653 5.07000000000004
654 -5.119999999999911
655 4.970000000000069
656 5.015000000000096
657 4.780000000000069
658 15.104999999999958
659 10.150000000000047
660 2.395000000000139
661 -0.1349999999999585
662 15.07499999999979
663 -0.07499999999994039
664 7.509999999999912
665 14.895000000000046
666 2.5150000000001267
667 12.529999999999845
668 9.925000000000086
669 4.9450000000000545
670 14.984999999999875
671 7.38500000000009
672 14.964999999999772
673 17.429999999999943
674 -2.4849999999999164
675 7.475000000000095
676 22.57
677 7.43000000000011
678 -2.594999999999947
679 2.5300000000000784
680 19.974999999999884
681 1.535000000000162
682 5.060000000000129
683 19.11499999999976
684 8.894999999999916
685 12.54000000000002
686 2.4650000000000967
687 8.97500000000004
688 2.54000000000011
689 4.960000000000066
690 2.5300000000000935
691 17.264999999999855
692 12.53000000000012
693 12.53499999999986
694 17.57999999999989
695 6.0150000000001915
696 12.465000000000101
697 12.494999999999953
698 4.950000000000104
699 15.035000000000041
700 10.170000000000117
701 6.465000000000174
702 25.054999999999783
703 2.5750000000001023
704 7.450000000000038
705 14.179999999999886
706 12.44999999999999
707 10.71000000000007
708 -2.479999999999929
709 10.039999999999997
710 7.494999999999994
711 10.074999999999928
712 5.00999999999998
713 19.829999999999778
714 5.045000000000106
715 5.0150000000001596
716 2.6300000000000976
717 9.565000000000127
718 15.004999999999974
719 7.420000000000138
720 6.795000000000047
721 5.005000000000135
722 12.439999999999818
723 12.469999999999848
724 2.5850000000001554
725 7.354999999999894
726 -0.06499999999994216
727 7.414999999999806
728 10.025000000000025
729 7.4450000000000625
730 12.56500000000003
731 5.02000000000012
732 -2.5149999999999606
733 12.455
734 2.420000000000039
735 5.030000000000159
736 -2.6099999999999266
737 17.544999999999852
738 -0.1949999999999339
739 2.580000000000122
740 12.609999999999731
741 15.05499999999979
742 22.569999999999855
743 4.85500000000013
744 4.975000000000128
745 2.500000000000151
746 -2.7099999999999236
747 2.440000000000155
748 5.045000000000145
749 17.409999999999968
750 9.949999999999934
751 -5.024999999999912
752 15.084999999999932
753 7.5200000000001435
754 2.520000000000074
755 9.965000000000025
756 0.1300000000000262
757 8.005000000000118
758 4.275000000000114
759 22.41999999999986
760 15.014999999999851
761 2.4800000000000955
762 7.404999999999833
763 12.470000000000093
764 7.444999999999968
765 5.025000000000103
766 4.98000000000016
767 9.945000000000148
768 -2.489999999999928
769 4.925000000000158
770 4.330000000000096
771 2.340000000000144
772 24.879999999999868
773 17.604999999999823
774 12.33999999999996
775 4.840000000000125
776 -0.11499999999991944
777 2.5550000000000646
778 4.99500000000016
779 5.005000000000113
780 7.450000000000042
781 7.32000000000005
782 4.895000000000099
783 -0.08999999999994548
784 1.9250000000001708
785 12.535000000000055
786 4.890000000000142
787 7.505000000000094
788 9.984999999999962
789 2.3400000000001286
790 7.3999999999998165
791 2.4200000000001083
792 20.049999999999976
793 4.96000000000013
794 4.945000000000092
795 15.154999999999996
796 12.489999999999926
797 7.515000000000104
798 12.569999999999954
799 7.69000000000012
800 2.510000000000131
801 15.019999999999861
802 -0.049999999999891735
803 15.049999999999946
804 11.799999999999867
805 12.369999999999903
806 12.529999999999882
807 2.345000000000062
808 9.82999999999975
809 17.359999999999815
810 -0.1049999999998862
811 14.989999999999869
812 7.445000000000159
813 9.919999999999966
814 16.784999999999727
815 19.944999999999773
816 12.430000000000039
817 5.045000000000069
818 2.4150000000000706
819 2.515000000000131
820 9.989999999999993
821 12.420000000000014
822 2.4200000000001616
823 7.380000000000113
824 4.905000000000116
825 7.445000000000086
826 22.449999999999946
827 2.4600000000000986
828 7.515000000000079
829 14.845000000000033
830 2.440000000000075
831 2.50000000000004
832 -0.01499999999990807
833 7.490000000000082
834 17.519999999999943
835 4.87500000000009
836 17.450000000000014
837 -0.6899999999999259
838 2.4550000000000884
839 9.930000000000028
840 -2.4949999999999384
841 14.074999999999996
842 24.87999999999987
843 -2.0699999999999714
844 22.574999999999868
845 4.4100000000001565
846 0.04500000000010413
847 0.010000000000123117
848 5.00500000000013
849 7.555000000000129
850 10.010000000000034
851 9.349999999999948
852 7.560000000000159
853 4.8700000000001396
854 4.950000000000069
855 4.980000000000148
856 12.369999999999985
857 2.2450000000001094
858 4.9500000000000695
859 7.44000000000015
860 4.935000000000134
861 7.525000000000068
862 2.450000000000029
863 15.154999999999864
864 4.915000000000059
865 7.249999999999919
866 6.945000000000148
867 14.979999999999816
868 2.5550000000000574
869 4.9400000000001
870 4.940000000000152
871 4.840000000000079
872 14.874999999999886
873 9.990000000000009
874 4.975000000000155
875 4.895000000000162
876 7.824999999999802
877 7.464999999999829
878 7.390000000000158
879 14.994999999999896
880 7.424999999999809
881 14.914999999999848
882 1.7600000000000595
883 10.009999999999764
884 22.53999999999977
885 9.875000000000055
886 12.354999999999967
887 14.949999999999884
888 12.424999999999757
889 9.949999999999774
890 11.924999999999983
891 7.4300000000001365
892 22.5199999999999
893 10.019999999999778
894 12.484999999999864
895 4.859999999999942
896 12.56499999999997
897 5.015000000000065
898 0.0200000000000896
899 7.544999999999967
900 12.409999999999943
901 14.919999999999927
902 12.49999999999984
903 4.855000000000105
904 12.445000000000102
905 1.8050000000001718
906 9.805000000000128
907 12.54500000000001
908 7.5100000000000975
909 12.565000000000005
910 4.960000000000101
911 2.440000000000138
912 9.929999999999957
913 12.530000000000005
914 7.475000000000155
915 4.855000000000088
916 9.989999999999847
917 9.895000000000058
918 -2.589999999999911
919 7.510000000000107
920 4.9700000000001605
921 2.4350000000001106
922 0.005000000000123111
923 2.4850000000000962
924 15.07499999999984
925 -0.07499999999996769
926 5.0800000000000995
927 2.395000000000082
928 15.129999999999965
929 2.4800000000001274
930 9.990000000000068
931 2.090000000000056
932 9.844999999999764
933 12.485000000000099
934 2.4300000000000517
935 7.425000000000134
936 2.410000000000133
937 17.55499999999996
938 1.2750000000001602
939 7.535000000000101
940 4.99500000000014
941 2.3250000000001467
942 18.059999999999672
943 9.964999999999991
944 17.525000000000023
945 2.3750000000001306
946 10.019999999999765
947 10.025000000000126
948 12.545000000000044
949 12.555000000000083
950 -0.04499999999987668
951 20.16999999999992
952 7.395000000000064
953 7.459999999999806
954 17.44999999999984
955 25.07499999999991
956 7.504999999999981
957 9.980000000000114
958 22.624999999999947
959 4.6750000000001535
960 12.514999999999839
961 9.949999999999973
962 2.4200000000001176
963 2.405000000000162
964 10.019999999999845
965 26.684999999999867
966 4.990000000000111
967 10.00499999999989
968 17.459999999999805
969 2.5350000000001307
970 2.4000000000000816
971 4.965000000000147
972 19.66499999999971
973 -0.014999999999897852
974 -0.8599999999998864
975 12.389999999999876
976 20.12499999999982
977 12.385000000000032
978 14.934999999999775
979 9.274999999999812
980 12.60999999999978
981 17.44499999999979
982 -2.4349999999999263
983 17.549999999999848
984 9.8449999999999
985 -0.07999999999996879
986 -2.654999999999944
987 17.484999999999957
988 12.47499999999999
989 -0.01999999999992772
990 3.69000000000009
991 11.22499999999987
992 4.93500000000011
993 4.960000000000151
994 14.959999999999956
995 9.989999999999968
996 -2.5149999999999384
997 7.375000000000055
998 -0.014999999999963466
999 9.960000000000083
1000 4.95000000000016
1001 7.365000000000131
1002 17.389999999999983
1003 -0.06499999999988232
1004 12.409999999999993
1005 -2.5099999999999234
1006 7.470000000000104
1007 16.73499999999979
1008 7.455000000000141
1009 12.470000000000038
1010 14.975000000000051
1011 12.399999999999885
1012 7.37000000000003
1013 1.535000000000174
1014 2.49000000000016
1015 -0.08999999999993027
1016 17.485000000000035
1017 12.599999999999856
1018 7.410000000000103
1019 2.5150000000001214
1020 7.475000000000087
1021 5.090000000000106
1022 -0.14999999999987884
1023 4.845000000000077
1024 7.560000000000082
1025 12.615000000000064
1026 9.949999999999767
1027 17.49999999999995
1028 4.8750000000001545
1029 7.565000000000009
1030 2.4050000000001326
1031 15.089999999999788
1032 5.030000000000158
1033 12.534999999999844
1034 9.075000000000001
1035 10.055000000000058
1036 14.974999999999941
1037 12.504999999999958
1038 14.929999999999977
1039 12.534999999999881
1040 6.854999999999995
1041 13.844999999999926
1042 -0.5699999999998835
1043 4.935000000000142
1044 12.49999999999999
1045 14.945000000000002
1046 9.939999999999863
1047 12.444999999999848
1048 9.985000000000005
1049 8.435000000000153
1050 9.045000000000037
1051 12.490000000000016
1052 4.280000000000087
1053 18.64499999999983
1054 12.484999999999847
1055 9.980000000000066
1056 4.945000000000161
1057 1.525000000000174
1058 2.4750000000001586
1059 4.985000000000159
1060 1.0550000000000828
1061 9.640000000000061
1062 9.850000000000087
1063 2.485000000000089
1064 9.95999999999989
1065 12.39499999999991
1066 -2.5899999999999235
1067 1.705000000000062
1068 -2.4849999999999133
1069 12.499999999999844
1070 12.01499999999973
1071 15.074999999999998
1072 17.479999999999873
1073 -3.064999999999952
1074 14.069999999999839
1075 14.959999999999896
1076 7.325000000000128
1077 2.5700000000000482
1078 -0.014999999999923064
1079 10.085000000000086
1080 7.560000000000093
1081 9.970000000000079
1082 4.925000000000075
1083 9.979999999999825
1084 6.40500000000016
1085 7.360000000000089
1086 19.964999999999943
1087 9.385000000000064
1088 7.465000000000087
1089 11.604999999999887
1090 17.43999999999992
1091 2.5150000000001267
1092 7.4500000000001325
1093 14.914999999999882
1094 22.559999999999867
1095 -0.05999999999994702
1096 10.054999999999911
1097 7.385000000000052
1098 12.38499999999989
1099 20.054999999999854
1100 12.494999999999887
1101 4.32000000000017
1102 7.384999999999996
1103 10.045000000000064
1104 4.8900000000000805
1105 24.534999999999798
1106 8.9349999999999
1107 14.929999999999966
1108 22.56999999999984
1109 6.205000000000136
1110 16.20499999999992
1111 7.175000000000063
1112 5.035000000000054
1113 10.085000000000033
1114 27.09499999999981
1115 1.9250000000001384
1116 12.469999999999816
1117 9.950000000000106
1118 5.00500000000011
1119 9.955000000000005
1120 4.855000000000069
1121 17.359999999999776
1122 9.889999999999826
1123 4.950000000000161
1124 17.594999999999793
1125 7.530000000000053
1126 9.925000000000017
1127 2.4600000000000595
1128 7.459999999999908
1129 4.820000000000015
1130 15.069999999999842
1131 9.39000000000009
1132 0.7950000000000824
1133 11.819999999999752
1134 14.894999999999921
1135 7.540000000000042
1136 9.900000000000043
1137 11.920000000000105
1138 7.349999999999948
1139 5.0300000000001415
1140 4.890000000000115
1141 9.829999999999986
1142 4.97500000000016
1143 2.5150000000001587
1144 5.025000000000119
1145 10.000000000000046
1146 4.965000000000161
1147 4.910000000000064
1148 -0.934999999999943
1149 -0.14499999999997482
1150 2.4400000000000848
1151 22.58499999999994
1152 9.92500000000001
1153 -2.444999999999951
1154 22.534999999999812
1155 7.2100000000000595
1156 2.3150000000000857
1157 7.460000000000115
1158 12.435000000000064
1159 14.939999999999763
1160 3.6450000000001346
1161 12.58499999999978
1162 6.8650000000000935
1163 9.939999999999916
1164 2.455000000000049
1165 23.57999999999981
1166 5.0450000000000665
1167 2.455000000000161
1168 7.475000000000126
1169 9.134999999999865
1170 20.004999999999843
1171 3.7600000000001863
1172 12.475000000000003
1173 12.415000000000028
1174 14.909999999999755
1175 7.460000000000079
1176 8.265000000000056
1177 2.380000000000133
1178 4.955000000000091
1179 14.899999999999888
1180 4.975000000000125
1181 15.069999999999864
1182 20.13499999999979
1183 7.395000000000128
1184 11.529999999999967
1185 3.8600000000001753
1186 7.47500000000002
1187 1.7950000000000828
1188 0.0050000000000732705
1189 24.964999999999748
1190 -2.594999999999962
1191 7.500000000000065
1192 -2.539999999999963
1193 2.5050000000000976
1194 15.024999999999718
1195 10.029999999999886
1196 25.019999999999804
1197 10.000000000000025
1198 22.544999999999863
1199 7.3850000000001526
1200 7.414999999999994
1201 7.420000000000109
1202 9.929999999999852
1203 2.380000000000136
1204 17.470000000000013
1205 5.010000000000155
1206 12.575000000000042
1207 7.510000000000144
1208 17.414999999999875
1209 7.590000000000115
1210 14.97999999999987
1211 4.99000000000016
1212 2.4350000000001533
1213 12.474999999999888
1214 20.094999999999832
1215 9.945000000000013
1216 9.974999999999824
1217 4.100000000000098
1218 4.915000000000069
1219 9.925000000000036
1220 19.344999999999946
1221 4.960000000000041
1222 7.53500000000002
1223 7.9549999999999335
1224 9.929999999999968
1225 12.500000000000082
1226 12.459999999999981
1227 4.910000000000162
1228 10.044999999999957
1229 14.924999999999843
1230 2.4250000000000793
1231 4.935000000000099
1232 5.090000000000158
1233 9.94000000000008
1234 5.0350000000001325
1235 2.570000000000052
1236 9.955000000000098
1237 9.890000000000104
1238 17.49499999999985
1239 4.915000000000069
1240 12.474999999999923
1241 -0.13499999999994114
1242 9.979999999999862
1243 7.555000000000146
1244 5.020000000000141
1245 6.060000000000106
1246 1.236823143901944e-13
1247 15.000000000000028
1248 7.475000000000032
1249 5.005000000000138
1250 7.4450000000000705
1251 -0.014999999999877
1252 7.4150000000000835
1253 12.489999999999963
1254 4.910000000000146
1255 4.955000000000159
1256 17.394999999999794
1257 9.950000000000065
1258 4.955000000000112
1259 9.910000000000057
1260 -0.019999999999903185
1261 19.98999999999987
1262 2.445000000000161
1263 15.085000000000077
1264 6.350000000000182
1265 5.060000000000073
1266 5.060000000000154
1267 4.815000000000118
1268 7.400000000000162
1269 14.33499999999988
1270 7.3950000000000085
1271 19.9999999999999
1272 14.9849999999998
1273 12.414999999999885
1274 -2.6299999999999293
1275 7.485000000000015
1276 9.96499999999999
1277 7.429999999999809
1278 -0.06999999999987777
1279 11.654999999999953
1280 9.890000000000063
1281 10.029999999999978
1282 12.39499999999995
1283 9.889999999999997
1284 2.37000000000007
1285 0.11000000000012101
1286 9.875000000000064
1287 2.455000000000134
1288 9.905000000000053
1289 4.960000000000078
1290 -3.1199999999999006
1291 2.4800000000001523
1292 7.440000000000021
1293 4.985000000000101
1294 12.389999999999844
1295 20.034999999999897
1296 17.419999999999774
1297 10.079999999999789
1298 7.459999999999972
1299 9.90999999999991
1300 22.5349999999998
1301 14.924999999999818
1302 7.535000000000148
1303 9.934999999999986
1304 10.015000000000047
1305 4.980000000000141
1306 -0.04499999999987644
1307 10.08500000000007
1308 14.295000000000039
1309 9.97499999999975
1310 6.090000000000043
1311 14.929999999999861
1312 12.489999999999965
1313 9.875000000000076
1314 10.124999999999867
1315 7.540000000000104
1316 9.915000000000003
1317 3.800000000000167
1318 7.495000000000045
1319 11.695000000000105
1320 9.999999999999993
1321 12.524999999999993
1322 7.405000000000099
1323 4.700000000000126
1324 10.015000000000146
1325 -1.2649999999998782
1326 9.990000000000025
1327 4.850000000000123
1328 -1.2249999999999408
1329 14.890000000000038
1330 11.230000000000112
1331 0.005000000000085602
1332 2.5550000000001525
1333 2.4500000000001547
1334 7.475000000000109
1335 14.114999999999984
1336 8.709999999999898
1337 4.885000000000098
1338 7.510000000000094
1339 5.010000000000109
1340 -0.17499999999987648
1341 -2.659999999999922
1342 9.869999999999765
1343 12.439999999999849
1344 -0.10999999999997633
1345 7.5200000000001515
1346 -2.6449999999999125
1347 2.4900000000001334
1348 12.539999999999997
1349 24.82499999999979
1350 14.965000000000051
1351 10.009999999999849
1352 24.88999999999977
1353 14.939999999999891
1354 2.625000000000157
1355 7.460000000000112
1356 22.619999999999873
1357 5.110000000000055
1358 9.944999999999826
1359 7.440000000000118
1360 12.515
1361 -0.08499999999995646
1362 27.54999999999993
1363 17.52999999999976
1364 0.07500000000009747
1365 12.41499999999995
1366 2.42000000000015
1367 15.6049999999999
1368 4.9000000000001
1369 10.119999999999964
1370 9.950000000000012
1371 2.4050000000000624
1372 15.164999999999875
1373 4.925000000000147
1374 7.425000000000067
1375 12.499999999999815
1376 10.055000000000073
1377 12.519999999999893
1378 8.81500000000011
1379 4.925000000000154
1380 7.5500000000000655
1381 4.920000000000121
1382 10.039999999999884
1383 12.359999999999877
1384 7.514999999999812
1385 8.854999999999988
1386 19.99999999999988
1387 2.5400000000001492
1388 -0.15999999999989223
1389 2.4750000000001418
1390 17.52999999999996
1391 4.880000000000145
1392 6.600000000000163
1393 2.4650000000001606
1394 12.435000000000004
1395 9.999999999999922
1396 9.87500000000003
1397 10.064999999999849
1398 9.945000000000052
1399 10.120000000000113
1400 17.54000000000004
1401 9.97000000000001
1402 12.410000000000089
1403 5.019999999999912
1404 12.535000000000075
1405 5.030000000000079
1406 5.035000000000149
1407 25.050000000000015
1408 27.444999999999883
1409 2.47000000000006
1410 7.3350000000001545
1411 2.570000000000115
1412 4.935000000000158
1413 7.3900000000000405
1414 7.335000000000209
1415 11.665000000000086
1416 14.979999999999794
1417 6.180000000000116
1418 17.484999999999967
1419 2.515000000000116
1420 -0.15499999999995137
1421 17.5199999999999
1422 17.364999999999892
1423 22.49999999999992
1424 2.425000000000068
1425 -5.16999999999991
1426 7.545000000000113
1427 7.405000000000086
1428 4.900000000000056
1429 7.39500000000014
1430 12.395000000000064
1431 13.319999999999839
1432 21.964999999999748
1433 12.544999999999916
1434 -0.019999999999901312
1435 4.960000000000044
1436 4.955000000000069
1437 7.505000000000076
1438 14.9949999999999
1439 7.589999999999815
1440 7.500000000000154
1441 15.039999999999996
1442 4.950000000000069
1443 7.430000000000058
1444 17.434999999999786
1445 5.590000000000069
1446 7.37500000000009
1447 12.424999999999907
1448 20.029999999999756
1449 12.484999999999946
1450 4.840000000000077
1451 9.974999999999865
1452 5.065000000000107
1453 2.4450000000001353
1454 14.994999999999777
1455 20.039999999999775
1456 10.004999999999942
1457 20.754999999999985
1458 9.930000000000128
1459 2.510000000000118
1460 7.489999999999964
1461 12.539999999999997
1462 4.930000000000155
1463 2.410000000000162
1464 -0.1049999999999797
1465 12.380000000000038
1466 4.945000000000118
1467 10.0499999999999
1468 9.990000000000032
1469 14.974999999999755
1470 17.36499999999966
1471 7.425000000000124
1472 17.554999999999865
1473 2.5050000000001345
1474 14.93999999999984
1475 4.840000000000163
1476 -2.5399999999999343
1477 4.995000000000149
1478 4.990000000000125
1479 22.460000000000008
1480 2.50000000000016
1481 14.969999999999809
1482 7.469999999999967
1483 2.3250000000001636
1484 4.995000000000121
1485 7.465000000000154
1486 19.81999999999989
1487 2.530000000000064
1488 5.5300000000001965
1489 10.029999999999962
1490 14.984999999999976
1491 4.410000000000144
1492 4.855000000000152
1493 7.559999999999854
1494 4.950000000000156
1495 12.505
1496 22.554999999999822
1497 4.905000000000161
1498 1.745000000000094
1499 12.545000000000055
1500 7.330000000000057
1501 12.534999999999874
1502 2.3650000000001103
1503 22.539999999999825
1504 4.90500000000007
1505 2.3750000000001474
1506 17.42999999999987
1507 7.2249999999999295
1508 20.154999999999852
1509 9.90499999999998
1510 17.499999999999773
1511 1.8800000000001191
1512 12.114999999999862
1513 17.50500000000001
1514 10.02500000000005
1515 7.3900000000000645
1516 10.055000000000094
1517 10.029999999999882
1518 6.365000000000112
1519 17.59500000000001
1520 19.929999999999914
1521 16.4599999999999
1522 9.124999999999966
1523 7.455000000000138
1524 7.414999999999982
1525 -0.06499999999993249
1526 15.054999999999984
1527 7.625000000000121
1528 15.07999999999987
1529 2.415000000000045
1530 7.560000000000115
1531 7.389999999999991
1532 23.429999999999968
1533 4.97000000000009
1534 1.750000000000103
1535 7.455000000000091
1536 -4.944999999999915
1537 9.99999999999989
1538 4.8750000000001075
1539 7.490000000000098
1540 14.964999999999764
1541 10.114999999999991
1542 10.00499999999998
1543 21.869999999999767
1544 9.974999999999845
1545 7.505000000000076
1546 9.985000000000005
1547 15.034999999999785
1548 9.939999999999852
1549 2.5700000000001446
1550 5.040000000000105
1551 14.279999999999767
1552 9.964999999999973
1553 10.009999999999948
1554 -0.06999999999997722
1555 7.625000000000154
1556 13.919999999999854
1557 22.56499999999981
1558 7.565000000000078
1559 2.3400000000001278
1560 7.53500000000015
1561 5.0750000000000925
1562 4.870000000000068
1563 2.400000000000116
1564 9.960000000000056
1565 5.0150000000001045
1566 7.550000000000023
1567 4.535000000000132
1568 9.899999999999814
1569 7.529999999999896
1570 10.05500000000007
1571 10.03000000000002
1572 15.099999999999735
1573 -0.09999999999993037
1574 7.54500000000002
1575 12.584999999999868
1576 12.519999999999754
1577 10.025000000000064
1578 2.495000000000097
1579 5.040000000000099
1580 22.560000000000002
1581 12.550000000000063
1582 -2.4999999999999134
1583 2.5400000000001004
1584 10.034999999999986
1585 6.500000000000134
1586 5.515000000000199
1587 4.830000000000047
1588 0.010000000000064613
1589 15.034999999999842
1590 1.8450000000001714
1591 15.094999999999906
1592 9.405000000000031
1593 7.455000000000047
1594 5.035000000000159
1595 9.965000000000048
1596 7.460000000000124
1597 10.090000000000062
1598 12.574999999999807
1599 17.45999999999983
1600 6.655000000000164
1601 -0.10499999999993195
1602 4.915000000000099
1603 4.975000000000095
1604 -0.03499999999994259
1605 4.875000000000045
1606 17.654999999999923
1607 7.455000000000104
1608 17.514999999999947
1609 17.609999999999925
1610 2.140000000000072
1611 15.150000000000025
1612 14.989999999999792
1613 16.32999999999993
1614 14.919999999999922
1615 4.94500000000014
1616 10.00499999999988
1617 17.509999999999962
1618 12.444999999999833
1619 3.360000000000192
1620 4.310000000000077
1621 -0.12499999999989143
1622 14.884999999999781
1623 17.019999999999907
1624 14.984999999999841
1625 8.299999999999848
1626 22.56499999999982
1627 7.495000000000098
1628 10.044999999999757
1629 6.350000000000101
1630 10.044999999999941
1631 12.449999999999926
1632 17.504999999999736
1633 -0.08499999999992683
1634 20.03499999999987
1635 9.980000000000025
1636 2.405000000000162
1637 4.995000000000152
1638 -2.524999999999959
1639 15.004999999999912
1640 -0.03499999999990041
1641 12.404999999999857
1642 -3.7949999999999227
1643 5.040000000000077
1644 4.855000000000153
1645 7.4449999999999825
1646 6.85000000000009
1647 -0.019999999999876214
1648 2.5150000000000663
1649 2.475000000000123
1650 20.105000000000068
1651 -0.009999999999892418
1652 9.984999999999928
1653 20.00499999999988
1654 5.125000000000151
1655 7.445000000000107
1656 7.485000000000151
1657 15.0949999999998
1658 12.429999999999863
1659 -6.489999999999882
1660 4.950000000000141
1661 12.509999999999852
1662 10.064999999999893
1663 4.935000000000131
1664 10.000000000000105
1665 1.5900000000001375
1666 6.940000000000057
1667 9.850000000000023
1668 0.010000000000037201
1669 14.904999999999829
1670 2.4500000000001227
1671 4.850000000000137
1672 7.525000000000131
1673 21.119999999999905
1674 10.055000000000096
1675 22.34499999999992
1676 10.065000000000131
1677 14.93999999999984
1678 7.51000000000009
1679 7.370000000000065
1680 12.485000000000047
1681 4.965000000000152
1682 -1.6849999999999754
1683 12.475000000000092
1684 4.9450000000001415
1685 4.945000000000046
1686 2.4500000000001156
1687 2.535000000000159
1688 2.650000000000145
1689 17.459999999999855
1690 14.405000000000031
1691 10.079999999999988
1692 19.354999999999805
1693 -2.599999999999912
1694 5.035000000000144
1695 15.049999999999857
1696 6.880000000000089
1697 4.965000000000161
1698 4.905000000000109
1699 -0.7549999999998935
1700 10.06500000000007
1701 14.859999999999925
1702 12.619999999999932
1703 -0.08999999999996393
1704 2.3950000000001292
1705 19.919999999999884
1706 0.10500000000009581
1707 21.169999999999717
1708 5.025000000000159
1709 22.44999999999973
1710 7.494999999999925
1711 7.485000000000127
1712 2.5100000000001392
1713 9.919999999999916
1714 5.0200000000001
1715 17.56999999999986
1716 5.085000000000158
1717 7.495000000000142
1718 -0.44999999999987644
1719 9.969999999999965
1720 12.360000000000015
1721 16.844999999999803
1722 14.3449999999998
1723 2.3900000000000485
1724 10.11999999999989
1725 12.460000000000031
1726 12.445000000000086
1727 9.935000000000134
1728 12.400000000000071
1729 7.414999999999987
1730 24.999999999999858
1731 7.394999999999948
1732 10.000000000000087
1733 22.554999999999875
1734 17.449999999999807
1735 19.914999999999893
1736 5.095000000000049
1737 2.5050000000001553
1738 7.52500000000003
1739 15.034999999999851
1740 9.33500000000013
1741 4.87000000000013
1742 12.484999999999863
1743 -2.57999999999993
1744 14.96999999999986
1745 4.9900000000000775
1746 7.460000000000095
1747 14.940000000000012
1748 10.069999999999999
1749 12.514999999999972
1750 24.49499999999977
1751 4.990000000000046
1752 14.945000000000098
1753 17.349999999999767
1754 20.10499999999975
1755 2.405000000000066
1756 9.849999999999783
1757 9.990000000000043
1758 4.945000000000152
1759 4.9000000000001025
1760 22.55999999999974
1761 4.985000000000158
1762 20.134999999999806
1763 4.35000000000008
1764 7.509999999999956
1765 14.969999999999922
1766 22.569999999999776
1767 2.4100000000000423
1768 -0.09499999999997315
1769 2.4550000000001413
1770 12.56999999999995
1771 -5.054999999999913
1772 2.565000000000082
1773 12.549999999999775
1774 12.469999999999999
1775 -0.2949999999999474
1776 10.120000000000008
1777 0.09500000000010358
1778 9.58000000000007
1779 12.464999999999794
1780 12.504999999999857
1781 4.800000000000141
1782 -2.499999999999914
1783 15.10999999999992
1784 2.35000000000014
1785 9.954999999999952
1786 9.950000000000076
1787 17.109999999999957
1788 -2.484999999999966
1789 19.994999999999933
1790 17.389999999999905
1791 15.0399999999999
1792 18.849999999999827
1793 12.439999999999879
1794 20.025000000000095
1795 10.04
1796 -5.17999999999991
1797 3.585000000000151
1798 2.5150000000001596
1799 9.934999999999992
1800 4.96500000000015
1801 7.505000000000106
1802 21.584999999999912
1803 4.895000000000146
1804 7.550000000000079
1805 10.110000000000076
1806 2.4300000000001507
1807 25.00999999999978
1808 4.860000000000071
1809 19.94499999999989
1810 7.420000000000034
1811 -3.7499999999998863
1812 10.105000000000087
1813 0.055000000000074045
1814 9.914999999999933
1815 2.385000000000047
1816 12.54500000000007
1817 22.479999999999826
1818 2.36500000000016
1819 10.069999999999943
1820 12.504999999999827
1821 9.950000000000129
1822 12.46999999999996
1823 -0.17999999999988314
1824 16.144999999999843
1825 4.955000000000138
1826 2.550000000000127
1827 9.895000000000037
1828 10.050000000000088
1829 14.98999999999996
1830 22.51499999999992
1831 4.885000000000162
1832 15.069999999999999
1833 19.934999999999796
1834 -2.624999999999914
1835 4.995000000000105
1836 2.4100000000000685
1837 -5.014999999999913
1838 25.109999999999832
1839 -2.6499999999999186
1840 4.890000000000041
1841 9.974999999999731
1842 2.400000000000083
1843 7.459999999999952
1844 19.434999999999977
1845 10.124999999999998
1846 7.550000000000102
1847 11.289999999999766
1848 2.5100000000001064
1849 14.969999999999889
1850 14.869999999999859
1851 8.025
1852 5.105000000000149
1853 7.38500000000009
1854 4.97000000000009
1855 2.1550000000001486
1856 2.5400000000000986
1857 11.770000000000078
1858 4.965000000000132
1859 17.52000000000003
1860 17.49499999999983
1861 6.905000000000107
1862 7.355000000000076
1863 2.5700000000001024
1864 22.544999999999806
1865 14.965000000000005
1866 30.03499999999989
1867 19.994999999999845
1868 17.415000000000045
1869 9.964999999999913
1870 2.4350000000001604
1871 17.464999999999787
1872 7.525000000000091
1873 9.969999999999912
1874 7.559999999999993
1875 17.439999999999753
1876 2.4350000000001293
1877 11.789999999999914
1878 12.589999999999879
1879 7.5000000000001465
1880 19.909999999999865
1881 19.959999999999788
1882 2.4400000000000697
1883 7.440000000000125
1884 0.10000000000002654
1885 10.095000000000049
1886 2.4000000000001593
1887 2.4100000000001085
1888 -0.014999999999941178
1889 9.609999999999935
1890 17.559999999999814
1891 14.99000000000001
1892 20.084999999999834
1893 30.094999999999757
1894 9.90000000000003
1895 4.29000000000014
1896 7.360000000000115
1897 22.41499999999987
1898 12.514999999999981
1899 5.01500000000008
1900 10.01999999999994
1901 2.525000000000155
1902 2.5200000000000875
1903 4.935000000000109
1904 9.990000000000002
1905 7.500000000000108
1906 4.96000000000015
1907 17.454999999999966
1908 14.929999999999874
1909 12.41999999999998
1910 14.889999999999953
1911 15.099999999999856
1912 7.430000000000035
1913 15.134999999999874
1914 7.455000000000096
1915 14.989999999999807
1916 9.960000000000024
1917 7.405000000000119
1918 2.5000000000001035
1919 12.544999999999924
1920 15.06499999999972
1921 9.910000000000041
1922 4.895000000000078
1923 4.95500000000015
1924 9.95500000000006
1925 5.000000000000036
1926 11.599999999999872
1927 23.844999999999853
1928 4.240000000000176
1929 4.835000000000091
1930 12.465000000000046
1931 12.584999999999987
1932 12.660000000000094
1933 4.990000000000064
1934 -0.009999999999921832
1935 8.470134316151956e-14
1936 17.454999999999938
1937 2.4450000000000403
1938 4.9550000000001075
1939 20.06999999999987
1940 9.929999999999941
1941 15.024999999999967
1942 4.98500000000015
1943 12.435000000000077
1944 4.860000000000013
1945 17.590000000000046
1946 17.514999999999908
1947 17.504999999999793
1948 9.930000000000106
1949 17.33999999999992
1950 9.52000000000005
1951 4.955000000000138
1952 2.50000000000012
1953 14.100000000000001
1954 5.065000000000113
1955 11.529999999999925
1956 12.490000000000093
1957 7.490000000000144
1958 4.955000000000113
1959 11.344999999999839
1960 9.935000000000064
1961 2.4800000000001248
1962 15.059999999999953
1963 9.980000000000114
1964 7.37500000000012
1965 9.859999999999918
1966 1.4450000000000978
1967 17.564999999999827
1968 6.565000000000093
1969 19.20499999999986
1970 9.884999999999954
1971 7.480000000000096
1972 7.470000000000148
1973 12.529999999999957
1974 10.005000000000033
1975 15.010000000000062
1976 9.43999999999971
1977 8.65000000000006
1978 17.534999999999894
1979 9.929999999999872
1980 7.505000000000065
1981 5.110000000000145
1982 4.970000000000128
1983 10.055000000000112
1984 2.400000000000042
1985 17.470000000000017
1986 7.500000000000038
1987 -0.3099999999998766
1988 1.2550000000001478
1989 9.944999999999915
1990 8.885000000000163
1991 9.944999999999842
1992 17.594999999999867
1993 2.4600000000001163
1994 6.810000000000163
1995 7.585000000000007
1996 4.900000000000099
1997 15.089999999999772
1998 2.3800000000001473
1999 -0.03999999999993196
5208.9457149505615
