0 28.109999999999882
1 40.62499999999961
2 35.70499999999987
3 28.039999999999864
4 12.92500000000001
5 60.04999999999948
6 33.07999999999986
7 23.094999999999835
8 18.149999999999906
9 23.824999999999857
10 18.650000000000016
11 23.569999999999965
12 23.52999999999986
13 23.64999999999996
14 28.580000000000236
15 40.11999999999966
16 18.78000000000008
17 33.7949999999999
18 43.65499999999948
19 21.24500000000005
20 28.650000000000006
21 28.16500000000053
22 18.61999999999988
23 9.494999999999791
24 4.49000000000011
25 21.200000000000134
26 12.049999999999518
27 19.314999999999905
28 11.954999999999911
29 9.189999999999968
30 -3.609999999999914
31 8.754999999999978
32 9.635000000000067
33 9.784999999999982
34 1.7500000000001181
35 12.004999999999608
36 -0.2999999999999546
37 1.6900000000001174
38 12.169999999999462
39 7.2699999999998
40 -3.294999999999921
41 -0.6199999999999177
42 1.8600000000001202
43 2.2600000000000913
44 6.984999999999614
45 -0.5699999999999472
46 -2.624999999999935
47 7.399999999999811
48 7.249999999999711
49 4.390000000000106
50 -0.5549999999999168
51 -2.5249999999999373
52 6.899999999999369
53 -1.1399999999999133
54 -1.249999999999928
55 -2.639999999999935
56 2.195000000000112
57 -2.9699999999999296
58 2.2850000000001094
59 2.0550000000001063
60 -0.5749999999999161
61 -0.7549999999999577
62 -0.1599999999999607
63 4.700000000000109
64 -3.419999999999918
65 -2.5149999999999375
66 -2.639999999999935
67 4.755000000000112
68 -3.004999999999927
69 -0.14999999999991562
70 -2.544999999999937
71 -3.009999999999927
72 -3.674999999999913
73 2.315000000000048
74 -2.689999999999934
75 4.680000000000057
76 4.410000000000119
77 1.5300000000001273
78 12.2849999999998
79 -0.13999999999993978
80 2.3200000000001104
81 -2.6399999999999353
82 -10.765000000000633
83 2.2100000000001128
84 14.394999999999778
85 6.435000000000092
86 2.3600000000001096
87 -0.2299999999999157
88 -0.11999999999991603
89 2.405000000000083
90 2.965000000000149
91 -2.6049999999999356
92 -2.6599999999999344
93 1.565000000000125
94 -0.034999999999959966
95 -3.659999999999913
96 -0.0049999999999155555
97 -2.5749999999999362
98 -0.5749999999999166
99 -2.659999999999936
100 3.7900000000001324
101 -3.0499999999999274
102 0.03000000000008445
103 2.330000000000079
104 1.980000000000116
105 -2.6099999999999355
106 -0.07999999999991556
107 -35.58499999999972
108 -0.684999999999944
109 2.390000000000061
110 -2.709999999999934
111 -2.609999999999936
112 -3.0249999999999266
113 -35.84999999999985
114 -2.6449999999999347
115 -3.6299999999999155
116 -0.8699999999999171
117 -2.6749999999999354
118 -1.1249999999999136
119 -0.04499999999991555
120 -0.04499999999994109
121 0.8900000000001376
122 -0.524999999999942
123 -0.5199999999999159
124 -3.5949999999999145
125 4.8000000000001055
126 1.3200000000001317
127 6.434999999999798
128 2.2600000000001
129 -0.634999999999916
130 2.4150000000000817
131 -2.594999999999936
132 -0.15999999999991563
133 4.814999999999959
134 -2.6899999999999347
135 1.9400000000001079
136 -2.6099999999999355
137 -0.0749999999999563
138 -0.11999999999994979
139 7.400000000000103
140 2.2800000000001113
141 -2.539999999999937
142 -2.969999999999928
143 -2.629999999999935
144 -0.5249999999999159
145 -0.10999999999991558
146 2.4100000000001085
147 -2.6499999999999346
148 4.810000000000111
149 -3.0599999999999272
150 -2.9899999999999274
151 -0.5899999999999379
152 -1.4799999999999067
153 -1.1699999999999127
154 -2.9849999999999275
155 -0.07999999999991955
156 -3.049999999999926
157 -3.009999999999927
158 -0.5049999999999167
159 -2.9499999999999282
160 4.480000000000118
161 -0.5299999999999341
162 -0.05999999999991732
163 -3.049999999999926
164 -2.5749999999999362
165 -2.629999999999935
166 -3.574999999999915
167 -2.5599999999999365
168 4.875000000000007
169 -2.9749999999999277
170 -2.489999999999938
171 -2.5599999999999365
172 -0.47999999999993453
173 -3.609999999999914
174 -2.549999999999937
175 1.3650000000001308
176 -0.07999999999991556
177 -2.9949999999999273
178 -35.86499999999986
179 -35.79999999999983
180 -2.5999999999999357
181 -0.4749999999999159
182 2.440000000000108
183 -0.15999999999991585
184 -2.5499999999999368
185 -3.694999999999913
186 -3.609999999999914
187 2.340000000000078
188 -2.6199999999999353
189 -0.499999999999946
190 -2.6099999999999355
191 -2.5999999999999357
192 -2.584999999999936
193 -3.5949999999999145
194 -2.5999999999999357
195 -2.5549999999999367
196 6.9649999999999235
197 -6.78999999999974
198 -2.674999999999934
199 -35.68999999999977
200 -0.06999999999991555
201 -2.5799999999999366
202 2.4050000000001086
203 7.369999999999334
204 -2.629999999999935
205 2.3700000000001094
206 -0.06499999999993775
207 -2.634999999999935
208 -35.749999999999794
209 -2.9899999999999274
210 -2.5749999999999362
211 -3.704999999999912
212 -2.6099999999999355
213 -2.639999999999935
214 -0.11499999999993549
215 -2.9749999999999277
216 -2.5749999999999367
217 -2.5699999999999363
218 -0.12499999999991737
219 -2.964999999999928
220 -5.069999999999883
221 6.519999999999377
222 -2.5499999999999368
223 -2.6199999999999353
224 -2.5549999999999367
225 -0.11499999999991559
226 -2.579999999999936
227 -0.5449999999999163
228 -3.574999999999915
229 -2.5749999999999362
230 -7.574999999999724
231 -2.579999999999936
232 -2.589999999999936
233 2.300000000000111
234 -2.6449999999999347
235 -2.999999999999927
236 -2.6149999999999354
237 -3.0699999999999257
238 7.304999999999348
239 -2.639999999999935
240 -5.249999999999827
241 -2.5549999999999367
242 -0.1399999999999156
243 -4.239999999999848
244 -0.09999999999993646
245 -0.06499999999994885
246 -2.5199999999999374
247 -2.639999999999935
248 -2.5749999999999362
249 -2.5999999999999357
250 -2.919999999999929
251 -2.579999999999936
252 -2.639999999999935
253 -3.6449999999999134
254 -0.15999999999995693
255 -2.634999999999935
256 -3.5549999999999153
257 -2.544999999999937
258 -2.6449999999999356
259 -2.529999999999937
260 -2.909999999999929
261 -3.719999999999912
262 -2.5999999999999357
263 -35.72499999999979
264 -2.9849999999999275
265 2.4600000000001074
266 -2.934999999999929
267 -2.544999999999937
268 -1.104999999999914
269 -2.5699999999999363
270 -2.579999999999936
271 -1.1249999999999136
272 -2.589999999999936
273 -3.609999999999914
274 -3.5949999999999145
275 -3.6349999999999136
276 -2.5949999999999367
277 -2.6049999999999356
278 -22.20499999999984
279 -3.049999999999926
280 4.555000000000115
281 1.9950000000001173
282 -2.5199999999999374
283 -3.5949999999999145
284 -2.9399999999999302
285 -1.1449999999999132
286 -2.5599999999999365
287 -2.9899999999999274
288 -2.5999999999999357
289 -2.579999999999936
290 -2.589999999999936
291 -2.964999999999928
292 -0.13499999999995002
293 -3.674999999999913
294 -2.569999999999937
295 -2.584999999999936
296 -2.624999999999935
297 -2.984999999999929
298 -2.6699999999999346
299 -0.08499999999991556
300 4.490000000000066
301 -3.0699999999999257
302 -2.599999999999937
303 -0.11999999999995778
304 -1.5199999999999347
305 -2.6149999999999354
306 -0.5349999999999508
307 -2.5549999999999367
308 -0.07999999999991556
309 -3.664999999999913
310 -1.149999999999913
311 -3.6299999999999137
312 -0.09499999999991557
313 -2.6449999999999347
314 -3.6599999999999135
315 -2.5799999999999366
316 -2.9749999999999277
317 -2.969999999999928
318 -2.539999999999937
319 4.5650000000000475
320 1.3200000000001317
321 -2.629999999999935
322 -2.579999999999936
323 -0.06499999999991554
324 -2.5749999999999362
325 -2.4599999999999387
326 4.889999999999852
327 -3.0199999999999267
328 -3.0349999999999264
329 -0.1249999999999156
330 -0.5849999999999164
331 -17.74500000000072
332 -2.9849999999999275
333 -0.5049999999999412
334 -2.584999999999936
335 -2.609999999999936
336 -2.9849999999999275
337 -2.629999999999935
338 -3.004999999999928
339 -3.0349999999999273
340 -2.6199999999999353
341 -35.88499999999987
342 -2.674999999999934
343 -35.659999999999755
344 -3.569999999999915
345 -2.634999999999935
346 -2.9899999999999274
347 -3.0749999999999256
348 -3.5999999999999144
349 0.06500000000008443
350 -0.4749999999999159
351 -3.619999999999914
352 -0.11499999999991603
353 -0.11499999999991647
354 -2.999999999999929
355 4.940000000000101
356 -0.5149999999999159
357 -2.5649999999999364
358 -0.44499999999994805
359 -2.5599999999999365
360 -3.36499999999992
361 -3.6749999999999132
362 -0.4799999999999159
363 -3.6399999999999135
364 -2.6949999999999337
365 -2.5649999999999364
366 -2.589999999999936
367 -3.6899999999999125
368 -2.589999999999936
369 -1.2499999999999398
370 -2.534999999999937
371 -2.544999999999937
372 -2.589999999999936
373 -3.5849999999999147
374 -3.6399999999999135
375 -3.6899999999999125
376 -2.954999999999928
377 -10.650000000000235
378 -2.9849999999999275
379 -0.04999999999991555
380 -0.04999999999991555
381 -2.5949999999999367
382 -0.08999999999991556
383 -3.6749999999999132
384 -2.6199999999999353
385 -2.5749999999999367
386 -2.624999999999935
387 4.430000000000043
388 -2.4749999999999384
389 -2.5649999999999364
390 -2.919999999999929
391 -2.9399999999999284
392 -2.509999999999938
393 -3.619999999999914
394 -0.05999999999991643
395 -0.43499999999991584
396 -2.5999999999999357
397 -0.5199999999999168
398 -2.5749999999999362
399 -2.6199999999999353
400 -2.589999999999936
401 -2.5199999999999374
402 2.430000000000108
403 -2.969999999999928
404 -2.639999999999935
405 -2.6649999999999343
406 -2.5999999999999357
407 -3.054999999999926
408 -3.614999999999914
409 -2.594999999999936
410 -2.5999999999999357
411 -2.624999999999935
412 1.7150000000001233
413 -2.6049999999999356
414 -0.44499999999991585
415 -2.6149999999999354
416 -2.6149999999999354
417 2.425000000000108
418 -2.969999999999928
419 -0.06999999999991555
420 -3.004999999999927
421 -0.4849999999999286
422 -2.5099999999999376
423 -2.9399999999999284
424 -35.66999999999976
425 -33.1149999999984
426 -3.014999999999927
427 -0.43999999999991585
428 -3.6349999999999136
429 -2.609999999999937
430 -0.08999999999991556
431 -35.834999999999845
432 -2.539999999999937
433 -0.06499999999991554
434 -0.04999999999991555
435 -0.11999999999991559
436 -2.634999999999935
437 -2.6199999999999357
438 -2.6199999999999353
439 -0.059999999999915545
440 -3.0199999999999267
441 -35.80499999999983
442 -2.594999999999936
443 -2.614999999999936
444 -2.9849999999999275
445 -2.6049999999999356
446 -2.6499999999999346
447 -3.5849999999999147
448 -3.659999999999913
449 -3.579999999999915
450 -0.11999999999991559
451 -13.46000000000145
452 -2.5199999999999374
453 -2.6199999999999353
454 -3.064999999999926
455 -2.5599999999999365
456 -3.054999999999926
457 -3.5499999999999154
458 -5.199999999999837
459 -0.044999999999915996
460 -0.03499999999991556
461 -2.654999999999935
462 -2.6099999999999355
463 -2.6649999999999343
464 -2.589999999999936
465 -3.669999999999913
466 -2.594999999999936
467 -2.639999999999935
468 -3.0399999999999263
469 -2.6049999999999356
470 -35.66999999999976
471 -1.0799999999999326
472 -2.9899999999999274
473 -2.6049999999999356
474 -1.1249999999999136
475 -0.14999999999991562
476 -0.1449999999999156
477 -2.959999999999928
478 -2.594999999999936
479 -2.7049999999999335
480 -2.584999999999936
481 -2.999999999999927
482 -2.6599999999999344
483 -3.5499999999999154
484 -1.2699999999999105
485 -2.5649999999999364
486 -2.594999999999936
487 -3.6849999999999126
488 -0.46499999999991587
489 -3.0249999999999266
490 -1.2299999999999114
491 -3.514999999999916
492 -0.5049999999999158
493 -0.03499999999991556
494 -2.954999999999928
495 -2.5949999999999362
496 -2.624999999999935
497 -0.11999999999992225
498 -3.5599999999999152
499 -3.5999999999999144
500 -3.569999999999915
501 -2.5999999999999357
502 -2.6049999999999356
503 -1.0449999999999153
504 -3.669999999999913
505 -1.1149999999999138
506 -2.6449999999999347
507 -2.8999999999999293
508 -3.054999999999926
509 -2.6199999999999353
510 -2.649999999999935
511 -2.5049999999999377
512 -3.6299999999999137
513 -3.659999999999913
514 -2.9749999999999277
515 -2.5549999999999367
516 -2.5649999999999364
517 -31.35999999999755
518 -2.5249999999999373
519 -2.534999999999937
520 -2.679999999999934
521 2.39500000000005
522 -0.10999999999991558
523 -1.1799999999999125
524 -2.729999999999933
525 -0.5249999999999168
526 -3.059999999999926
527 -0.1449999999999156
528 -2.5499999999999368
529 -3.009999999999928
530 -35.68999999999977
531 -2.584999999999936
532 -2.954999999999928
533 4.880000000000009
534 -2.9449999999999283
535 -35.82999999999984
536 -2.5999999999999357
537 -0.12499999999991604
538 -2.5799999999999366
539 -2.999999999999927
540 -3.009999999999927
541 -2.5549999999999367
542 -3.0199999999999267
543 1.3100000000000862
544 -2.5749999999999362
545 -2.5149999999999375
546 -0.07999999999992621
547 -2.5599999999999365
548 -3.579999999999915
549 -3.5399999999999157
550 -2.584999999999936
551 -35.70999999999978
552 2.425000000000108
553 -3.6499999999999133
554 -2.6199999999999353
555 -2.589999999999936
556 -2.534999999999937
557 -3.694999999999913
558 -3.064999999999926
559 -0.08999999999991556
560 -0.5399999999999159
561 -3.0799999999999255
562 -2.639999999999935
563 -2.624999999999935
564 -3.389999999999919
565 -3.004999999999927
566 -33.33999999999852
567 -2.634999999999935
568 -8.059999999999777
569 -3.614999999999914
570 -2.5749999999999362
571 -0.09999999999991557
572 -2.5249999999999373
573 -2.5099999999999376
574 -0.629999999999916
575 -16.35500000000133
576 -3.579999999999915
577 -0.15499999999994182
578 2.370000000000105
579 4.925000000000108
580 -3.5999999999999144
581 -3.614999999999914
582 -3.5999999999999144
583 -2.9749999999999277
584 -3.674999999999913
585 -3.6349999999999136
586 -2.5599999999999365
587 -35.90499999999988
588 -3.614999999999914
589 -35.84499999999985
590 -2.5749999999999362
591 -3.5499999999999154
592 2.4500000000001076
593 -3.579999999999915
594 -0.09999999999991557
595 -2.544999999999937
596 -3.5349999999999158
597 -2.534999999999937
598 -2.534999999999937
599 -2.5999999999999357
600 -3.614999999999914
601 -30.699999999998038
602 -2.5949999999999362
603 -35.774999999999814
604 -2.6199999999999353
605 -2.5749999999999362
606 -17.34000000000079
607 -2.909999999999929
608 -3.004999999999927
609 -2.6249999999999356
610 -1.0699999999999148
611 -2.9349999999999286
612 -2.6049999999999356
613 -3.014999999999927
614 -3.669999999999913
615 -3.619999999999914
616 -2.9449999999999283
617 -1.1249999999999136
618 -2.589999999999936
619 -3.009999999999927
620 -2.579999999999936
621 -2.584999999999936
622 -2.639999999999935
623 -3.654999999999913
624 -18.625000000000544
625 -3.7699999999999108
626 -2.584999999999936
627 -2.624999999999936
628 -2.639999999999936
629 -0.019999999999915558
630 -2.5749999999999362
631 -2.5249999999999373
632 -3.0899999999999253
633 -2.534999999999937
634 -0.07499999999991555
635 -2.594999999999936
636 -2.999999999999928
637 -2.5699999999999363
638 -3.5449999999999156
639 -3.664999999999913
640 -2.534999999999937
641 -3.574999999999915
642 -13.615000000000697
643 -2.6149999999999354
644 -2.5249999999999373
645 -3.0799999999999255
646 -1.1299999999999284
647 -2.6549999999999345
648 -3.674999999999913
649 7.384999999999669
650 -2.5649999999999364
651 -2.5549999999999367
652 -2.534999999999937
653 -2.4799999999999383
654 -2.969999999999928
655 -2.544999999999937
656 2.3200000000001033
657 -0.11499999999991647
658 -2.6499999999999346
659 -2.9799999999999276
660 -0.08499999999991556
661 -0.1249999999999156
662 -3.5599999999999152
663 2.055000000000116
664 -35.73499999999979
665 -2.6149999999999354
666 -3.574999999999915
667 -3.5999999999999144
668 -3.0299999999999265
669 -2.5599999999999365
670 2.3750000000001092
671 -3.0399999999999263
672 -2.5649999999999364
673 -2.5999999999999357
674 -11.32500000000034
675 -2.589999999999936
676 -2.589999999999936
677 -3.0849999999999254
678 2.435000000000108
679 2.3650000000001095
680 -3.6299999999999137
681 -35.76499999999981
682 -2.634999999999935
683 -2.5699999999999363
684 -0.08499999999991556
685 -2.544999999999937
686 -2.909999999999929
687 -1.104999999999914
688 -0.11999999999991559
689 -33.374999999998536
690 -2.6549999999999345
691 -3.6849999999999126
692 -2.624999999999935
693 -35.79999999999983
694 -2.579999999999937
695 -2.959999999999928
696 -3.6349999999999136
697 -2.909999999999929
698 -3.6299999999999137
699 -2.6649999999999343
700 -2.9949999999999273
701 -2.609999999999936
702 -3.719999999999912
703 -2.539999999999937
704 -2.629999999999935
705 -2.6599999999999344
706 -2.5549999999999367
707 -2.5999999999999357
708 6.97999999999941
709 -0.4749999999999159
710 -3.579999999999915
711 -2.534999999999937
712 -2.5749999999999367
713 -35.814999999999834
714 -2.9349999999999286
715 -2.9499999999999282
716 -2.964999999999928
717 -3.009999999999927
718 -1.164999999999931
719 -2.584999999999936
720 -2.6149999999999354
721 -3.609999999999914
722 -2.9799999999999276
723 -2.6499999999999346
724 -3.669999999999913
725 -2.584999999999936
726 -2.584999999999936
727 -2.6199999999999353
728 1.3650000000001308
729 -7.14499999999984
730 -3.6049999999999143
731 2.4450000000001078
732 -2.624999999999935
733 -3.574999999999915
734 -2.5649999999999364
735 -2.9449999999999283
736 -3.009999999999927
737 -2.5399999999999374
738 -2.6149999999999354
739 -2.9799999999999276
740 -9.325000000000028
741 -3.0799999999999255
742 -2.624999999999935
743 1.9650000000001178
744 0.04000000000008445
745 -2.594999999999936
746 -1.9799999999998954
747 -3.529999999999916
748 -2.5049999999999377
749 -0.4949999999999561
750 -2.8899999999999295
751 2.0050000000000727
752 -2.634999999999936
753 -3.5599999999999152
754 -2.6649999999999348
755 4.539999999999767
756 -2.6649999999999343
757 -2.5149999999999375
758 -2.5549999999999367
759 -9.059999999999986
760 -3.654999999999913
761 -0.1249999999999156
762 -0.0049999999999155555
763 -2.9249999999999288
764 -2.589999999999936
765 -0.009999999999915556
766 -3.054999999999926
767 -0.029999999999916448
768 -3.6049999999999143
769 -3.0199999999999267
770 -3.579999999999915
771 -0.46499999999992875
772 -1.119999999999914
773 -2.964999999999928
774 -2.6449999999999347
775 -2.9799999999999276
776 -2.9349999999999286
777 -2.5949999999999362
778 -0.12499999999994012
779 2.3500000000000805
780 -2.614999999999936
781 -2.5999999999999357
782 -2.629999999999935
783 -3.5599999999999152
784 -0.1199999999999227
785 -2.624999999999935
786 -3.014999999999927
787 -2.594999999999936
788 -2.589999999999936
789 -3.0299999999999265
790 -3.0699999999999266
791 -3.6449999999999134
792 -2.5499999999999368
793 2.390000000000109
794 -0.5349999999999159
795 -3.6299999999999137
796 -2.8949999999999294
797 -4.019999999999906
798 -0.19499999999993342
799 -19.649999999999853
800 -2.6899999999999338
801 -2.6099999999999355
802 -2.5749999999999362
803 -0.13999999999996068
804 -2.499999999999938
805 -2.5999999999999357
806 -0.5049999999999158
807 -3.0649999999999267
808 -0.5849999999999159
809 -2.9949999999999273
810 -2.579999999999936
811 -7.939999999999769
812 -2.5849999999999365
813 -2.6049999999999356
814 -1.5699999999999041
815 -30.649999999998048
816 -2.954999999999928
817 -3.664999999999913
818 -2.5199999999999374
819 -2.579999999999936
820 -3.6349999999999136
821 -0.08999999999991645
822 -2.5499999999999368
823 -3.5949999999999145
824 -3.0199999999999267
825 -2.594999999999936
826 -2.5699999999999363
827 -3.624999999999914
828 -2.6049999999999356
829 -5.259999999999854
830 -2.954999999999928
831 -2.639999999999935
832 -2.629999999999936
833 -2.5649999999999364
834 -2.539999999999937
835 -3.6899999999999125
836 -2.624999999999935
837 -2.579999999999936
838 -2.5749999999999362
839 -2.5999999999999357
840 -2.6049999999999356
841 -2.5199999999999374
842 2.435000000000108
843 -3.6699999999999133
844 -3.664999999999913
845 -3.6049999999999143
846 -2.569999999999937
847 -0.06499999999991554
848 2.3600000000001096
849 -3.519999999999916
850 -3.614999999999914
851 4.809999999999783
852 -2.6199999999999353
853 -3.619999999999914
854 -2.589999999999936
855 -2.9799999999999276
856 -0.09999999999991602
857 -0.054999999999916435
858 -2.6199999999999353
859 -2.5599999999999365
860 -2.594999999999936
861 -2.624999999999935
862 -2.604999999999936
863 -2.9949999999999273
864 -2.6299999999999355
865 -0.06499999999991554
866 -1.0799999999999146
867 -2.9449999999999283
868 -2.6249999999999356
869 -0.07999999999991556
870 -2.9249999999999288
871 -2.6099999999999355
872 -2.5999999999999357
873 -2.534999999999937
874 -0.05499999999991555
875 -2.5899999999999364
876 -2.5999999999999357
877 -0.1399999999999156
878 2.4050000000001077
879 -2.594999999999936
880 -2.5599999999999365
881 -0.08499999999991556
882 -2.959999999999928
883 -3.564999999999915
884 -2.5199999999999374
885 -3.6849999999999126
886 -2.969999999999928
887 -2.584999999999936
888 -2.6099999999999355
889 2.4450000000001078
890 -2.639999999999935
891 -2.6149999999999354
892 -6.339999999999857
893 -2.604999999999936
894 -3.709999999999912
895 -0.5499999999999159
896 -2.959999999999928
897 -3.0399999999999263
898 -5.454999999999847
899 -2.6099999999999355
900 -2.5699999999999363
901 -0.15499999999991562
902 -3.5999999999999144
903 -2.624999999999935
904 -0.019999999999916446
905 -2.5499999999999368
906 -2.5599999999999365
907 -2.5649999999999364
908 -3.5899999999999146
909 -2.5999999999999357
910 -2.9349999999999286
911 -3.614999999999914
912 -2.5199999999999374
913 -2.669999999999934
914 -35.619999999999735
915 -3.6799999999999127
916 -3.654999999999913
917 -2.5699999999999363
918 -2.589999999999936
919 -3.659999999999913
920 -3.614999999999914
921 -3.669999999999913
922 -3.6399999999999135
923 -3.5849999999999147
924 -0.07499999999991644
925 -3.014999999999927
926 -3.6899999999999125
927 -1.1099999999999148
928 -2.9499999999999282
929 -2.679999999999934
930 2.395000000000109
931 -2.589999999999936
932 -2.6499999999999346
933 -3.6799999999999127
934 -3.014999999999927
935 -2.634999999999935
936 -2.594999999999936
937 -2.5049999999999377
938 4.919999999999848
939 -0.09499999999991601
940 -2.7099999999999334
941 -0.09999999999991557
942 -2.9749999999999277
943 -35.70499999999978
944 -2.624999999999935
945 -35.814999999999834
946 -3.0199999999999267
947 -2.544999999999937
948 -2.629999999999935
949 -3.009999999999927
950 -35.78999999999982
951 -2.6199999999999353
952 -35.84999999999985
953 -2.8999999999999293
954 -2.614999999999936
955 -2.659999999999935
956 -3.669999999999913
957 -2.579999999999936
958 -0.019999999999915558
959 -2.639999999999935
960 -0.45999999999991587
961 -0.5199999999999159
962 -0.504999999999931
963 -6.259999999999859
964 -3.0349999999999264
965 -2.5699999999999363
966 -2.954999999999928
967 -2.969999999999928
968 -2.5999999999999357
969 -2.5749999999999362
970 -0.03499999999991556
971 -35.72499999999979
972 -35.81999999999984
973 -0.034999999999948864
974 -2.589999999999936
975 -1.13499999999994
976 -2.5849999999999365
977 -3.609999999999914
978 -2.5649999999999364
979 -2.9849999999999275
980 -3.654999999999913
981 -2.589999999999936
982 2.3400000000000656
983 -2.6149999999999354
984 -2.5749999999999362
985 -2.5249999999999373
986 -2.954999999999928
987 -2.5649999999999364
988 -2.6649999999999343
989 -3.704999999999912
990 -2.6099999999999355
991 -4.554999999999885
992 -0.4849999999999603
993 -3.624999999999914
994 -2.5749999999999362
995 -0.14499999999991606
996 -0.019999999999915558
997 -3.5949999999999145
998 -2.589999999999936
999 -2.684999999999934
1000 -0.08499999999991556
1001 -5.5899999999998355
1002 -2.584999999999936
1003 -2.959999999999928
1004 -3.6349999999999136
1005 -9.615000000000073
1006 -3.6799999999999127
1007 -3.6299999999999137
1008 -3.759999999999911
1009 -2.5549999999999367
1010 -0.4799999999999159
1011 -16.64000000000093
1012 -2.7049999999999335
1013 -3.6399999999999135
1014 -2.589999999999936
1015 -1.0749999999999147
1016 -2.5999999999999366
1017 -3.099999999999925
1018 -0.11499999999991559
1019 -2.584999999999936
1020 -2.6099999999999355
1021 -2.614999999999937
1022 -35.794999999999824
1023 -3.6349999999999136
1024 -2.594999999999936
1025 -3.6399999999999135
1026 -38.46000000000118
1027 -35.739999999999796
1028 -2.634999999999935
1029 -3.0299999999999265
1030 -2.964999999999928
1031 -2.544999999999937
1032 -2.634999999999935
1033 -2.579999999999936
1034 -2.9499999999999282
1035 -3.5899999999999146
1036 -3.0249999999999266
1037 -0.5299999999999159
1038 -1.0449999999999153
1039 2.4550000000001075
1040 -3.619999999999914
1041 -0.03999999999993909
1042 2.035000000000096
1043 -2.579999999999936
1044 -28.09499999999865
1045 -2.6699999999999346
1046 -3.6049999999999143
1047 -2.589999999999936
1048 -35.7449999999998
1049 -2.5499999999999368
1050 -2.5499999999999368
1051 -2.5649999999999364
1052 -35.974999999999916
1053 -2.539999999999937
1054 -1.1649999999999128
1055 -2.6099999999999364
1056 -2.5399999999999374
1057 -8.549999999999903
1058 -4.804999999999889
1059 -2.5999999999999357
1060 -0.059999999999915545
1061 -2.5699999999999363
1062 -3.6399999999999135
1063 -2.6499999999999346
1064 -18.170000000000634
1065 -2.954999999999928
1066 -2.584999999999936
1067 -2.584999999999936
1068 -2.629999999999935
1069 -2.589999999999936
1070 -2.969999999999928
1071 -2.6049999999999356
1072 -2.594999999999936
1073 -3.709999999999912
1074 -3.049999999999926
1075 -2.589999999999936
1076 -0.4949999999999159
1077 -2.9499999999999282
1078 -2.654999999999935
1079 -2.629999999999935
1080 -0.5349999999999159
1081 -2.5749999999999362
1082 2.4150000000001084
1083 -2.589999999999936
1084 -0.15499999999991562
1085 -2.9899999999999274
1086 -3.6849999999999126
1087 -2.5599999999999365
1088 -3.7699999999999108
1089 -2.534999999999937
1090 -2.589999999999936
1091 -2.579999999999936
1092 -2.959999999999928
1093 -4.174999999999768
1094 -2.624999999999935
1095 -2.5749999999999362
1096 -35.62499999999974
1097 -2.6049999999999356
1098 -1.1499999999999133
1099 -2.9949999999999273
1100 -2.639999999999935
1101 -2.604999999999936
1102 -0.14999999999992716
1103 -3.059999999999926
1104 -2.9949999999999273
1105 -2.594999999999936
1106 -2.6649999999999343
1107 -2.5649999999999364
1108 -3.0399999999999263
1109 -3.5499999999999154
1110 2.3650000000001086
1111 -2.539999999999937
1112 -3.5999999999999144
1113 2.0900000000001153
1114 -1.109999999999914
1115 -3.049999999999926
1116 -3.669999999999913
1117 -2.6099999999999355
1118 -33.2999999999985
1119 -3.654999999999913
1120 -2.954999999999928
1121 -3.909999999999909
1122 -2.6999999999999336
1123 -3.0349999999999264
1124 -2.534999999999937
1125 -35.78999999999982
1126 -3.064999999999926
1127 -0.16999999999991564
1128 -2.544999999999937
1129 -0.1399999999999509
1130 -2.5699999999999363
1131 -3.664999999999913
1132 -2.674999999999934
1133 -35.994999999999926
1134 -2.959999999999928
1135 -3.6349999999999136
1136 -35.60999999999973
1137 -4.539999999999877
1138 -3.6849999999999126
1139 -2.954999999999928
1140 -3.6249999999999143
1141 -35.98499999999992
1142 -3.674999999999913
1143 -2.584999999999936
1144 -2.5249999999999373
1145 1.4300000000001294
1146 -0.17499999999993607
1147 -35.82499999999984
1148 -2.594999999999936
1149 -2.5049999999999377
1150 -2.9849999999999275
1151 -0.11499999999991559
1152 -0.4849999999999159
1153 -35.779999999999816
1154 -0.7749999999999165
1155 -3.6299999999999137
1156 -3.519999999999916
1157 -3.6399999999999135
1158 -3.664999999999913
1159 -2.5199999999999374
1160 -3.5999999999999144
1161 -2.954999999999928
1162 -21.76499999999944
1163 -2.579999999999936
1164 -2.914999999999929
1165 -2.589999999999936
1166 -2.9899999999999274
1167 -9.670000000000028
1168 -3.624999999999914
1169 -2.679999999999934
1170 -2.6049999999999356
1171 -2.5749999999999362
1172 -2.5999999999999357
1173 -2.6099999999999355
1174 -2.6549999999999345
1175 -2.5699999999999363
1176 -2.654999999999935
1177 -3.609999999999914
1178 -2.584999999999936
1179 -35.85999999999986
1180 -2.5699999999999363
1181 -11.370000000000308
1182 -2.6099999999999355
1183 -2.729999999999933
1184 -3.004999999999927
1185 -2.539999999999937
1186 -2.584999999999936
1187 -0.04499999999991555
1188 -2.5749999999999362
1189 -2.6499999999999346
1190 -2.539999999999937
1191 -35.72499999999979
1192 -2.6099999999999355
1193 -2.6049999999999356
1194 -3.5399999999999157
1195 -2.6049999999999356
1196 -2.5999999999999357
1197 -2.9749999999999277
1198 -2.9899999999999274
1199 -3.5999999999999144
1200 -3.0199999999999267
1201 -2.6549999999999345
1202 -35.73499999999979
1203 -2.544999999999937
1204 -35.699999999999775
1205 -2.954999999999928
1206 -2.699999999999934
1207 -2.544999999999937
1208 -0.4949999999999159
1209 -0.4799999999999603
1210 -0.06499999999991554
1211 -0.07999999999991556
1212 -2.6649999999999343
1213 -3.064999999999926
1214 -2.6499999999999346
1215 -2.6449999999999356
1216 -2.6449999999999347
1217 -2.584999999999936
1218 0.9750000000001385
1219 -3.5549999999999153
1220 -0.10499999999991558
1221 -2.959999999999928
1222 -2.6049999999999356
1223 -2.589999999999936
1224 -2.594999999999936
1225 -2.5199999999999374
1226 -3.059999999999926
1227 -2.5599999999999365
1228 -2.5749999999999362
1229 -2.4799999999999383
1230 -2.579999999999936
1231 -2.5999999999999357
1232 -2.954999999999928
1233 -2.914999999999929
1234 -2.684999999999934
1235 -2.999999999999927
1236 -0.10999999999991558
1237 -3.054999999999926
1238 -2.9399999999999284
1239 -2.9849999999999275
1240 -35.69499999999977
1241 -2.5649999999999364
1242 -2.509999999999938
1243 -35.84499999999985
1244 -2.9249999999999288
1245 -2.5699999999999363
1246 -2.6049999999999356
1247 -2.7049999999999335
1248 -3.5999999999999144
1249 -3.044999999999926
1250 -0.42499999999991583
1251 -2.6449999999999347
1252 -0.09499999999991601
1253 -2.9499999999999282
1254 -3.6399999999999135
1255 -3.6299999999999137
1256 -2.5749999999999362
1257 -2.5549999999999367
1258 -2.5599999999999365
1259 -2.5749999999999362
1260 -3.5849999999999147
1261 -3.0299999999999265
1262 -2.529999999999937
1263 -2.5649999999999364
1264 -0.1299999999999156
1265 -3.5049999999999164
1266 -2.544999999999937
1267 -2.539999999999937
1268 -3.659999999999913
1269 -3.624999999999914
1270 -3.104999999999925
1271 -0.19999999999991655
1272 -3.059999999999926
1273 -3.614999999999914
1274 -2.5249999999999373
1275 -3.014999999999927
1276 -3.064999999999926
1277 -0.06999999999992754
1278 -2.6549999999999345
1279 -2.6199999999999353
1280 -3.7249999999999117
1281 -2.909999999999929
1282 -2.9849999999999275
1283 -2.639999999999935
1284 -3.5949999999999145
1285 -2.959999999999928
1286 -2.579999999999936
1287 -3.6449999999999134
1288 -0.05499999999991555
1289 -0.05499999999991555
1290 -0.1349999999999156
1291 -2.544999999999937
1292 -2.539999999999937
1293 -3.619999999999914
1294 -2.5999999999999357
1295 -35.86499999999986
1296 -2.9399999999999284
1297 -3.614999999999914
1298 -2.6449999999999347
1299 -2.959999999999928
1300 -2.539999999999937
1301 -2.654999999999935
1302 -2.579999999999936
1303 -0.05499999999991555
1304 -2.544999999999937
1305 -3.654999999999913
1306 -3.014999999999927
1307 -2.6199999999999353
1308 -2.5049999999999377
1309 -0.10499999999991558
1310 -2.6149999999999354
1311 -2.9899999999999274
1312 -3.009999999999927
1313 -2.4799999999999383
1314 -2.629999999999935
1315 -3.0199999999999267
1316 -4.424999999999897
1317 -3.004999999999927
1318 2.550000000000091
1319 -0.04499999999991555
1320 -0.10499999999991558
1321 -2.534999999999937
1322 -2.5649999999999364
1323 -3.6799999999999127
1324 -35.779999999999816
1325 -2.5599999999999365
1326 -0.14999999999991828
1327 -2.584999999999936
1328 -2.584999999999936
1329 -3.0399999999999263
1330 -35.67999999999977
1331 -2.544999999999937
1332 -2.6199999999999353
1333 -2.5699999999999363
1334 -3.569999999999915
1335 -0.019999999999915558
1336 -30.67499999999805
1337 -2.584999999999936
1338 -3.5849999999999147
1339 -0.1399999999999156
1340 0.17000000000013693
1341 -0.0049999999999157775
1342 -3.659999999999913
1343 -3.669999999999913
1344 -2.969999999999928
1345 -0.10999999999991558
1346 -2.5499999999999368
1347 -2.684999999999934
1348 -2.629999999999935
1349 -0.059999999999915545
1350 -2.594999999999936
1351 -2.9499999999999282
1352 -3.664999999999913
1353 -2.669999999999934
1354 -2.7149999999999332
1355 -2.629999999999935
1356 -3.614999999999914
1357 -1.1299999999999135
1358 -2.5599999999999365
1359 -1.2349999999999113
1360 -2.999999999999927
1361 -1.0999999999999142
1362 -2.6899999999999338
1363 -3.009999999999927
1364 -2.614999999999936
1365 -2.6299999999999355
1366 -2.579999999999936
1367 -3.0399999999999263
1368 -35.5549999999997
1369 -2.5299999999999376
1370 -3.004999999999927
1371 -2.5699999999999363
1372 -0.08499999999991556
1373 -0.5149999999999159
1374 -0.10999999999992446
1375 -3.6949999999999124
1376 -35.66999999999976
1377 -3.0199999999999267
1378 -2.964999999999928
1379 -2.4699999999999385
1380 -2.6099999999999355
1381 -2.539999999999937
1382 -2.5149999999999375
1383 -2.594999999999936
1384 -2.579999999999936
1385 -35.84499999999985
1386 -2.5699999999999363
1387 -3.6299999999999137
1388 -3.044999999999926
1389 -3.624999999999914
1390 -2.624999999999935
1391 -2.6649999999999343
1392 -3.654999999999913
1393 -3.059999999999927
1394 -3.0149999999999273
1395 -2.559999999999937
1396 -0.5099999999999414
1397 -3.064999999999926
1398 -2.9799999999999276
1399 -11.580000000000327
1400 -2.954999999999928
1401 -3.6399999999999135
1402 -0.11999999999991559
1403 2.4150000000001084
1404 -2.6099999999999355
1405 -2.6149999999999354
1406 -2.6099999999999355
1407 -10.765000000000272
1408 -0.09999999999993556
1409 -3.609999999999914
1410 -0.05499999999991555
1411 -35.85999999999986
1412 -2.614999999999936
1413 -2.6449999999999347
1414 -1.1349999999999134
1415 -0.03499999999991556
1416 -2.6149999999999354
1417 -2.6599999999999344
1418 -2.6199999999999353
1419 -3.6399999999999135
1420 -2.6049999999999356
1421 -2.544999999999937
1422 -2.584999999999936
1423 -2.5099999999999376
1424 -2.6099999999999355
1425 -3.564999999999915
1426 -3.5999999999999144
1427 -3.664999999999913
1428 -3.564999999999915
1429 -2.9799999999999276
1430 -0.5299999999999159
1431 -3.6349999999999136
1432 -2.6549999999999345
1433 -35.91999999999989
1434 -3.0349999999999264
1435 2.490000000000107
1436 -3.674999999999913
1437 -2.5549999999999367
1438 -2.6549999999999345
1439 -0.5249999999999605
1440 -2.534999999999937
1441 -2.5499999999999368
1442 -2.6199999999999353
1443 -2.5599999999999365
1444 -2.5649999999999364
1445 -2.5999999999999357
1446 -2.5749999999999362
1447 -0.43999999999991585
1448 -0.4799999999999159
1449 -3.5949999999999145
1450 -0.5399999999999159
1451 -3.0349999999999264
1452 -2.544999999999937
1453 -2.544999999999937
1454 -0.4699999999999434
1455 -2.674999999999934
1456 -3.719999999999912
1457 -2.6149999999999354
1458 -0.3899999999999158
1459 -3.004999999999927
1460 -2.9349999999999286
1461 -2.5999999999999357
1462 -2.6249999999999356
1463 -2.5549999999999367
1464 -3.6899999999999125
1465 -0.45499999999991586
1466 -2.9499999999999282
1467 -0.07499999999991555
1468 -3.0849999999999254
1469 -16.34000000000129
1470 -3.064999999999926
1471 -2.534999999999937
1472 -3.659999999999913
1473 -3.674999999999913
1474 -2.544999999999937
1475 -2.534999999999937
1476 -0.10999999999993734
1477 -2.6649999999999343
1478 -2.5499999999999368
1479 -2.5099999999999376
1480 -3.659999999999913
1481 2.470000000000107
1482 -35.71499999999978
1483 -2.6899999999999338
1484 -2.5699999999999363
1485 -2.8849999999999296
1486 -3.6049999999999143
1487 -5.959999999999811
1488 -3.5949999999999145
1489 -0.4699999999999159
1490 -0.08999999999991556
1491 -2.579999999999936
1492 -35.874999999999865
1493 -35.699999999999775
1494 -2.5249999999999373
1495 -2.6049999999999356
1496 -2.634999999999935
1497 -0.06499999999991554
1498 -2.5699999999999363
1499 -2.6099999999999355
1500 2.005000000000117
1501 -2.589999999999936
1502 -17.860000000000635
1503 -2.999999999999927
1504 -2.639999999999935
1505 -3.619999999999914
1506 -0.07999999999993021
1507 -3.004999999999927
1508 -2.5749999999999362
1509 -3.634999999999914
1510 -0.07499999999991555
1511 -2.6099999999999355
1512 -0.21499999999991568
1513 -2.5749999999999362
1514 -3.0699999999999257
1515 -1.199999999999912
1516 -2.639999999999935
1517 0.020000000000084447
1518 -2.969999999999928
1519 -2.6449999999999347
1520 -2.604999999999936
1521 -35.89999999999988
1522 -0.1249999999999156
1523 -3.6799999999999127
1524 -2.9349999999999286
1525 -35.68499999999977
1526 -2.529999999999937
1527 -2.529999999999937
1528 -3.014999999999927
1529 -3.0749999999999256
1530 -2.5699999999999363
1531 -2.634999999999935
1532 -2.934999999999929
1533 -3.5849999999999147
1534 -2.6599999999999344
1535 -2.624999999999935
1536 -35.814999999999834
1537 -3.524999999999916
1538 -2.544999999999937
1539 -2.629999999999935
1540 -2.639999999999935
1541 -2.624999999999935
1542 -2.9449999999999283
1543 -2.6999999999999336
1544 -2.584999999999936
1545 -1.5449999999999047
1546 -0.07999999999992444
1547 -2.5699999999999363
1548 -2.534999999999937
1549 -3.004999999999927
1550 -3.669999999999913
1551 -3.654999999999913
1552 -2.594999999999936
1553 -35.70499999999978
1554 -2.5599999999999365
1555 -2.9799999999999276
1556 -30.654999999998047
1557 -2.594999999999936
1558 -2.6049999999999356
1559 -2.5699999999999363
1560 -2.5199999999999374
1561 -2.594999999999936
1562 -3.009999999999927
1563 -3.6349999999999136
1564 -3.6349999999999136
1565 -2.5499999999999368
1566 -3.624999999999914
1567 -2.539999999999937
1568 -0.4699999999999159
1569 -4.494999999999896
1570 -3.014999999999927
1571 -2.639999999999935
1572 -2.914999999999929
1573 -3.609999999999914
1574 -2.584999999999936
1575 -2.529999999999937
1576 -2.629999999999935
1577 -3.5999999999999144
1578 -2.964999999999928
1579 -3.569999999999915
1580 -28.724999999998555
1581 -0.05999999999995196
1582 -2.6149999999999354
1583 -2.4799999999999387
1584 -2.584999999999936
1585 -2.549999999999937
1586 -3.6449999999999134
1587 -3.004999999999927
1588 -2.9949999999999273
1589 -3.6399999999999135
1590 -35.61499999999973
1591 -3.574999999999915
1592 -2.6199999999999353
1593 -3.0199999999999267
1594 2.410000000000097
1595 -0.06499999999991554
1596 -0.11999999999991648
1597 -2.5199999999999374
1598 -2.594999999999936
1599 -2.539999999999937
1600 -2.534999999999937
1601 -2.5749999999999362
1602 -2.579999999999936
1603 -3.6949999999999124
1604 -2.5699999999999363
1605 -0.4849999999999159
1606 -3.009999999999927
1607 -0.09499999999994654
1608 -2.5649999999999364
1609 -2.6099999999999355
1610 -35.759999999999806
1611 -35.70999999999978
1612 -2.6099999999999355
1613 -2.909999999999929
1614 -0.10499999999991602
1615 -1.1149999999999138
1616 -0.16999999999992274
1617 -2.624999999999935
1618 -2.959999999999928
1619 -2.534999999999937
1620 -2.624999999999935
1621 -2.6599999999999344
1622 -3.6449999999999134
1623 -3.044999999999926
1624 -2.5999999999999357
1625 -2.6449999999999347
1626 2.4200000000001083
1627 -0.43999999999991585
1628 2.425000000000108
1629 -0.5399999999999159
1630 -15.505000000000987
1631 -2.5499999999999368
1632 -2.5599999999999374
1633 -35.50999999999968
1634 -2.5999999999999357
1635 -2.539999999999937
1636 -33.44499999999857
1637 -2.969999999999928
1638 -33.06999999999838
1639 -0.4699999999999159
1640 -1.0849999999999145
1641 -2.579999999999936
1642 -2.589999999999936
1643 -0.44999999999991586
1644 -3.6299999999999137
1645 -2.5699999999999363
1646 -2.499999999999938
1647 -2.9949999999999273
1648 -0.029999999999939873
1649 -0.04999999999991555
1650 -0.10999999999991558
1651 -2.9299999999999287
1652 -3.5949999999999145
1653 -0.1449999999999156
1654 -3.654999999999913
1655 -2.5599999999999374
1656 -2.9499999999999282
1657 -2.584999999999936
1658 -2.6749999999999345
1659 -2.5699999999999363
1660 -2.5549999999999367
1661 -2.5749999999999362
1662 -2.9849999999999275
1663 -0.06999999999991555
1664 -3.6049999999999143
1665 -35.84499999999985
1666 -2.5699999999999363
1667 -3.614999999999914
1668 2.010000000000117
1669 -3.569999999999915
1670 -2.579999999999936
1671 -2.579999999999936
1672 -2.9499999999999282
1673 -3.664999999999913
1674 -2.6149999999999354
1675 -0.06999999999991555
1676 2.4100000000001085
1677 -3.574999999999915
1678 -2.6049999999999356
1679 -0.47499999999995096
1680 -35.774999999999814
1681 -2.624999999999935
1682 -2.6649999999999343
1683 -2.624999999999935
1684 -2.999999999999927
1685 -0.02999999999991556
1686 -2.964999999999928
1687 -2.639999999999935
1688 -2.9799999999999276
1689 -2.489999999999938
1690 -3.609999999999914
1691 -2.5749999999999362
1692 -2.9449999999999283
1693 -3.5899999999999146
1694 -2.9499999999999282
1695 -2.5749999999999362
1696 2.015000000000117
1697 -0.11499999999992491
1698 -2.579999999999936
1699 -3.6499999999999133
1700 -2.9799999999999276
1701 -3.664999999999913
1702 -2.5249999999999373
1703 -0.44499999999991585
1704 -2.6099999999999355
1705 -2.624999999999935
1706 -35.90999999999988
1707 -12.550000000000532
1708 -2.5149999999999375
1709 -0.09499999999991557
1710 -3.6349999999999136
1711 -1.1249999999999136
1712 -0.059999999999930644
1713 -2.5049999999999377
1714 -35.81999999999984
1715 -3.619999999999914
1716 -36.00499999999993
1717 -2.5649999999999364
1718 -2.5199999999999374
1719 -2.629999999999935
1720 -3.624999999999914
1721 -2.919999999999929
1722 -3.619999999999914
1723 -35.82499999999984
1724 -3.0199999999999267
1725 -2.6149999999999354
1726 -3.624999999999914
1727 4.969999999999909
1728 -2.6449999999999347
1729 2.3100000000001106
1730 -3.579999999999915
1731 -2.5649999999999364
1732 -2.5549999999999367
1733 -2.584999999999936
1734 -2.5599999999999365
1735 -2.624999999999935
1736 -2.5549999999999367
1737 -3.044999999999926
1738 -2.954999999999928
1739 -2.969999999999928
1740 -2.5699999999999363
1741 -3.059999999999926
1742 -1.1149999999999138
1743 -35.794999999999824
1744 -0.08999999999991556
1745 -35.84999999999985
1746 -3.0349999999999264
1747 -0.11499999999991559
1748 -2.489999999999938
1749 -2.5499999999999368
1750 -0.5299999999999159
1751 -3.0799999999999255
1752 -2.544999999999937
1753 -0.5299999999999159
1754 -35.70999999999978
1755 -2.5499999999999368
1756 -2.6049999999999356
1757 -2.579999999999936
1758 -2.5999999999999357
1759 -2.5549999999999367
1760 -2.954999999999928
1761 -3.0299999999999265
1762 -3.6349999999999136
1763 -0.08499999999995542
1764 -2.634999999999935
1765 -3.614999999999914
1766 -2.5999999999999357
1767 -35.874999999999865
1768 -2.964999999999928
1769 -2.594999999999936
1770 -2.5149999999999375
1771 -3.0199999999999267
1772 -0.07499999999991555
1773 -3.0749999999999256
1774 -2.6199999999999353
1775 -0.09999999999991557
1776 -2.5699999999999363
1777 -2.539999999999937
1778 -0.05499999999991555
1779 -2.494999999999938
1780 -2.5749999999999362
1781 -2.9949999999999273
1782 -3.064999999999926
1783 -2.594999999999936
1784 -0.059999999999915545
1785 -2.684999999999934
1786 4.99999999999977
1787 -2.6449999999999347
1788 -2.9749999999999277
1789 -2.5699999999999363
1790 -2.529999999999937
1791 -2.5699999999999363
1792 -35.85999999999986
1793 -3.529999999999916
1794 -2.5649999999999364
1795 -2.5599999999999365
1796 -0.05499999999995363
1797 7.414999999999344
1798 -2.529999999999937
1799 -3.614999999999914
1800 -2.9749999999999277
1801 -2.6199999999999353
1802 -3.044999999999926
1803 -35.9399999999999
1804 -0.5199999999999159
1805 -0.46499999999991587
1806 -3.0399999999999263
1807 -0.07999999999991556
1808 -3.529999999999916
1809 -2.6449999999999347
1810 -2.589999999999936
1811 -2.579999999999936
1812 -2.589999999999936
1813 -2.9299999999999287
1814 -2.6049999999999356
1815 -0.5099999999999159
1816 -2.5499999999999368
1817 -2.5599999999999365
1818 -3.674999999999913
1819 -0.45999999999991587
1820 -0.5449999999999163
1821 -1.1349999999999523
1822 -3.609999999999914
1823 -2.999999999999927
1824 -2.6299999999999355
1825 -2.6499999999999346
1826 -2.909999999999929
1827 -35.80499999999983
1828 -2.639999999999935
1829 -2.684999999999934
1830 -2.6549999999999345
1831 -2.584999999999936
1832 -3.6999999999999122
1833 -2.529999999999937
1834 -3.5949999999999145
1835 -2.544999999999937
1836 -3.0249999999999266
1837 -3.659999999999913
1838 -3.5599999999999152
1839 -2.544999999999937
1840 -3.0399999999999263
1841 -2.5799999999999366
1842 -3.0199999999999267
1843 -3.5999999999999144
1844 0.1450000000001378
1845 -2.5249999999999373
1846 -3.6449999999999134
1847 -3.0699999999999257
1848 -35.66999999999976
1849 -3.654999999999913
1850 -3.3149999999999205
1851 -0.09999999999991557
1852 -0.5249999999999159
1853 -0.09999999999991557
1854 -6.519999999999853
1855 -35.84499999999985
1856 -35.70999999999978
1857 -2.624999999999935
1858 -2.5499999999999368
1859 -2.6049999999999356
1860 -3.6449999999999134
1861 -2.5999999999999357
1862 -2.9949999999999273
1863 -3.609999999999914
1864 -2.594999999999936
1865 -0.15999999999991651
1866 -2.624999999999935
1867 -2.6099999999999355
1868 -3.564999999999915
1869 -3.619999999999914
1870 -2.5649999999999364
1871 -2.9449999999999283
1872 -2.5999999999999357
1873 -2.6449999999999347
1874 -2.544999999999937
1875 -1.1149999999999138
1876 -35.7449999999998
1877 -2.904999999999929
1878 -2.5249999999999373
1879 -0.15499999999991562
1880 -0.3849999999999158
1881 -2.584999999999936
1882 -2.9799999999999276
1883 -2.5499999999999368
1884 -2.724999999999933
1885 -2.6199999999999353
1886 -3.0399999999999263
1887 -2.5699999999999363
1888 -35.72499999999979
1889 -3.6349999999999136
1890 -2.584999999999936
1891 -2.999999999999927
1892 -2.589999999999936
1893 -2.5599999999999365
1894 -2.9749999999999277
1895 -2.909999999999929
1896 -2.6899999999999338
1897 -2.5999999999999357
1898 -2.6099999999999355
1899 -3.6399999999999135
1900 -2.909999999999929
1901 -2.5549999999999367
1902 -2.6499999999999346
1903 -3.6049999999999143
1904 -2.999999999999927
1905 -0.1499999999999568
1906 -2.6049999999999356
1907 -0.10999999999991558
1908 -2.5999999999999357
1909 -2.5499999999999368
1910 -3.624999999999914
1911 -0.10999999999991558
1912 -3.009999999999927
1913 -10.460000000000205
1914 0.005000000000084445
1915 -3.5899999999999146
1916 -35.57499999999971
1917 -0.04999999999991555
1918 -3.5499999999999154
1919 -0.039999999999915554
1920 -35.679999999999765
1921 -2.6249999999999356
1922 -2.669999999999934
1923 -2.6049999999999356
1924 -2.5649999999999364
1925 -2.594999999999936
1926 -0.10999999999991558
1927 -2.6449999999999347
1928 -2.589999999999936
1929 -2.9349999999999286
1930 -0.11499999999991603
1931 2.4500000000001076
1932 -2.5549999999999367
1933 -2.5499999999999368
1934 -2.5049999999999377
1935 -0.4799999999999159
1936 -2.5699999999999363
1937 -33.41499999999856
1938 -2.5549999999999367
1939 -2.6599999999999344
1940 -0.1399999999999156
1941 -3.004999999999927
1942 -2.5799999999999366
1943 -2.5499999999999368
1944 -2.5649999999999364
1945 -3.674999999999913
1946 -2.494999999999938
1947 -0.15499999999991562
1948 -2.9349999999998544
1949 -2.584999999999936
1950 -2.5749999999999362
1951 -2.6999999999999336
1952 -2.5999999999999357
1953 2.470000000000107
1954 -2.599999999999936
1955 -2.634999999999935
1956 -0.09999999999991557
1957 -2.9399999999999284
1958 -0.04999999999991555
1959 -3.6849999999999126
1960 -3.659999999999913
1961 -2.5599999999999365
1962 -3.6299999999999137
1963 -3.6799999999999127
1964 -0.5449999999999159
1965 -3.004999999999927
1966 -2.639999999999935
1967 -3.6349999999999136
1968 -2.9449999999999283
1969 -2.6049999999999356
1970 -2.9949999999999273
1971 -2.5749999999999362
1972 -2.5099999999999376
1973 -2.999999999999927
1974 -2.644999999999935
1975 -2.484999999999938
1976 -3.0249999999999266
1977 -2.674999999999934
1978 -2.634999999999935
1979 -2.9899999999999274
1980 -2.594999999999936
1981 -11.83000000000042
1982 -2.9799999999999276
1983 -2.629999999999935
1984 -2.999999999999927
1985 -0.11999999999991559
1986 -3.014999999999927
1987 -2.999999999999927
1988 -3.0349999999999264
1989 -2.6049999999999356
1990 -35.59499999999972
1991 -2.5699999999999363
1992 -2.534999999999937
1993 -2.919999999999929
1994 -2.6199999999999353
1995 -2.5549999999999367
1996 -3.654999999999913
1997 -2.5449999999999373
1998 -3.714999999999912
1999 -3.0249999999999266
5742.56346988678
