0 -7.604999999999873
1 -7.74999999999987
2 -7.589999999999874
3 -7.7399999999998705
4 -7.74999999999987
5 -7.609999999999873
6 -7.619999999999873
7 -7.719999999999871
8 -5.129999999999873
9 -7.74999999999987
10 -7.819999999999869
11 -5.199999999999871
12 -7.6499999999998725
13 -7.479999999999876
14 -7.7399999999998705
15 -7.7399999999998705
16 -7.659999999999872
17 -7.719999999999871
18 -7.569999999999874
19 -7.714999999999871
20 -7.589999999999874
21 -7.74999999999987
22 -7.669999999999872
23 -7.624999999999873
24 -7.75999999999987
25 -7.75499999999987
26 -7.539999999999875
27 -7.829999999999869
28 -7.729999999999871
29 -7.509999999999875
30 -7.589999999999874
31 -7.619999999999873
32 -7.634999999999873
33 -7.689999999999872
34 -7.729999999999871
35 -7.619999999999873
36 -7.719999999999871
37 -7.709999999999871
38 -5.169999999999872
39 -7.729999999999871
40 -7.604999999999873
41 -7.639999999999873
42 -5.199999999999871
43 -7.669999999999872
44 -7.509999999999875
45 -7.579999999999874
46 -7.489999999999876
47 -7.5999999999998735
48 -7.5999999999998735
49 -7.75999999999987
50 -7.559999999999874
51 -7.719999999999871
52 -7.579999999999874
53 -7.699999999999871
54 -7.77999999999987
55 -7.619999999999873
56 -7.7399999999998705
57 -7.6499999999998725
58 -7.489999999999876
59 -7.799999999999869
60 -7.74999999999987
61 -7.659999999999872
62 -7.659999999999872
63 -7.609999999999873
64 -7.629999999999873
65 -7.689999999999872
66 -7.7899999999998695
67 -7.569999999999874
68 -7.699999999999871
69 -7.849999999999868
70 -7.569999999999874
71 -7.74999999999987
72 -7.809999999999869
73 -7.559999999999874
74 -7.549999999999875
75 -7.689999999999872
76 -7.6499999999998725
77 -7.664999999999872
78 -7.699999999999871
79 -7.564999999999874
80 -7.849999999999868
81 -5.209999999999871
82 -7.489999999999876
83 -7.809999999999869
84 -7.77499999999987
85 -7.709999999999871
86 -7.559999999999874
87 -7.619999999999873
88 -7.5999999999998735
89 -7.619999999999873
90 -5.209999999999871
91 -7.559999999999874
92 -7.629999999999873
93 -7.659999999999872
94 -7.659999999999872
95 -5.1499999999998725
96 -7.7899999999998695
97 -7.639999999999873
98 -7.74999999999987
99 -7.679999999999872
100 -7.74999999999987
101 -7.699999999999871
102 -7.589999999999874
103 -7.729999999999871
104 -7.74999999999987
105 -7.74999999999987
106 -7.709999999999871
107 -7.549999999999875
108 -7.539999999999875
109 -7.77999999999987
110 -7.674999999999872
111 -7.609999999999873
112 -7.669999999999872
113 -7.77999999999987
114 -7.689999999999872
115 -7.5999999999998735
116 -5.26999999999987
117 -7.819999999999869
118 -7.719999999999871
119 -5.064999999999874
120 -7.76999999999987
121 -5.129999999999873
122 -7.619999999999873
123 -7.569999999999874
124 -7.629999999999873
125 -7.814999999999869
126 -7.74999999999987
127 -7.729999999999871
128 -7.609999999999873
129 -7.619999999999873
130 -7.689999999999872
131 -7.579999999999874
132 -7.729999999999871
133 -7.669999999999872
134 -7.6499999999998725
135 -7.709999999999871
136 -7.619999999999873
137 -7.579999999999874
138 -7.639999999999873
139 -7.509999999999875
140 -7.499999999999876
141 -7.6499999999998725
142 -7.689999999999872
143 -7.669999999999872
144 -7.574999999999874
145 -7.659999999999872
146 -7.684999999999872
147 -7.74999999999987
148 -7.664999999999872
149 -7.639999999999873
150 -7.659999999999872
151 -7.639999999999873
152 -7.799999999999869
153 -7.709999999999871
154 -7.77999999999987
155 -7.689999999999872
156 -7.609999999999873
157 -7.589999999999874
158 -7.579999999999874
159 -7.679999999999872
160 -7.559999999999874
161 -7.77999999999987
162 -7.5049999999998755
163 -7.559999999999874
164 -7.409999999999878
165 -7.699999999999871
166 -7.7399999999998705
167 -7.659999999999872
168 -7.629999999999873
169 -7.559999999999874
170 -7.639999999999873
171 -7.809999999999869
172 -7.579999999999874
173 -7.634999999999873
174 -7.77499999999987
175 -7.679999999999872
176 -7.689999999999872
177 -7.699999999999871
178 -7.704999999999871
179 -7.729999999999871
180 -7.539999999999875
181 -7.509999999999875
182 -7.799999999999869
183 -7.7399999999998705
184 -7.579999999999874
185 -7.6499999999998725
186 -7.629999999999873
187 -7.519999999999875
188 -7.679999999999872
189 -7.639999999999873
190 -7.839999999999868
191 -7.669999999999872
192 -7.549999999999875
193 -7.76999999999987
194 -7.619999999999873
195 -7.569999999999874
196 -7.689999999999872
197 -7.669999999999872
198 -7.719999999999871
199 -7.619999999999873
200 -7.839999999999868
201 -7.6499999999998725
202 -7.609999999999873
203 -7.659999999999872
204 -7.559999999999874
205 -5.26999999999987
206 -5.3349999999998685
207 -7.619999999999873
208 -7.609999999999873
209 -7.669999999999872
210 -7.569999999999874
211 -7.6499999999998725
212 -7.569999999999874
213 -7.849999999999868
214 -7.559999999999874
215 -7.579999999999874
216 -7.589999999999874
217 -7.589999999999874
218 -7.639999999999873
219 -7.729999999999871
220 -7.629999999999873
221 -7.659999999999872
222 -7.709999999999871
223 -7.609999999999873
224 -7.609999999999873
225 -7.74999999999987
226 -7.549999999999875
227 -7.579999999999874
228 -7.6499999999998725
229 -7.589999999999874
230 -7.534999999999875
231 -7.589999999999874
232 -7.469999999999876
233 -7.5999999999998735
234 -7.5999999999998735
235 -7.519999999999875
236 -7.699999999999871
237 -7.589999999999874
238 -7.799999999999869
239 -7.669999999999872
240 -7.559999999999874
241 -7.74999999999987
242 -7.734999999999871
243 -7.639999999999873
244 -7.609999999999873
245 -5.119999999999873
246 -7.579999999999874
247 -5.1499999999998725
248 -7.669999999999872
249 -7.664999999999872
250 -7.6949999999998715
251 -5.229999999999871
252 -5.204999999999871
253 -7.709999999999871
254 -7.829999999999869
255 -7.609999999999873
256 -7.629999999999873
257 -7.75999999999987
258 -7.699999999999871
259 -7.6499999999998725
260 -7.8799999999998676
261 -7.709999999999871
262 -7.859999999999868
263 -7.689999999999872
264 -7.664999999999872
265 -7.74499999999987
266 -7.679999999999872
267 -7.659999999999872
268 -7.594999999999874
269 -7.75999999999987
270 -7.669999999999872
271 -7.629999999999873
272 -7.619999999999873
273 -7.939999999999866
274 -7.719999999999871
275 -7.719999999999871
276 -7.629999999999873
277 -7.609999999999873
278 -7.719999999999871
279 -7.729999999999871
280 -7.709999999999871
281 -7.719999999999871
282 -7.74999999999987
283 -7.699999999999871
284 -7.609999999999873
285 -7.809999999999869
286 -7.659999999999872
287 -7.629999999999873
288 -7.689999999999872
289 -7.729999999999871
290 -7.5999999999998735
291 -7.679999999999872
292 -7.679999999999872
293 -7.679999999999872
294 -7.629999999999873
295 -7.7899999999998695
296 -7.709999999999871
297 -7.559999999999874
298 -5.199999999999871
299 -7.679999999999872
300 -7.5999999999998735
301 -7.579999999999874
302 -7.5999999999998735
303 -7.699999999999871
304 -7.709999999999871
305 -7.5999999999998735
306 -7.729999999999871
307 -7.619999999999873
308 -7.74999999999987
309 -2.784999999999869
310 -7.609999999999873
311 -7.719999999999871
312 -7.799999999999869
313 -7.719999999999871
314 -7.709999999999871
315 -7.76999999999987
316 -7.589999999999874
317 -7.659999999999872
318 -7.659999999999872
319 -7.719999999999871
320 -7.77499999999987
321 -7.714999999999871
322 -7.6949999999998715
323 -7.6499999999998725
324 -7.659999999999872
325 -7.5999999999998735
326 -7.6499999999998725
327 -7.719999999999871
328 -7.809999999999869
329 -7.629999999999873
330 -7.629999999999873
331 -7.609999999999873
332 -7.609999999999873
333 -7.6499999999998725
334 -7.579999999999874
335 -7.5999999999998735
336 -7.509999999999875
337 -7.809999999999869
338 -7.669999999999872
339 -7.639999999999873
340 -7.669999999999872
341 -5.2399999999998705
342 -5.109999999999873
343 -7.669999999999872
344 -7.75999999999987
345 -7.629999999999873
346 -7.76999999999987
347 -7.799999999999869
348 -7.539999999999875
349 -7.699999999999871
350 -7.679999999999872
351 -7.479999999999876
352 -7.624999999999873
353 -7.729999999999871
354 -7.699999999999871
355 -7.619999999999873
356 -7.689999999999872
357 -7.839999999999868
358 -7.669999999999872
359 -7.619999999999873
360 -7.75999999999987
361 -7.629999999999873
362 -5.209999999999871
363 -7.579999999999874
364 -7.689999999999872
365 -5.059999999999874
366 -7.74999999999987
367 -7.829999999999869
368 -7.669999999999872
369 -7.509999999999875
370 -7.684999999999872
371 -7.594999999999874
372 -7.709999999999871
373 -7.589999999999874
374 -7.679999999999872
375 -7.639999999999873
376 -7.589999999999874
377 -7.629999999999873
378 -7.499999999999876
379 -7.839999999999868
380 -7.699999999999871
381 -7.479999999999876
382 -7.509999999999875
383 -7.569999999999874
384 -7.634999999999873
385 -7.619999999999873
386 -7.539999999999875
387 -7.709999999999871
388 -7.639999999999873
389 -7.639999999999873
390 -7.569999999999874
391 -7.689999999999872
392 -7.669999999999872
393 -7.709999999999871
394 -7.539999999999875
395 -7.609999999999873
396 -7.74999999999987
397 -7.939999999999866
398 -7.479999999999876
399 -7.709999999999871
400 -7.659999999999872
401 -7.689999999999872
402 -7.624999999999873
403 -7.669999999999872
404 -7.679999999999872
405 -7.639999999999873
406 -7.589999999999874
407 -7.729999999999871
408 -7.659999999999872
409 -7.659999999999872
410 -7.4599999999998765
411 -7.579999999999874
412 -7.679999999999872
413 -7.684999999999872
414 -7.75999999999987
415 -7.709999999999871
416 -7.639999999999873
417 -7.509999999999875
418 -7.659999999999872
419 -7.729999999999871
420 -7.7399999999998705
421 -7.609999999999873
422 -7.729999999999871
423 -7.619999999999873
424 -7.709999999999871
425 -7.579999999999874
426 -7.629999999999873
427 -7.719999999999871
428 -2.789999999999869
429 -7.589999999999874
430 -7.76999999999987
431 -7.799999999999869
432 -7.589999999999874
433 -7.669999999999872
434 -7.534999999999875
435 -7.619999999999873
436 -7.569999999999874
437 -7.669999999999872
438 -7.629999999999873
439 -7.634999999999873
440 -7.819999999999869
441 -7.629999999999873
442 -7.609999999999873
443 -7.6499999999998725
444 -7.679999999999872
445 -7.77999999999987
446 -7.619999999999873
447 -7.809999999999869
448 -7.5999999999998735
449 -7.799999999999869
450 -7.699999999999871
451 -7.569999999999874
452 -7.6499999999998725
453 -7.719999999999871
454 -7.659999999999872
455 -7.659999999999872
456 -7.609999999999873
457 -7.7399999999998705
458 -7.669999999999872
459 -7.77999999999987
460 -7.75999999999987
461 -7.619999999999873
462 -7.794999999999869
463 -7.609999999999873
464 -7.76499999999987
465 -7.604999999999873
466 -7.659999999999872
467 -7.629999999999873
468 -7.559999999999874
469 -7.499999999999876
470 -7.529999999999875
471 -7.629999999999873
472 -7.729999999999871
473 -7.799999999999869
474 -7.679999999999872
475 -5.039999999999875
476 -7.689999999999872
477 -7.729999999999871
478 -7.679999999999872
479 -7.699999999999871
480 -7.679999999999872
481 -7.76999999999987
482 -7.639999999999873
483 -7.839999999999868
484 -7.629999999999873
485 -7.679999999999872
486 -7.659999999999872
487 -7.839999999999868
488 -7.689999999999872
489 -7.699999999999871
490 -7.689999999999872
491 -7.75999999999987
492 -7.5999999999998735
493 -7.509999999999875
494 -7.689999999999872
495 -7.519999999999875
496 -7.614999999999873
497 -7.569999999999874
498 -7.77999999999987
499 -7.639999999999873
500 -7.74999999999987
501 -7.634999999999873
502 -7.729999999999871
503 -7.799999999999869
504 -7.699999999999871
505 -7.719999999999871
506 -7.74999999999987
507 -7.899999999999867
508 -7.509999999999875
509 -7.569999999999874
510 -7.619999999999873
511 -7.729999999999871
512 -7.629999999999873
513 -7.609999999999873
514 -7.7399999999998705
515 -7.829999999999869
516 -7.689999999999872
517 -7.639999999999873
518 -7.74999999999987
519 -7.664999999999872
520 -7.719999999999871
521 -7.76999999999987
522 -7.76999999999987
523 -7.529999999999875
524 -7.7399999999998705
525 -7.689999999999872
526 -7.564999999999874
527 -7.719999999999871
528 -7.5999999999998735
529 -7.689999999999872
530 -7.529999999999875
531 -7.729999999999871
532 -7.75999999999987
533 -7.539999999999875
534 -7.539999999999875
535 -5.2899999999998695
536 -7.75999999999987
537 -7.839999999999868
538 -7.539999999999875
539 -7.719999999999871
540 -7.624999999999873
541 -7.609999999999873
542 -7.6949999999998715
543 -7.559999999999874
544 -7.559999999999874
545 -7.634999999999873
546 -7.5999999999998735
547 -7.819999999999869
548 -7.639999999999873
549 -7.659999999999872
550 -7.714999999999871
551 -5.24499999999987
552 -7.619999999999873
553 -7.609999999999873
554 -7.799999999999869
555 -7.704999999999871
556 -7.719999999999871
557 -7.719999999999871
558 -7.559999999999874
559 -7.639999999999873
560 -7.899999999999867
561 -7.869999999999868
562 -7.629999999999873
563 -7.5999999999998735
564 -7.469999999999876
565 -7.709999999999871
566 -7.689999999999872
567 -7.689999999999872
568 -7.5999999999998735
569 -7.589999999999874
570 -7.639999999999873
571 -7.699999999999871
572 -7.6499999999998725
573 -7.629999999999873
574 -7.609999999999873
575 -7.539999999999875
576 -7.719999999999871
577 -7.659999999999872
578 -7.7899999999998695
579 -7.559999999999874
580 -7.709999999999871
581 -7.75999999999987
582 -7.5999999999998735
583 -7.639999999999873
584 -5.189999999999872
585 -7.7399999999998705
586 -7.619999999999873
587 -7.679999999999872
588 -7.729999999999871
589 -7.679999999999872
590 -7.609999999999873
591 -7.77999999999987
592 -7.579999999999874
593 -7.839999999999868
594 -7.75999999999987
595 -7.539999999999875
596 -7.6499999999998725
597 -7.804999999999869
598 -7.669999999999872
599 -7.77999999999987
600 -7.639999999999873
601 -7.75999999999987
602 -7.589999999999874
603 -7.559999999999874
604 -5.039999999999875
605 -5.044999999999875
606 -7.719999999999871
607 -7.679999999999872
608 -7.629999999999873
609 -7.619999999999873
610 -7.659999999999872
611 -5.219999999999871
612 -7.76999999999987
613 -7.76999999999987
614 -7.7899999999998695
615 -5.0999999999998735
616 -7.809999999999869
617 -7.669999999999872
618 -7.7899999999998695
619 -5.26999999999987
620 -7.619999999999873
621 -7.669999999999872
622 -7.629999999999873
623 -7.569999999999874
624 -7.679999999999872
625 -7.819999999999869
626 -7.74999999999987
627 -7.6499999999998725
628 -7.569999999999874
629 -5.109999999999873
630 -7.679999999999872
631 -7.709999999999871
632 -7.77999999999987
633 -7.6499999999998725
634 -7.719999999999871
635 -7.6499999999998725
636 -7.619999999999873
637 -7.539999999999875
638 -7.819999999999869
639 -7.719999999999871
640 -7.77999999999987
641 -7.664999999999872
642 -7.559999999999874
643 -7.679999999999872
644 -7.75499999999987
645 -7.579999999999874
646 -7.619999999999873
647 -7.74999999999987
648 -7.799999999999869
649 -7.659999999999872
650 -7.679999999999872
651 -7.544999999999875
652 -7.639999999999873
653 -7.659999999999872
654 -7.719999999999871
655 -7.579999999999874
656 -7.819999999999869
657 -7.6499999999998725
658 -7.5999999999998735
659 -7.5999999999998735
660 -7.589999999999874
661 -5.1499999999998725
662 -7.629999999999873
663 -7.679999999999872
664 -7.6499999999998725
665 -7.569999999999874
666 -7.709999999999871
667 -7.809999999999869
668 -7.6499999999998725
669 -7.6499999999998725
670 -7.519999999999875
671 -7.74999999999987
672 -7.799999999999869
673 -7.729999999999871
674 -7.6499999999998725
675 -7.569999999999874
676 -5.119999999999873
677 -7.829999999999869
678 -7.669999999999872
679 -7.589999999999874
680 -7.839999999999868
681 -7.719999999999871
682 -7.7399999999998705
683 -7.729999999999871
684 -7.629999999999873
685 -7.6499999999998725
686 -7.639999999999873
687 -7.809999999999869
688 -7.75999999999987
689 -7.689999999999872
690 -7.719999999999871
691 -7.5999999999998735
692 -7.629999999999873
693 -7.659999999999872
694 -7.76999999999987
695 -7.699999999999871
696 -7.4599999999998765
697 -7.609999999999873
698 -7.689999999999872
699 -7.679999999999872
700 -7.644999999999873
701 -7.669999999999872
702 -7.679999999999872
703 -7.5999999999998735
704 -7.77999999999987
705 -7.679999999999872
706 -7.819999999999869
707 -7.719999999999871
708 -7.839999999999868
709 -7.709999999999871
710 -7.7399999999998705
711 -7.709999999999871
712 -7.74999999999987
713 -7.6949999999998715
714 -7.589999999999874
715 -7.74999999999987
716 -7.729999999999871
717 -7.819999999999869
718 -7.719999999999871
719 -7.5999999999998735
720 -7.669999999999872
721 -7.5999999999998735
722 -7.629999999999873
723 -7.659999999999872
724 -7.639999999999873
725 -7.809999999999869
726 -7.709999999999871
727 -7.609999999999873
728 -7.499999999999876
729 -7.709999999999871
730 -7.579999999999874
731 -7.7399999999998705
732 -7.6499999999998725
733 -7.629999999999873
734 -7.619999999999873
735 -7.5999999999998735
736 -7.7899999999998695
737 -7.609999999999873
738 -7.659999999999872
739 -7.699999999999871
740 -7.639999999999873
741 -7.809999999999869
742 -7.564999999999874
743 -7.5999999999998735
744 -7.75999999999987
745 -7.659999999999872
746 -7.609999999999873
747 -7.76999999999987
748 -7.559999999999874
749 -7.704999999999871
750 -7.75999999999987
751 -7.559999999999874
752 -7.729999999999871
753 -7.74999999999987
754 -7.569999999999874
755 -7.839999999999868
756 -7.379999999999878
757 -7.469999999999876
758 -7.709999999999871
759 -7.679999999999872
760 -7.76999999999987
761 -7.679999999999872
762 -7.5999999999998735
763 -7.689999999999872
764 -7.669999999999872
765 -7.814999999999869
766 -7.489999999999876
767 -7.549999999999875
768 -7.689999999999872
769 -7.579999999999874
770 -7.669999999999872
771 -7.809999999999869
772 -7.6499999999998725
773 -7.6499999999998725
774 -7.589999999999874
775 -7.549999999999875
776 -7.589999999999874
777 -7.574999999999874
778 -5.1949999999998715
779 -7.679999999999872
780 -7.5999999999998735
781 -7.679999999999872
782 -7.679999999999872
783 -7.629999999999873
784 -7.689999999999872
785 -7.5999999999998735
786 -7.75499999999987
787 -7.859999999999868
788 -7.639999999999873
789 -7.709999999999871
790 -7.719999999999871
791 -7.699999999999871
792 -7.809999999999869
793 -7.609999999999873
794 -7.589999999999874
795 -7.559999999999874
796 -7.669999999999872
797 -7.629999999999873
798 -7.709999999999871
799 -7.854999999999868
800 -7.669999999999872
801 -7.634999999999873
802 -7.609999999999873
803 -7.619999999999873
804 -7.509999999999875
805 -7.819999999999869
806 -7.559999999999874
807 -7.699999999999871
808 -7.579999999999874
809 -7.589999999999874
810 -7.619999999999873
811 -7.5999999999998735
812 -7.679999999999872
813 -7.664999999999872
814 -7.709999999999871
815 -7.679999999999872
816 -7.7899999999998695
817 -7.5049999999998755
818 -7.689999999999872
819 -7.579999999999874
820 -7.589999999999874
821 -7.639999999999873
822 -7.6499999999998725
823 -7.579999999999874
824 -7.699999999999871
825 -7.77499999999987
826 -7.5999999999998735
827 -7.5999999999998735
828 -7.619999999999873
829 -7.569999999999874
830 -5.25499999999987
831 -7.539999999999875
832 -7.519999999999875
833 -7.669999999999872
834 -7.564999999999874
835 -5.219999999999871
836 -7.699999999999871
837 -7.5999999999998735
838 -7.509999999999875
839 -7.579999999999874
840 -7.689999999999872
841 -7.809999999999869
842 -7.689999999999872
843 -7.709999999999871
844 -7.699999999999871
845 -7.799999999999869
846 -7.519999999999875
847 -7.859999999999868
848 -7.539999999999875
849 -7.669999999999872
850 -7.669999999999872
851 -7.674999999999872
852 -7.514999999999875
853 -7.619999999999873
854 -7.679999999999872
855 -5.074999999999874
856 -7.819999999999869
857 -7.559999999999874
858 -7.589999999999874
859 -7.629999999999873
860 -7.6499999999998725
861 -7.77999999999987
862 -7.734999999999871
863 -7.76499999999987
864 -7.5049999999998755
865 -7.734999999999871
866 -7.679999999999872
867 -7.699999999999871
868 -7.679999999999872
869 -7.77999999999987
870 -7.499999999999876
871 -7.709999999999871
872 -7.76999999999987
873 -7.709999999999871
874 -7.579999999999874
875 -7.689999999999872
876 -7.589999999999874
877 -7.539999999999875
878 -7.669999999999872
879 -7.689999999999872
880 -7.699999999999871
881 -7.659999999999872
882 -7.5999999999998735
883 -7.76999999999987
884 -7.6499999999998725
885 -7.639999999999873
886 -7.629999999999873
887 -7.609999999999873
888 -7.74999999999987
889 -7.609999999999873
890 -7.619999999999873
891 -7.719999999999871
892 -7.7899999999998695
893 -7.669999999999872
894 -7.75999999999987
895 -7.639999999999873
896 -7.799999999999869
897 -7.659999999999872
898 -7.719999999999871
899 -7.629999999999873
900 -7.719999999999871
901 -7.619999999999873
902 -7.679999999999872
903 -7.679999999999872
904 -7.719999999999871
905 -7.864999999999868
906 -7.819999999999869
907 -7.76999999999987
908 -7.689999999999872
909 -7.659999999999872
910 -7.5999999999998735
911 -7.5999999999998735
912 -7.804999999999869
913 -7.709999999999871
914 -7.609999999999873
915 -7.559999999999874
916 -5.1499999999998725
917 -7.76999999999987
918 -7.729999999999871
919 -7.609999999999873
920 -7.7899999999998695
921 -7.689999999999872
922 -7.589999999999874
923 -7.5999999999998735
924 -7.709999999999871
925 -7.6499999999998725
926 -7.719999999999871
927 -7.7399999999998705
928 -7.549999999999875
929 -7.76999999999987
930 -7.569999999999874
931 -7.7399999999998705
932 -7.609999999999873
933 -7.6949999999998715
934 -7.589999999999874
935 -7.77999999999987
936 -7.609999999999873
937 -7.729999999999871
938 -7.514999999999875
939 -7.5999999999998735
940 -5.25499999999987
941 -7.629999999999873
942 -7.479999999999876
943 -7.639999999999873
944 -5.069999999999874
945 -7.589999999999874
946 -7.549999999999875
947 -7.819999999999869
948 -7.639999999999873
949 -7.589999999999874
950 -7.689999999999872
951 -7.509999999999875
952 -7.77999999999987
953 -7.479999999999876
954 -7.799999999999869
955 -7.609999999999873
956 -7.689999999999872
957 -7.719999999999871
958 -7.75999999999987
959 -7.699999999999871
960 -7.709999999999871
961 -7.77999999999987
962 -7.619999999999873
963 -7.644999999999873
964 -7.619999999999873
965 -7.709999999999871
966 -7.6499999999998725
967 -7.799999999999869
968 -7.5999999999998735
969 -7.709999999999871
970 -5.0999999999998735
971 -7.629999999999873
972 -7.644999999999873
973 -7.559999999999874
974 -7.549999999999875
975 -7.719999999999871
976 -7.75499999999987
977 -7.729999999999871
978 -7.709999999999871
979 -7.6949999999998715
980 -7.6499999999998725
981 -7.77999999999987
982 -7.629999999999873
983 -7.76999999999987
984 -7.74999999999987
985 -7.7399999999998705
986 -7.619999999999873
987 -7.714999999999871
988 -7.709999999999871
989 -7.6499999999998725
990 -7.699999999999871
991 -7.549999999999875
992 -7.5999999999998735
993 -7.629999999999873
994 -7.559999999999874
995 -7.609999999999873
996 -7.639999999999873
997 -7.549999999999875
998 -7.7899999999998695
999 -7.529999999999875
1000 -7.6499999999998725
1001 -7.634999999999873
1002 -7.75499999999987
1003 -7.539999999999875
1004 -7.6499999999998725
1005 -7.629999999999873
1006 -7.6499999999998725
1007 -7.6499999999998725
1008 -7.664999999999872
1009 -7.7399999999998705
1010 -7.75999999999987
1011 -7.534999999999875
1012 -7.7899999999998695
1013 -7.6499999999998725
1014 -7.499999999999876
1015 -7.729999999999871
1016 -5.0999999999998735
1017 -7.589999999999874
1018 -7.74999999999987
1019 -7.629999999999873
1020 -5.2399999999998705
1021 -7.679999999999872
1022 -7.5999999999998735
1023 -7.75999999999987
1024 -7.659999999999872
1025 -7.5999999999998735
1026 -7.719999999999871
1027 -7.74999999999987
1028 -7.619999999999873
1029 -7.719999999999871
1030 -7.679999999999872
1031 -7.74999999999987
1032 -7.659999999999872
1033 -7.639999999999873
1034 -7.7399999999998705
1035 -7.699999999999871
1036 -7.669999999999872
1037 -7.699999999999871
1038 -7.619999999999873
1039 -7.939999999999866
1040 -7.609999999999873
1041 -7.669999999999872
1042 -7.619999999999873
1043 -7.74999999999987
1044 -7.74999999999987
1045 -7.659999999999872
1046 -7.579999999999874
1047 -7.849999999999868
1048 -7.629999999999873
1049 -5.089999999999874
1050 -7.76999999999987
1051 -7.639999999999873
1052 -7.719999999999871
1053 -7.639999999999873
1054 -7.824999999999869
1055 -7.7899999999998695
1056 -7.719999999999871
1057 -7.74999999999987
1058 -7.7399999999998705
1059 -7.77999999999987
1060 -5.159999999999872
1061 -7.5999999999998735
1062 -7.76999999999987
1063 -7.719999999999871
1064 -7.629999999999873
1065 -7.679999999999872
1066 -5.294999999999869
1067 -7.7399999999998705
1068 -7.709999999999871
1069 -7.619999999999873
1070 -7.669999999999872
1071 -7.6499999999998725
1072 -7.699999999999871
1073 -7.6499999999998725
1074 -7.619999999999873
1075 -7.699999999999871
1076 -7.639999999999873
1077 -7.799999999999869
1078 -7.699999999999871
1079 -5.204999999999871
1080 -7.689999999999872
1081 -7.634999999999873
1082 -7.619999999999873
1083 -7.5549999999998745
1084 -7.7399999999998705
1085 -7.609999999999873
1086 -7.809999999999869
1087 -7.679999999999872
1088 -7.629999999999873
1089 -7.819999999999869
1090 -7.74999999999987
1091 -5.039999999999875
1092 -7.489999999999876
1093 -7.559999999999874
1094 -7.579999999999874
1095 -7.729999999999871
1096 -7.669999999999872
1097 -7.609999999999873
1098 -7.669999999999872
1099 -7.75999999999987
1100 -7.669999999999872
1101 -7.559999999999874
1102 -7.659999999999872
1103 -7.849999999999868
1104 -7.659999999999872
1105 -7.679999999999872
1106 -7.824999999999869
1107 -7.719999999999871
1108 -7.804999999999869
1109 -7.719999999999871
1110 -7.689999999999872
1111 -7.619999999999873
1112 -7.729999999999871
1113 -7.549999999999875
1114 -7.679999999999872
1115 -7.7399999999998705
1116 -7.639999999999873
1117 -7.6499999999998725
1118 -7.609999999999873
1119 -7.7399999999998705
1120 -7.6499999999998725
1121 -5.0999999999998735
1122 -7.589999999999874
1123 -7.539999999999875
1124 -7.579999999999874
1125 -7.709999999999871
1126 -7.639999999999873
1127 -7.589999999999874
1128 -7.669999999999872
1129 -5.2399999999998705
1130 -7.729999999999871
1131 -7.559999999999874
1132 -7.579999999999874
1133 -7.579999999999874
1134 -7.669999999999872
1135 -7.829999999999869
1136 -7.609999999999873
1137 -7.669999999999872
1138 -7.719999999999871
1139 -7.719999999999871
1140 -7.7399999999998705
1141 -7.74999999999987
1142 -7.479999999999876
1143 -7.709999999999871
1144 -7.589999999999874
1145 -7.679999999999872
1146 -7.5999999999998735
1147 -7.509999999999875
1148 -7.679999999999872
1149 -7.729999999999871
1150 -5.094999999999874
1151 -7.619999999999873
1152 -7.529999999999875
1153 -7.654999999999872
1154 -7.529999999999875
1155 -7.709999999999871
1156 -5.119999999999873
1157 -7.619999999999873
1158 -7.719999999999871
1159 -7.549999999999875
1160 -7.804999999999869
1161 -7.669999999999872
1162 -7.799999999999869
1163 -7.75999999999987
1164 -7.589999999999874
1165 -7.659999999999872
1166 -7.639999999999873
1167 -7.679999999999872
1168 -7.549999999999875
1169 -7.619999999999873
1170 -7.804999999999869
1171 -7.729999999999871
1172 -7.6499999999998725
1173 -7.539999999999875
1174 -7.5999999999998735
1175 -7.669999999999872
1176 -7.664999999999872
1177 -7.74999999999987
1178 -7.579999999999874
1179 -7.559999999999874
1180 -7.579999999999874
1181 -7.519999999999875
1182 -7.659999999999872
1183 -7.699999999999871
1184 -7.689999999999872
1185 -7.679999999999872
1186 -7.659999999999872
1187 -5.26999999999987
1188 -7.6499999999998725
1189 -7.709999999999871
1190 -7.659999999999872
1191 -7.539999999999875
1192 -7.674999999999872
1193 -7.76999999999987
1194 -7.609999999999873
1195 -7.689999999999872
1196 -7.689999999999872
1197 -7.559999999999874
1198 -7.579999999999874
1199 -7.75999999999987
1200 -7.729999999999871
1201 -7.75999999999987
1202 -7.719999999999871
1203 -7.539999999999875
1204 -7.609999999999873
1205 -7.529999999999875
1206 -7.77499999999987
1207 -7.629999999999873
1208 -7.604999999999873
1209 -7.534999999999875
1210 -7.74999999999987
1211 -5.209999999999871
1212 -7.75499999999987
1213 -7.679999999999872
1214 -7.849999999999868
1215 -7.639999999999873
1216 -5.104999999999873
1217 -7.7399999999998705
1218 -7.689999999999872
1219 -7.659999999999872
1220 -7.74999999999987
1221 -7.629999999999873
1222 -5.119999999999873
1223 -7.609999999999873
1224 -7.699999999999871
1225 -7.659999999999872
1226 -7.569999999999874
1227 -7.669999999999872
1228 -7.659999999999872
1229 -7.659999999999872
1230 -7.7399999999998705
1231 -5.069999999999874
1232 -7.659999999999872
1233 -7.729999999999871
1234 -7.719999999999871
1235 -7.609999999999873
1236 -7.654999999999872
1237 -7.669999999999872
1238 -7.7399999999998705
1239 -7.689999999999872
1240 -7.659999999999872
1241 -7.699999999999871
1242 -7.75999999999987
1243 -7.579999999999874
1244 -7.659999999999872
1245 -7.76999999999987
1246 -7.589999999999874
1247 -7.729999999999871
1248 -7.679999999999872
1249 -7.549999999999875
1250 -7.8799999999998676
1251 -7.75999999999987
1252 -7.7899999999998695
1253 -7.689999999999872
1254 -7.7899999999998695
1255 -7.729999999999871
1256 -7.669999999999872
1257 -7.614999999999873
1258 -7.6499999999998725
1259 -7.499999999999876
1260 -7.579999999999874
1261 -7.689999999999872
1262 -5.209999999999871
1263 -7.659999999999872
1264 -7.639999999999873
1265 -7.559999999999874
1266 -7.6499999999998725
1267 -7.7399999999998705
1268 -7.729999999999871
1269 -7.77999999999987
1270 -7.74999999999987
1271 -7.729999999999871
1272 -7.579999999999874
1273 -7.719999999999871
1274 -7.719999999999871
1275 -7.709999999999871
1276 -7.679999999999872
1277 -7.76999999999987
1278 -7.639999999999873
1279 -7.659999999999872
1280 -7.7399999999998705
1281 -7.869999999999868
1282 -7.559999999999874
1283 -7.704999999999871
1284 -7.5999999999998735
1285 -7.579999999999874
1286 -7.709999999999871
1287 -7.729999999999871
1288 -7.7399999999998705
1289 -7.659999999999872
1290 -7.74999999999987
1291 -7.729999999999871
1292 -7.569999999999874
1293 -7.77999999999987
1294 -7.7399999999998705
1295 -7.569999999999874
1296 -7.729999999999871
1297 -7.709999999999871
1298 -7.489999999999876
1299 -7.579999999999874
1300 -7.7399999999998705
1301 -7.519999999999875
1302 -7.7899999999998695
1303 -7.75999999999987
1304 -7.589999999999874
1305 -7.75999999999987
1306 -7.569999999999874
1307 -7.569999999999874
1308 -5.019999999999875
1309 -7.5999999999998735
1310 -7.639999999999873
1311 -7.539999999999875
1312 -7.7399999999998705
1313 -7.639999999999873
1314 -7.5999999999998735
1315 -7.619999999999873
1316 -7.75999999999987
1317 -5.069999999999874
1318 -7.644999999999873
1319 -7.639999999999873
1320 -7.619999999999873
1321 -7.579999999999874
1322 -7.74999999999987
1323 -7.6499999999998725
1324 -7.679999999999872
1325 -7.77999999999987
1326 -7.509999999999875
1327 -7.679999999999872
1328 -7.489999999999876
1329 -7.799999999999869
1330 -7.559999999999874
1331 -7.689999999999872
1332 -7.5549999999998745
1333 -7.614999999999873
1334 -7.569999999999874
1335 -7.74999999999987
1336 -7.709999999999871
1337 -7.719999999999871
1338 -7.659999999999872
1339 -7.669999999999872
1340 -7.76999999999987
1341 -7.6499999999998725
1342 -7.719999999999871
1343 -7.589999999999874
1344 -7.629999999999873
1345 -7.659999999999872
1346 -7.699999999999871
1347 -7.659999999999872
1348 -5.0999999999998735
1349 -7.689999999999872
1350 -7.589999999999874
1351 -7.689999999999872
1352 -7.709999999999871
1353 -7.589999999999874
1354 -7.669999999999872
1355 -7.639999999999873
1356 -7.689999999999872
1357 -7.469999999999876
1358 -7.869999999999868
1359 -7.589999999999874
1360 -7.76999999999987
1361 -7.544999999999875
1362 -7.639999999999873
1363 -7.4599999999998765
1364 -7.579999999999874
1365 -5.189999999999872
1366 -7.609999999999873
1367 -7.664999999999872
1368 -7.569999999999874
1369 -7.719999999999871
1370 -7.7399999999998705
1371 -7.659999999999872
1372 -7.709999999999871
1373 -7.839999999999868
1374 -7.619999999999873
1375 -7.729999999999871
1376 -7.569999999999874
1377 -7.74999999999987
1378 -7.709999999999871
1379 -7.719999999999871
1380 -7.5999999999998735
1381 -7.639999999999873
1382 -7.889999999999867
1383 -7.6949999999998715
1384 -7.5999999999998735
1385 -7.679999999999872
1386 -5.169999999999872
1387 -7.549999999999875
1388 -7.5999999999998735
1389 -7.529999999999875
1390 -7.669999999999872
1391 -7.679999999999872
1392 -7.689999999999872
1393 -7.549999999999875
1394 -7.76999999999987
1395 -7.5999999999998735
1396 -7.829999999999869
1397 -7.5999999999998735
1398 -5.139999999999873
1399 -7.629999999999873
1400 -7.579999999999874
1401 -7.619999999999873
1402 -7.609999999999873
1403 -7.679999999999872
1404 -7.6499999999998725
1405 -7.699999999999871
1406 -7.709999999999871
1407 -7.799999999999869
1408 -7.529999999999875
1409 -7.559999999999874
1410 -7.489999999999876
1411 -7.619999999999873
1412 -7.5549999999998745
1413 -7.719999999999871
1414 -7.839999999999868
1415 -5.174999999999872
1416 -7.549999999999875
1417 -7.849999999999868
1418 -7.709999999999871
1419 -5.089999999999874
1420 -7.609999999999873
1421 -7.819999999999869
1422 -7.809999999999869
1423 -4.929999999999877
1424 -7.619999999999873
1425 -7.709999999999871
1426 -7.7399999999998705
1427 -7.799999999999869
1428 -7.699999999999871
1429 -7.77999999999987
1430 -7.609999999999873
1431 -7.629999999999873
1432 -7.6499999999998725
1433 -7.6499999999998725
1434 -7.7899999999998695
1435 -7.76999999999987
1436 -7.604999999999873
1437 -5.154999999999872
1438 -7.609999999999873
1439 -7.7399999999998705
1440 -7.619999999999873
1441 -5.169999999999872
1442 -7.589999999999874
1443 -7.729999999999871
1444 -7.619999999999873
1445 -7.6499999999998725
1446 -7.559999999999874
1447 -7.659999999999872
1448 -7.429999999999877
1449 -7.8799999999998676
1450 -7.799999999999869
1451 -7.6499999999998725
1452 -7.7899999999998695
1453 -7.809999999999869
1454 -7.6949999999998715
1455 -7.729999999999871
1456 -7.609999999999873
1457 -7.689999999999872
1458 -7.629999999999873
1459 -7.489999999999876
1460 -7.614999999999873
1461 -7.609999999999873
1462 -7.559999999999874
1463 -7.819999999999869
1464 -7.689999999999872
1465 -7.659999999999872
1466 -7.5999999999998735
1467 -7.77999999999987
1468 -7.684999999999872
1469 -7.549999999999875
1470 -7.619999999999873
1471 -5.089999999999874
1472 -7.669999999999872
1473 -5.059999999999874
1474 -7.669999999999872
1475 -7.7399999999998705
1476 -7.75999999999987
1477 -7.729999999999871
1478 -7.729999999999871
1479 -7.629999999999873
1480 -7.729999999999871
1481 -7.709999999999871
1482 -7.719999999999871
1483 -7.7899999999998695
1484 -7.499999999999876
1485 -7.679999999999872
1486 -7.849999999999868
1487 -7.74999999999987
1488 -7.709999999999871
1489 -7.679999999999872
1490 -7.639999999999873
1491 -7.679999999999872
1492 -7.519999999999875
1493 -7.639999999999873
1494 -7.724999999999871
1495 -7.729999999999871
1496 -5.144999999999873
1497 -7.659999999999872
1498 -7.74999999999987
1499 -7.809999999999869
1500 -7.569999999999874
1501 -7.689999999999872
1502 -5.014999999999875
1503 -7.6499999999998725
1504 -7.729999999999871
1505 -5.049999999999875
1506 -7.619999999999873
1507 -7.5549999999998745
1508 -7.74999999999987
1509 -7.659999999999872
1510 -7.679999999999872
1511 -7.589999999999874
1512 -7.6499999999998725
1513 -7.719999999999871
1514 -7.539999999999875
1515 -7.799999999999869
1516 -7.5999999999998735
1517 -7.619999999999873
1518 -7.639999999999873
1519 -7.74999999999987
1520 -7.579999999999874
1521 -7.559999999999874
1522 -7.674999999999872
1523 -7.689999999999872
1524 -7.74999999999987
1525 -7.77999999999987
1526 -7.559999999999874
1527 -7.719999999999871
1528 -7.679999999999872
1529 -7.589999999999874
1530 -7.75999999999987
1531 -7.709999999999871
1532 -7.609999999999873
1533 -7.669999999999872
1534 -7.589999999999874
1535 -7.679999999999872
1536 -7.549999999999875
1537 -7.669999999999872
1538 -7.619999999999873
1539 -7.6499999999998725
1540 -7.569999999999874
1541 -7.6499999999998725
1542 -7.709999999999871
1543 -7.689999999999872
1544 -7.629999999999873
1545 -7.479999999999876
1546 -7.5999999999998735
1547 -7.674999999999872
1548 -7.659999999999872
1549 -7.689999999999872
1550 -7.7399999999998705
1551 -7.629999999999873
1552 -7.829999999999869
1553 -7.74999999999987
1554 -7.75999999999987
1555 -7.639999999999873
1556 -7.589999999999874
1557 -7.699999999999871
1558 -7.619999999999873
1559 -7.629999999999873
1560 -7.469999999999876
1561 -7.689999999999872
1562 -7.619999999999873
1563 -7.75499999999987
1564 -7.689999999999872
1565 -7.719999999999871
1566 -7.619999999999873
1567 -7.669999999999872
1568 -5.189999999999872
1569 -7.794999999999869
1570 -7.589999999999874
1571 -5.24999999999987
1572 -7.609999999999873
1573 -7.659999999999872
1574 -7.5549999999998745
1575 -7.659999999999872
1576 -5.139999999999873
1577 -7.7899999999998695
1578 -7.4599999999998765
1579 -7.5999999999998735
1580 -7.829999999999869
1581 -7.6499999999998725
1582 -7.734999999999871
1583 -7.719999999999871
1584 -7.719999999999871
1585 -7.77999999999987
1586 -7.529999999999875
1587 -7.5999999999998735
1588 -7.579999999999874
1589 -7.5999999999998735
1590 -7.699999999999871
1591 -7.569999999999874
1592 -7.589999999999874
1593 -7.6949999999998715
1594 -7.689999999999872
1595 -7.609999999999873
1596 -7.77999999999987
1597 -7.669999999999872
1598 -7.679999999999872
1599 -7.609999999999873
1600 -7.684999999999872
1601 -7.734999999999871
1602 -7.639999999999873
1603 -7.689999999999872
1604 -7.594999999999874
1605 -7.729999999999871
1606 -4.989999999999876
1607 -7.734999999999871
1608 -7.549999999999875
1609 -7.729999999999871
1610 -7.609999999999873
1611 -7.589999999999874
1612 -7.6499999999998725
1613 -7.709999999999871
1614 -7.74999999999987
1615 -7.669999999999872
1616 -7.549999999999875
1617 -7.76999999999987
1618 -7.669999999999872
1619 -7.699999999999871
1620 -7.574999999999874
1621 -7.699999999999871
1622 -7.6949999999998715
1623 -7.74999999999987
1624 -7.589999999999874
1625 -5.27999999999987
1626 -7.549999999999875
1627 -7.609999999999873
1628 -7.77999999999987
1629 -7.629999999999873
1630 -7.549999999999875
1631 -7.639999999999873
1632 -7.639999999999873
1633 -7.699999999999871
1634 -7.699999999999871
1635 -7.689999999999872
1636 -7.6499999999998725
1637 -7.639999999999873
1638 -7.699999999999871
1639 -7.699999999999871
1640 -7.729999999999871
1641 -7.709999999999871
1642 -7.624999999999873
1643 -7.569999999999874
1644 -7.699999999999871
1645 -7.569999999999874
1646 -7.604999999999873
1647 -7.549999999999875
1648 -7.75999999999987
1649 -7.704999999999871
1650 -7.809999999999869
1651 -7.6499999999998725
1652 -7.6499999999998725
1653 -7.519999999999875
1654 -5.169999999999872
1655 -7.669999999999872
1656 -7.519999999999875
1657 -7.639999999999873
1658 -7.679999999999872
1659 -7.729999999999871
1660 -7.729999999999871
1661 -7.689999999999872
1662 -7.629999999999873
1663 -7.619999999999873
1664 -7.679999999999872
1665 -7.719999999999871
1666 -7.809999999999869
1667 -7.629999999999873
1668 -7.559999999999874
1669 -7.74999999999987
1670 -7.709999999999871
1671 -7.74999999999987
1672 -7.689999999999872
1673 -7.679999999999872
1674 -7.75999999999987
1675 -7.604999999999873
1676 -7.6499999999998725
1677 -7.6499999999998725
1678 -7.639999999999873
1679 -7.729999999999871
1680 -7.699999999999871
1681 -7.659999999999872
1682 -7.679999999999872
1683 -7.639999999999873
1684 -7.719999999999871
1685 -7.7399999999998705
1686 -7.7399999999998705
1687 -7.75999999999987
1688 -7.839999999999868
1689 -7.569999999999874
1690 -7.589999999999874
1691 -7.664999999999872
1692 -7.899999999999867
1693 -7.75999999999987
1694 -7.584999999999874
1695 -7.639999999999873
1696 -7.75999999999987
1697 -7.539999999999875
1698 -7.519999999999875
1699 -7.679999999999872
1700 -7.719999999999871
1701 -7.689999999999872
1702 -7.609999999999873
1703 -7.74999999999987
1704 -5.1949999999998715
1705 -4.989999999999876
1706 -7.669999999999872
1707 -7.74999999999987
1708 -7.4599999999998765
1709 -7.839999999999868
1710 -7.809999999999869
1711 -7.629999999999873
1712 -7.74999999999987
1713 -7.569999999999874
1714 -7.4599999999998765
1715 -7.629999999999873
1716 -7.689999999999872
1717 -5.359999999999868
1718 -7.719999999999871
1719 -7.679999999999872
1720 -7.719999999999871
1721 -7.669999999999872
1722 -7.619999999999873
1723 -7.664999999999872
1724 -7.809999999999869
1725 -7.519999999999875
1726 -7.75999999999987
1727 -7.75999999999987
1728 -7.719999999999871
1729 -7.689999999999872
1730 -7.629999999999873
1731 -7.76999999999987
1732 -7.75999999999987
1733 -7.609999999999873
1734 -7.549999999999875
1735 -7.679999999999872
1736 -7.75999999999987
1737 -7.689999999999872
1738 -7.529999999999875
1739 -7.689999999999872
1740 -7.499999999999876
1741 -7.619999999999873
1742 -5.139999999999873
1743 -7.609999999999873
1744 -7.679999999999872
1745 -7.699999999999871
1746 -7.5549999999998745
1747 -7.579999999999874
1748 -7.669999999999872
1749 -7.669999999999872
1750 -7.509999999999875
1751 -7.549999999999875
1752 -7.679999999999872
1753 -7.579999999999874
1754 -7.849999999999868
1755 -7.6499999999998725
1756 -7.639999999999873
1757 -7.639999999999873
1758 -5.169999999999872
1759 -7.719999999999871
1760 -7.619999999999873
1761 -7.549999999999875
1762 -7.529999999999875
1763 -7.699999999999871
1764 -7.634999999999873
1765 -7.669999999999872
1766 -7.77999999999987
1767 -7.809999999999869
1768 -7.5999999999998735
1769 -7.819999999999869
1770 -7.689999999999872
1771 -7.75999999999987
1772 -7.669999999999872
1773 -7.559999999999874
1774 -7.489999999999876
1775 -7.75999999999987
1776 -7.6499999999998725
1777 -7.609999999999873
1778 -7.539999999999875
1779 -7.629999999999873
1780 -7.639999999999873
1781 -7.679999999999872
1782 -7.729999999999871
1783 -7.839999999999868
1784 -7.519999999999875
1785 -7.729999999999871
1786 -7.579999999999874
1787 -7.609999999999873
1788 -7.539999999999875
1789 -7.729999999999871
1790 -7.549999999999875
1791 -7.7399999999998705
1792 -7.629999999999873
1793 -7.629999999999873
1794 -7.569999999999874
1795 -7.719999999999871
1796 -7.549999999999875
1797 -7.799999999999869
1798 -7.6499999999998725
1799 -7.674999999999872
1800 -7.609999999999873
1801 -7.809999999999869
1802 -7.5999999999998735
1803 -7.729999999999871
1804 -7.509999999999875
1805 -7.629999999999873
1806 -7.579999999999874
1807 -7.579999999999874
1808 -7.709999999999871
1809 -7.7399999999998705
1810 -7.639999999999873
1811 -7.569999999999874
1812 -7.629999999999873
1813 -7.819999999999869
1814 -7.729999999999871
1815 -7.624999999999873
1816 -5.059999999999874
1817 -7.939999999999866
1818 -7.629999999999873
1819 -7.629999999999873
1820 -7.559999999999874
1821 -7.659999999999872
1822 -7.659999999999872
1823 -7.709999999999871
1824 -7.589999999999874
1825 -7.7399999999998705
1826 -7.469999999999876
1827 -7.799999999999869
1828 -7.679999999999872
1829 -7.709999999999871
1830 -7.629999999999873
1831 -7.579999999999874
1832 -7.619999999999873
1833 -7.699999999999871
1834 -7.584999999999874
1835 -7.614999999999873
1836 -7.714999999999871
1837 -7.5999999999998735
1838 -7.719999999999871
1839 -7.589999999999874
1840 -7.689999999999872
1841 -7.729999999999871
1842 -7.629999999999873
1843 -7.709999999999871
1844 -7.869999999999868
1845 -7.619999999999873
1846 -7.489999999999876
1847 -7.699999999999871
1848 -7.639999999999873
1849 -7.7899999999998695
1850 -7.75999999999987
1851 -7.639999999999873
1852 -7.689999999999872
1853 -7.74999999999987
1854 -7.74999999999987
1855 -7.629999999999873
1856 -7.669999999999872
1857 -7.499999999999876
1858 -7.629999999999873
1859 -7.659999999999872
1860 -7.719999999999871
1861 -7.5999999999998735
1862 -7.689999999999872
1863 -7.624999999999873
1864 -7.619999999999873
1865 -7.579999999999874
1866 -5.199999999999871
1867 -7.719999999999871
1868 -7.714999999999871
1869 -7.619999999999873
1870 -7.589999999999874
1871 -7.849999999999868
1872 -7.76999999999987
1873 -7.839999999999868
1874 -7.609999999999873
1875 -7.729999999999871
1876 -7.559999999999874
1877 -7.74999999999987
1878 -7.614999999999873
1879 -7.729999999999871
1880 -7.799999999999869
1881 -7.559999999999874
1882 -7.77999999999987
1883 -7.699999999999871
1884 -7.729999999999871
1885 -7.679999999999872
1886 -7.609999999999873
1887 -7.5999999999998735
1888 -7.77999999999987
1889 -7.75499999999987
1890 -7.7399999999998705
1891 -7.584999999999874
1892 -7.5999999999998735
1893 -5.129999999999873
1894 -7.75499999999987
1895 -7.669999999999872
1896 -7.639999999999873
1897 -7.544999999999875
1898 -7.619999999999873
1899 -7.77999999999987
1900 -7.819999999999869
1901 -7.77999999999987
1902 -7.629999999999873
1903 -7.679999999999872
1904 -7.659999999999872
1905 -7.629999999999873
1906 -7.699999999999871
1907 -7.669999999999872
1908 -7.7399999999998705
1909 -7.7399999999998705
1910 -7.619999999999873
1911 -5.229999999999871
1912 -7.669999999999872
1913 -7.669999999999872
1914 -7.6499999999998725
1915 -7.559999999999874
1916 -7.689999999999872
1917 -7.78499999999987
1918 -7.869999999999868
1919 -7.709999999999871
1920 -7.609999999999873
1921 -7.5549999999998745
1922 -7.569999999999874
1923 -7.77999999999987
1924 -7.7399999999998705
1925 -7.579999999999874
1926 -7.814999999999869
1927 -7.709999999999871
1928 -7.75999999999987
1929 -7.679999999999872
1930 -7.674999999999872
1931 -7.75999999999987
1932 -7.509999999999875
1933 -7.619999999999873
1934 -7.639999999999873
1935 -7.529999999999875
1936 -7.539999999999875
1937 -7.719999999999871
1938 -7.824999999999869
1939 -7.809999999999869
1940 -7.559999999999874
1941 -7.679999999999872
1942 -7.7399999999998705
1943 -7.729999999999871
1944 -7.519999999999875
1945 -7.699999999999871
1946 -7.669999999999872
1947 -7.579999999999874
1948 -7.699999999999871
1949 -7.659999999999872
1950 -7.519999999999875
1951 -7.709999999999871
1952 -7.734999999999871
1953 -7.619999999999873
1954 -7.509999999999875
1955 -7.559999999999874
1956 -7.699999999999871
1957 -7.709999999999871
1958 -7.669999999999872
1959 -7.679999999999872
1960 -7.609999999999873
1961 -7.76999999999987
1962 -7.629999999999873
1963 -7.699999999999871
1964 -7.7899999999998695
1965 -7.639999999999873
1966 -7.714999999999871
1967 -7.619999999999873
1968 -7.679999999999872
1969 -7.549999999999875
1970 -7.669999999999872
1971 -7.569999999999874
1972 -7.709999999999871
1973 -7.619999999999873
1974 -7.799999999999869
1975 -7.77999999999987
1976 -7.75999999999987
1977 -7.449999999999877
1978 -7.7399999999998705
1979 -7.679999999999872
1980 -7.709999999999871
1981 -7.709999999999871
1982 -7.75499999999987
1983 -7.654999999999872
1984 -7.729999999999871
1985 -7.699999999999871
1986 -7.679999999999872
1987 -7.639999999999873
1988 -7.729999999999871
1989 -7.669999999999872
1990 -7.679999999999872
1991 -7.74999999999987
1992 -7.549999999999875
1993 -7.719999999999871
1994 -7.699999999999871
1995 -7.689999999999872
1996 -7.644999999999873
1997 -7.74999999999987
1998 -7.75499999999987
1999 -7.619999999999873
5166.762586116791
