0 -7.669999999999872
1 -7.609999999999873
2 -7.679999999999872
3 -2.6199999999999353
4 -2.5649999999999364
5 -2.5699999999999363
6 -2.639999999999935
7 -2.6049999999999356
8 -7.729999999999871
9 -2.634999999999935
10 -2.6149999999999354
11 -7.664999999999872
12 -7.5999999999998735
13 -2.5649999999999364
14 -5.124999999999873
15 -2.6099999999999355
16 -7.689999999999872
17 -2.5749999999999362
18 -2.589999999999936
19 -2.5649999999999364
20 -7.589999999999874
21 -0.07999999999991556
22 -2.624999999999935
23 -2.6049999999999356
24 -2.6149999999999354
25 -2.5699999999999363
26 -2.5049999999999377
27 -7.75999999999987
28 -0.05499999999991555
29 -2.544999999999937
30 -2.5499999999999368
31 -2.6599999999999344
32 -7.714999999999871
33 -2.5499999999999368
34 -7.76999999999987
35 -2.629999999999935
36 -2.5999999999999357
37 -7.654999999999872
38 -2.5649999999999364
39 -2.6199999999999353
40 -2.529999999999937
41 -7.5999999999998735
42 -7.5999999999998735
43 -2.5749999999999362
44 -7.679999999999872
45 -2.544999999999937
46 -2.5099999999999376
47 -2.5499999999999368
48 -2.589999999999936
49 -2.5749999999999362
50 -7.559999999999874
51 -7.589999999999874
52 -2.6199999999999353
53 -2.639999999999935
54 -2.6149999999999354
55 -7.619999999999873
56 -7.729999999999871
57 -2.499999999999938
58 -2.629999999999935
59 -7.689999999999872
60 -2.6449999999999347
61 -7.589999999999874
62 -0.10999999999991558
63 -0.06499999999991554
64 -2.5749999999999362
65 -7.5999999999998735
66 -7.819999999999869
67 -7.539999999999875
68 -2.6449999999999347
69 -2.6099999999999355
70 -7.719999999999871
71 -2.639999999999935
72 -2.5249999999999373
73 -2.589999999999936
74 -2.5499999999999368
75 -7.76999999999987
76 -7.609999999999873
77 -2.5599999999999365
78 -2.5649999999999364
79 -7.6499999999998725
80 -2.4649999999999386
81 -2.594999999999936
82 -2.5199999999999374
83 -7.719999999999871
84 -2.6949999999999337
85 -7.7899999999998695
86 -2.539999999999937
87 -7.6499999999998725
88 -7.719999999999871
89 -7.6499999999998725
90 -2.624999999999935
91 -2.6149999999999354
92 -2.5599999999999365
93 -2.589999999999936
94 -2.6199999999999353
95 -2.5999999999999357
96 -7.709999999999871
97 -2.529999999999937
98 -2.629999999999935
99 -2.629999999999935
100 -2.6899999999999338
101 -2.544999999999937
102 -2.634999999999935
103 -7.6499999999998725
104 -2.6199999999999353
105 -7.614999999999873
106 -2.594999999999936
107 -7.654999999999872
108 -7.5999999999998735
109 -2.629999999999935
110 -2.5599999999999365
111 -2.584999999999936
112 -2.629999999999935
113 -2.589999999999936
114 -2.6049999999999356
115 -7.7399999999998705
116 -7.699999999999871
117 -5.174999999999872
118 -2.6049999999999356
119 -7.539999999999875
120 -7.74999999999987
121 -7.669999999999872
122 -2.534999999999937
123 -2.6199999999999353
124 -7.75999999999987
125 -7.699999999999871
126 -2.5549999999999367
127 -7.77999999999987
128 -2.634999999999935
129 -2.629999999999935
130 -7.77999999999987
131 -7.699999999999871
132 -7.709999999999871
133 -2.634999999999935
134 -2.589999999999936
135 -2.529999999999937
136 -2.539999999999937
137 -2.6199999999999353
138 -2.5749999999999362
139 -2.589999999999936
140 -0.06499999999991554
141 -2.6099999999999355
142 -2.5749999999999362
143 -7.589999999999874
144 -2.529999999999937
145 -2.5649999999999364
146 -7.609999999999873
147 -2.579999999999936
148 -2.5599999999999365
149 -2.6049999999999356
150 -7.829999999999869
151 -7.729999999999871
152 -2.6649999999999343
153 -2.5649999999999364
154 -2.6199999999999353
155 -2.534999999999937
156 -2.5749999999999362
157 -2.584999999999936
158 -2.5699999999999363
159 -2.584999999999936
160 -2.6149999999999354
161 -7.669999999999872
162 -2.5599999999999365
163 -2.5649999999999364
164 -2.6149999999999354
165 -2.534999999999937
166 -2.5649999999999364
167 -2.5999999999999357
168 -7.619999999999873
169 -2.584999999999936
170 -7.859999999999868
171 -2.5699999999999363
172 -2.5499999999999368
173 -2.579999999999936
174 -5.1499999999998725
175 -5.114999999999873
176 -2.594999999999936
177 -2.579999999999936
178 -2.6199999999999353
179 -2.5549999999999367
180 -2.6499999999999346
181 -2.584999999999936
182 -0.05499999999991555
183 -2.5999999999999357
184 -2.579999999999936
185 -2.589999999999936
186 -7.659999999999872
187 -7.679999999999872
188 -2.6199999999999353
189 -7.709999999999871
190 -2.5149999999999375
191 -7.574999999999874
192 -2.5249999999999373
193 -2.579999999999936
194 -2.579999999999936
195 -2.579999999999936
196 -2.5599999999999365
197 -5.014999999999875
198 -2.7099999999999334
199 -7.869999999999868
200 -2.639999999999935
201 -2.5249999999999373
202 -0.06499999999991554
203 -2.6149999999999354
204 -2.579999999999936
205 -2.634999999999935
206 -2.634999999999935
207 -2.5599999999999365
208 -2.6049999999999356
209 -7.639999999999873
210 -2.6149999999999354
211 -2.544999999999937
212 -7.849999999999868
213 -7.8799999999998676
214 -2.5199999999999374
215 -7.519999999999875
216 -7.654999999999872
217 -2.6649999999999343
218 -7.619999999999873
219 -2.5599999999999365
220 -2.5249999999999373
221 -2.6199999999999353
222 -2.639999999999935
223 -2.589999999999936
224 -2.624999999999935
225 -0.02999999999991556
226 -7.7399999999998705
227 -2.559999999999874
228 -7.714999999999871
229 -2.674999999999934
230 -2.6149999999999354
231 -7.7899999999998695
232 -2.684999999999934
233 -2.584999999999936
234 -2.584999999999936
235 -2.5999999999999357
236 -2.589999999999936
237 -2.6449999999999347
238 -2.5599999999999365
239 -7.74999999999987
240 -2.6099999999999355
241 -0.10999999999991558
242 -7.479999999999876
243 -2.594999999999936
244 -2.5749999999999362
245 -2.634999999999935
246 -7.729999999999871
247 -2.6599999999999344
248 -2.5649999999999364
249 -2.6449999999999347
250 -7.7899999999998695
251 -0.11999999999991559
252 -2.5499999999999368
253 -2.594999999999936
254 -2.5149999999999375
255 -2.624999999999935
256 -2.6599999999999344
257 -2.6449999999999347
258 -7.659999999999872
259 -2.544999999999937
260 -2.5699999999999363
261 -2.579999999999936
262 -2.484999999999938
263 -2.6599999999999344
264 -2.579999999999936
265 -7.6499999999998725
266 -2.584999999999936
267 -2.6099999999999355
268 -2.6099999999999355
269 -7.589999999999874
270 -2.5999999999999357
271 -2.589999999999936
272 -2.6199999999999353
273 -2.6149999999999354
274 -2.6549999999999345
275 -7.729999999999871
276 -2.6099999999999355
277 -2.5649999999999364
278 -0.15999999999991563
279 -7.5999999999998735
280 -2.594999999999936
281 -2.594999999999936
282 -7.6499999999998725
283 -2.6499999999999346
284 -2.584999999999936
285 -7.5999999999998735
286 -2.5549999999999367
287 -2.6099999999999355
288 -2.6199999999999353
289 -7.9299999999998665
290 -2.5749999999999362
291 -7.639999999999873
292 -2.6099999999999355
293 -2.5599999999999365
294 -2.529999999999937
295 -2.594999999999936
296 -7.6499999999998725
297 -2.594999999999936
298 -7.704999999999871
299 -7.689999999999872
300 -7.679999999999872
301 -2.684999999999934
302 -2.6949999999999337
303 -2.5049999999999377
304 -2.544999999999937
305 -2.634999999999935
306 -7.7399999999998705
307 -2.5099999999999376
308 -2.5699999999999363
309 -2.6049999999999356
310 -7.689999999999872
311 -7.609999999999873
312 -2.544999999999937
313 -2.589999999999936
314 -2.6499999999999346
315 -2.6549999999999345
316 -2.5549999999999367
317 -7.659999999999872
318 -7.659999999999872
319 -7.6499999999998725
320 -2.529999999999937
321 -2.529999999999937
322 -2.4699999999999385
323 -2.6049999999999356
324 -2.594999999999936
325 -2.5199999999999374
326 -2.5999999999999357
327 -2.584999999999936
328 -7.669999999999872
329 -7.719999999999871
330 -7.619999999999873
331 -7.654999999999872
332 -2.639999999999935
333 -2.584999999999936
334 -2.539999999999937
335 -7.639999999999873
336 -2.6099999999999355
337 -7.76999999999987
338 -7.604999999999873
339 -2.6049999999999356
340 -2.624999999999935
341 -0.09999999999991557
342 -2.589999999999936
343 -7.669999999999872
344 -7.679999999999872
345 -7.709999999999871
346 -2.629999999999935
347 -2.5699999999999363
348 -2.594999999999936
349 -7.6499999999998725
350 -2.624999999999935
351 -2.5499999999999368
352 -2.584999999999936
353 -2.589999999999936
354 -2.5749999999999362
355 -7.619999999999873
356 -2.6049999999999356
357 -2.6149999999999354
358 -7.629999999999873
359 -7.669999999999872
360 -7.614999999999873
361 -7.719999999999871
362 -2.5499999999999368
363 -2.5649999999999364
364 -2.594999999999936
365 -2.539999999999937
366 -2.539999999999937
367 -2.624999999999935
368 -7.689999999999872
369 -2.6049999999999356
370 -2.5749999999999362
371 -5.009999999999875
372 -7.6499999999998725
373 -2.589999999999936
374 -2.579999999999936
375 -2.674999999999934
376 -2.589999999999936
377 -0.06499999999991554
378 -2.629999999999935
379 -2.639999999999935
380 -2.539999999999937
381 -2.5749999999999362
382 -2.634999999999935
383 -7.664999999999872
384 -2.584999999999936
385 -2.5699999999999363
386 -2.4799999999999383
387 -2.634999999999935
388 -2.5649999999999364
389 -7.629999999999873
390 -2.6099999999999355
391 -2.6099999999999355
392 -7.6499999999998725
393 -2.624999999999935
394 -2.594999999999936
395 -2.5249999999999373
396 -2.5599999999999365
397 -2.624999999999935
398 -7.7399999999998705
399 -2.6199999999999353
400 -2.589999999999936
401 -2.6199999999999353
402 -2.5649999999999364
403 -2.5649999999999364
404 -0.019999999999915558
405 -2.584999999999936
406 -2.6599999999999344
407 -7.699999999999871
408 -7.659999999999872
409 -0.1249999999999156
410 -2.6049999999999356
411 -2.579999999999936
412 -7.589999999999874
413 -2.5249999999999373
414 -2.6499999999999346
415 -2.6049999999999356
416 -2.6099999999999355
417 -7.629999999999873
418 -2.629999999999935
419 -0.04499999999991555
420 -2.6099999999999355
421 -2.5999999999999357
422 -2.4749999999999384
423 -2.629999999999935
424 -7.604999999999873
425 -7.584999999999874
426 -2.534999999999937
427 -2.5499999999999368
428 -2.6049999999999356
429 -2.5999999999999357
430 -7.729999999999871
431 -7.659999999999872
432 -7.729999999999871
433 -2.6899999999999338
434 -2.5599999999999365
435 -2.6049999999999356
436 -7.564999999999874
437 -7.619999999999873
438 -2.629999999999935
439 -2.639999999999935
440 -2.624999999999935
441 -2.6499999999999346
442 -2.5999999999999357
443 -2.5549999999999367
444 -7.699999999999871
445 -2.6199999999999353
446 -2.6149999999999354
447 -2.5249999999999373
448 -7.729999999999871
449 -2.589999999999936
450 -2.6099999999999355
451 -7.669999999999872
452 -2.529999999999937
453 -0.1399999999999156
454 -2.589999999999936
455 -2.6149999999999354
456 -2.5549999999999367
457 -7.6499999999998725
458 -7.75499999999987
459 -2.489999999999938
460 -2.6099999999999355
461 -2.6149999999999354
462 -2.6199999999999353
463 -2.579999999999936
464 -2.629999999999935
465 -2.594999999999936
466 -7.549999999999875
467 -7.659999999999872
468 -2.5549999999999367
469 -2.6149999999999354
470 -2.679999999999934
471 -2.5249999999999373
472 -2.579999999999936
473 -2.6649999999999343
474 -7.539999999999875
475 -7.7399999999998705
476 -2.5149999999999375
477 -2.6449999999999347
478 -2.634999999999935
479 -2.639999999999935
480 -7.629999999999873
481 -7.674999999999872
482 -2.6049999999999356
483 -7.689999999999872
484 -7.659999999999872
485 -7.719999999999871
486 -0.08499999999991556
487 -2.5999999999999357
488 -5.139999999999873
489 -2.6149999999999354
490 -7.829999999999869
491 -2.639999999999935
492 -7.75999999999987
493 -2.6649999999999343
494 -2.639999999999935
495 -2.634999999999935
496 -7.609999999999873
497 -2.6099999999999355
498 -2.579999999999936
499 -2.5999999999999357
500 -2.4799999999999383
501 -2.5549999999999367
502 -2.639999999999935
503 -7.719999999999871
504 -7.679999999999872
505 -7.659999999999872
506 -2.539999999999937
507 -2.6099999999999355
508 -2.6549999999999345
509 -7.729999999999871
510 -2.4799999999999383
511 -2.5999999999999357
512 -2.544999999999937
513 -2.594999999999936
514 -2.6449999999999347
515 -2.6149999999999354
516 -0.10499999999991558
517 -2.639999999999935
518 -7.679999999999872
519 -2.6499999999999346
520 -2.6049999999999356
521 -2.5749999999999362
522 -2.6099999999999355
523 -7.6499999999998725
524 -7.74999999999987
525 -2.6449999999999347
526 -7.659999999999872
527 -5.154999999999872
528 -2.6149999999999354
529 -2.639999999999935
530 -2.674999999999934
531 -2.5749999999999362
532 2.4000000000001087
533 -2.5599999999999365
534 -2.5549999999999367
535 -2.579999999999936
536 -2.529999999999937
537 -2.579999999999936
538 -2.584999999999936
539 -2.5049999999999377
540 -7.719999999999871
541 -2.6099999999999355
542 -2.534999999999937
543 -7.634999999999873
544 -2.5999999999999357
545 -2.584999999999936
546 -2.6149999999999354
547 -2.5099999999999376
548 -7.644999999999873
549 -0.04999999999991555
550 -2.6499999999999346
551 -7.689999999999872
552 -2.6449999999999347
553 -2.544999999999937
554 -2.579999999999936
555 -0.15499999999991562
556 -0.059999999999915545
557 -5.0999999999998735
558 -2.529999999999937
559 -2.5549999999999367
560 -7.604999999999873
561 -7.669999999999872
562 -7.639999999999873
563 -2.6999999999999336
564 -7.75999999999987
565 0.010000000000084445
566 -2.5249999999999373
567 -2.6199999999999353
568 -2.6199999999999353
569 -2.544999999999937
570 -7.75999999999987
571 -7.669999999999872
572 -7.799999999999869
573 -2.5649999999999364
574 -2.5499999999999368
575 -2.529999999999937
576 -2.4699999999999385
577 -2.5099999999999376
578 -2.539999999999937
579 -2.5999999999999357
580 -2.589999999999936
581 -2.6049999999999356
582 -2.6199999999999353
583 -2.6049999999999356
584 -7.809999999999869
585 -7.529999999999875
586 -7.7399999999998705
587 -2.494999999999938
588 -7.74999999999987
589 -2.639999999999935
590 -2.5549999999999367
591 -7.489999999999876
592 -2.5499999999999368
593 -2.5599999999999365
594 -7.799999999999869
595 -2.594999999999936
596 -7.539999999999875
597 -2.584999999999936
598 -2.5499999999999368
599 -2.5549999999999367
600 -7.604999999999873
601 -2.5699999999999363
602 -7.699999999999871
603 -2.539999999999937
604 -2.589999999999936
605 -2.6599999999999344
606 -7.724999999999871
607 -0.08999999999991556
608 -2.629999999999935
609 -2.629999999999935
610 -7.819999999999869
611 -2.6149999999999354
612 -2.639999999999935
613 -7.589999999999874
614 -7.74999999999987
615 -2.544999999999937
616 -2.5749999999999362
617 -2.544999999999937
618 -7.794999999999869
619 -2.5649999999999364
620 -2.594999999999936
621 -7.669999999999872
622 -2.6099999999999355
623 -2.5249999999999373
624 -7.9299999999998665
625 -2.5099999999999376
626 -2.594999999999936
627 -2.544999999999937
628 -2.584999999999936
629 -2.624999999999935
630 -2.539999999999937
631 -2.584999999999936
632 -7.709999999999871
633 -7.689999999999872
634 -2.539999999999937
635 -2.5999999999999357
636 -2.5699999999999363
637 -2.6199999999999353
638 -7.534999999999875
639 -2.584999999999936
640 -2.5649999999999364
641 -2.584999999999936
642 -2.6149999999999354
643 -2.6099999999999355
644 -2.5499999999999368
645 -7.669999999999872
646 -2.669999999999934
647 -2.4799999999999383
648 -2.484999999999938
649 -7.559999999999874
650 -2.5749999999999362
651 -7.6499999999998725
652 -2.6549999999999345
653 -2.6649999999999343
654 -2.5749999999999362
655 -2.529999999999937
656 -7.7399999999998705
657 -7.669999999999872
658 -7.589999999999874
659 -2.5649999999999364
660 -2.5599999999999365
661 -7.619999999999873
662 -7.689999999999872
663 -2.6449999999999347
664 -7.629999999999873
665 -2.634999999999935
666 -2.529999999999937
667 -7.6949999999998715
668 -7.74999999999987
669 -2.5499999999999368
670 -2.634999999999935
671 -2.6199999999999353
672 -2.534999999999937
673 -7.809999999999869
674 -2.5499999999999368
675 -7.729999999999871
676 -7.5999999999998735
677 -2.5499999999999368
678 -2.5999999999999357
679 -2.629999999999935
680 -7.574999999999874
681 -2.584999999999936
682 -2.5699999999999363
683 -2.6099999999999355
684 -2.5699999999999363
685 -2.6649999999999343
686 -7.719999999999871
687 -2.6049999999999356
688 -2.5499999999999368
689 -7.74999999999987
690 -2.624999999999935
691 -2.594999999999936
692 -7.814999999999869
693 -7.669999999999872
694 -2.5999999999999357
695 -2.6149999999999354
696 -2.5599999999999365
697 -2.6499999999999346
698 -2.589999999999936
699 -7.829999999999869
700 -7.639999999999873
701 -2.684999999999934
702 -2.6199999999999353
703 -2.584999999999936
704 -2.6099999999999355
705 -7.859999999999868
706 -2.5649999999999364
707 -5.169999999999872
708 -2.624999999999935
709 -2.6649999999999343
710 -0.02999999999991556
711 -2.5499999999999368
712 -0.09499999999991557
713 -7.819999999999869
714 -0.06999999999991555
715 -7.614999999999873
716 -0.07999999999991556
717 -2.539999999999937
718 -2.6599999999999344
719 -2.669999999999934
720 -2.5549999999999367
721 -2.534999999999937
722 -2.6149999999999354
723 -2.5499999999999368
724 -7.609999999999873
725 -7.539999999999875
726 -0.19499999999991566
727 -7.74999999999987
728 -7.614999999999873
729 -7.839999999999868
730 -2.5549999999999367
731 -7.5999999999998735
732 -5.27499999999987
733 -7.669999999999872
734 -2.534999999999937
735 -2.6149999999999354
736 -2.6649999999999343
737 -2.5649999999999364
738 -0.03499999999991556
739 -2.589999999999936
740 -2.594999999999936
741 -7.669999999999872
742 -2.6199999999999353
743 -2.534999999999937
744 -2.594999999999936
745 -7.729999999999871
746 -7.639999999999873
747 -2.6049999999999356
748 -2.669999999999934
749 -2.6949999999999337
750 -2.579999999999936
751 -2.6499999999999346
752 -7.669999999999872
753 -2.534999999999937
754 -2.594999999999936
755 -7.6499999999998725
756 -7.689999999999872
757 -7.609999999999873
758 -2.584999999999936
759 -2.6949999999999337
760 -2.534999999999937
761 -2.6199999999999353
762 -2.5599999999999365
763 -2.5749999999999362
764 -0.08499999999991556
765 -2.5499999999999368
766 -2.6149999999999354
767 -7.729999999999871
768 -7.679999999999872
769 -7.619999999999873
770 -2.5549999999999367
771 -7.639999999999873
772 -7.839999999999868
773 -7.669999999999872
774 -2.679999999999934
775 -7.799999999999869
776 -2.5999999999999357
777 -2.6099999999999355
778 -7.7899999999998695
779 -2.529999999999937
780 -7.709999999999871
781 -2.6199999999999353
782 -2.539999999999937
783 -2.5099999999999376
784 -2.5749999999999362
785 -7.709999999999871
786 -7.699999999999871
787 -2.5699999999999363
788 -7.709999999999871
789 -2.5249999999999373
790 -7.699999999999871
791 -2.544999999999937
792 -2.4799999999999383
793 -2.6099999999999355
794 -7.689999999999872
795 -2.6449999999999347
796 -7.719999999999871
797 -7.669999999999872
798 -2.5749999999999362
799 -2.594999999999936
800 -2.584999999999936
801 -2.544999999999937
802 -2.589999999999936
803 -2.5049999999999377
804 -7.664999999999872
805 -2.6449999999999347
806 -2.6099999999999355
807 -2.539999999999937
808 -7.6499999999998725
809 -7.669999999999872
810 -2.5599999999999365
811 -2.5999999999999357
812 -7.639999999999873
813 -2.594999999999936
814 -2.584999999999936
815 -2.6549999999999345
816 -2.6149999999999354
817 -2.6449999999999347
818 -2.584999999999936
819 -7.679999999999872
820 -2.579999999999936
821 -2.629999999999935
822 -7.76999999999987
823 -7.609999999999873
824 -2.5699999999999363
825 -2.544999999999937
826 -2.5549999999999367
827 -2.5749999999999362
828 -7.579999999999874
829 -2.6049999999999356
830 -2.5999999999999357
831 -0.1249999999999156
832 -2.5649999999999364
833 -7.479999999999876
834 -5.154999999999872
835 -2.5049999999999377
836 -2.544999999999937
837 -2.5149999999999375
838 -2.584999999999936
839 -7.689999999999872
840 -7.709999999999871
841 -2.544999999999937
842 -2.6599999999999344
843 -2.5699999999999363
844 -2.589999999999936
845 -2.6949999999999337
846 -2.5249999999999373
847 -2.5999999999999357
848 -2.624999999999935
849 -2.589999999999936
850 -2.544999999999937
851 -2.589999999999936
852 -2.584999999999936
853 -7.699999999999871
854 -7.77999999999987
855 -2.584999999999936
856 -7.76999999999987
857 -2.584999999999936
858 -2.589999999999936
859 -0.11999999999991559
860 -2.624999999999935
861 -2.5699999999999363
862 -2.6649999999999343
863 -2.634999999999935
864 -7.609999999999873
865 -2.594999999999936
866 -2.6149999999999354
867 -2.6149999999999354
868 -7.579999999999874
869 -2.5549999999999367
870 -2.629999999999935
871 -7.74999999999987
872 -2.529999999999937
873 -2.539999999999937
874 -2.584999999999936
875 -7.709999999999871
876 -7.679999999999872
877 -0.059999999999915545
878 -2.589999999999936
879 -2.5749999999999362
880 -7.914999999999867
881 -2.579999999999936
882 -0.02999999999991556
883 -2.6149999999999354
884 -2.5749999999999362
885 2.385000000000109
886 -2.594999999999936
887 -7.859999999999868
888 -2.5999999999999357
889 -2.5549999999999367
890 -2.594999999999936
891 -7.799999999999869
892 -7.74999999999987
893 -2.6149999999999354
894 -2.5999999999999357
895 -2.5499999999999368
896 -0.09499999999991557
897 -2.544999999999937
898 -2.5749999999999362
899 -2.584999999999936
900 -2.5999999999999357
901 -2.594999999999936
902 -7.619999999999873
903 -7.659999999999872
904 -2.5749999999999362
905 -2.589999999999936
906 -2.5149999999999375
907 -2.6449999999999347
908 -2.5999999999999357
909 -2.6449999999999347
910 -2.489999999999938
911 -2.534999999999937
912 -2.624999999999935
913 -2.539999999999937
914 -2.5999999999999357
915 -2.5699999999999363
916 -7.659999999999872
917 -2.6199999999999353
918 -2.624999999999935
919 -2.624999999999935
920 -0.04499999999991555
921 -2.544999999999937
922 -7.529999999999875
923 -2.5249999999999373
924 -2.639999999999935
925 -2.5999999999999357
926 -2.534999999999937
927 -2.584999999999936
928 -2.594999999999936
929 -2.589999999999936
930 -2.584999999999936
931 -2.589999999999936
932 -2.5699999999999363
933 -2.584999999999936
934 -7.75999999999987
935 -2.5599999999999365
936 -2.629999999999935
937 -2.6099999999999355
938 -7.689999999999872
939 -7.509999999999875
940 -2.584999999999936
941 -2.6199999999999353
942 -2.5749999999999362
943 -2.5499999999999368
944 -7.839999999999868
945 -7.669999999999872
946 -7.609999999999873
947 -2.5649999999999364
948 -7.559999999999874
949 -2.579999999999936
950 -0.1399999999999156
951 -2.534999999999937
952 -2.634999999999935
953 -7.6499999999998725
954 -7.7399999999998705
955 -2.5249999999999373
956 -7.669999999999872
957 -7.619999999999873
958 -2.534999999999937
959 -0.16999999999991564
960 -2.6499999999999346
961 -2.6649999999999343
962 -2.5199999999999374
963 -2.6049999999999356
964 -2.5549999999999367
965 -2.6049999999999356
966 -2.639999999999935
967 -2.5549999999999367
968 -2.5749999999999362
969 -2.579999999999936
970 -2.679999999999934
971 -7.589999999999874
972 -7.659999999999872
973 -2.6149999999999354
974 -7.719999999999871
975 -2.579999999999936
976 -2.5499999999999368
977 -7.684999999999872
978 -2.5099999999999376
979 -7.659999999999872
980 -7.709999999999871
981 -7.5999999999998735
982 -2.5749999999999362
983 -7.829999999999869
984 -2.6049999999999356
985 -2.5149999999999375
986 -2.529999999999937
987 -2.5499999999999368
988 -2.6149999999999354
989 -2.6199999999999353
990 -2.624999999999935
991 -2.594999999999936
992 -2.6199999999999353
993 -2.6049999999999356
994 -2.5599999999999365
995 -2.579999999999936
996 -2.5499999999999368
997 -2.594999999999936
998 -7.724999999999871
999 -7.659999999999872
1000 -2.544999999999937
1001 -2.584999999999936
1002 -7.569999999999874
1003 -2.5199999999999374
1004 -2.5199999999999374
1005 -2.5549999999999367
1006 -2.6099999999999355
1007 -0.15499999999991562
1008 -2.5699999999999363
1009 -2.5749999999999362
1010 -2.679999999999934
1011 -2.5549999999999367
1012 -2.584999999999936
1013 -2.5599999999999365
1014 -2.5649999999999364
1015 -2.6599999999999344
1016 -2.539999999999937
1017 -2.529999999999937
1018 -7.519999999999875
1019 -2.5999999999999357
1020 -2.6149999999999354
1021 -2.6549999999999345
1022 -5.164999999999872
1023 -2.5699999999999363
1024 -2.6099999999999355
1025 -2.6199999999999353
1026 -2.6449999999999347
1027 -7.719999999999871
1028 -2.589999999999936
1029 -7.6949999999998715
1030 -2.5599999999999365
1031 -2.579999999999936
1032 -7.549999999999875
1033 -2.5649999999999364
1034 -2.6049999999999356
1035 -2.529999999999937
1036 -2.724999999999933
1037 -2.6449999999999347
1038 -7.669999999999872
1039 -2.6099999999999355
1040 -2.5599999999999365
1041 -2.539999999999937
1042 -7.719999999999871
1043 -2.5499999999999368
1044 -7.719999999999871
1045 -2.594999999999936
1046 -2.589999999999936
1047 -2.529999999999937
1048 -2.589999999999936
1049 -2.5149999999999375
1050 -2.5599999999999365
1051 -7.569999999999874
1052 -7.539999999999875
1053 -2.594999999999936
1054 -2.5699999999999363
1055 -2.6149999999999354
1056 -7.719999999999871
1057 -7.75999999999987
1058 -5.109999999999873
1059 -2.5199999999999374
1060 -2.669999999999934
1061 -7.549999999999875
1062 -2.6099999999999355
1063 -7.634999999999873
1064 -2.6149999999999354
1065 -2.529999999999937
1066 -2.529999999999937
1067 -2.634999999999935
1068 -7.6499999999998725
1069 -2.669999999999934
1070 -7.699999999999871
1071 -2.579999999999936
1072 -7.659999999999872
1073 -2.5549999999999367
1074 -2.6049999999999356
1075 -2.5599999999999365
1076 -2.5649999999999364
1077 -2.669999999999934
1078 -2.624999999999935
1079 -2.6499999999999346
1080 -2.6149999999999354
1081 -7.604999999999873
1082 -2.639999999999935
1083 -2.5599999999999365
1084 -2.674999999999934
1085 -2.5999999999999357
1086 -2.5649999999999364
1087 -2.6149999999999354
1088 -7.714999999999871
1089 -2.6049999999999356
1090 -2.6499999999999346
1091 -2.5499999999999368
1092 -2.6149999999999354
1093 -2.5749999999999362
1094 -2.5749999999999362
1095 -7.6949999999998715
1096 -7.479999999999876
1097 -2.5499999999999368
1098 -2.6499999999999346
1099 -2.5999999999999357
1100 -7.669999999999872
1101 -2.6049999999999356
1102 -2.5999999999999357
1103 -2.584999999999936
1104 -2.6949999999999337
1105 -2.5699999999999363
1106 -2.589999999999936
1107 -2.6549999999999345
1108 -7.644999999999873
1109 -2.6899999999999338
1110 -2.624999999999935
1111 -7.8799999999998676
1112 -2.594999999999936
1113 -5.26999999999987
1114 -2.5749999999999362
1115 -2.499999999999938
1116 -2.629999999999935
1117 -7.639999999999873
1118 -7.76999999999987
1119 -7.77999999999987
1120 -2.5199999999999374
1121 -7.819999999999869
1122 -2.544999999999937
1123 -7.539999999999875
1124 -2.5599999999999365
1125 -2.529999999999937
1126 -0.04499999999991555
1127 -2.579999999999936
1128 -2.5099999999999376
1129 -2.5649999999999364
1130 -2.6499999999999346
1131 -2.6199999999999353
1132 -2.539999999999937
1133 -2.5199999999999374
1134 -2.589999999999936
1135 -2.5599999999999365
1136 -2.6199999999999353
1137 -2.5749999999999362
1138 -2.6949999999999337
1139 -2.5999999999999357
1140 -2.5049999999999377
1141 -2.584999999999936
1142 -7.689999999999872
1143 -7.679999999999872
1144 -2.6999999999999336
1145 -2.579999999999936
1146 -2.5749999999999362
1147 -2.5699999999999363
1148 -2.539999999999937
1149 -2.579999999999936
1150 -2.534999999999937
1151 -2.5999999999999357
1152 -2.5599999999999365
1153 -2.589999999999936
1154 -2.584999999999936
1155 -2.6199999999999353
1156 -2.6049999999999356
1157 -7.74999999999987
1158 -2.584999999999936
1159 -5.139999999999873
1160 -2.5749999999999362
1161 -2.624999999999935
1162 -2.6199999999999353
1163 -7.7399999999998705
1164 -2.6199999999999353
1165 -2.6099999999999355
1166 -7.704999999999871
1167 -2.6449999999999347
1168 -2.6099999999999355
1169 -2.579999999999936
1170 -5.139999999999873
1171 -2.5999999999999357
1172 -2.629999999999935
1173 -7.76499999999987
1174 -7.75999999999987
1175 -2.579999999999936
1176 -2.594999999999936
1177 -7.659999999999872
1178 -2.6099999999999355
1179 -7.579999999999874
1180 -2.5249999999999373
1181 -7.439999999999877
1182 -2.6449999999999347
1183 -2.5199999999999374
1184 -7.6499999999998725
1185 -2.489999999999938
1186 -2.5699999999999363
1187 -2.5749999999999362
1188 -7.679999999999872
1189 -7.579999999999874
1190 -2.6099999999999355
1191 -2.5649999999999364
1192 -2.539999999999937
1193 -2.539999999999937
1194 -2.589999999999936
1195 -7.629999999999873
1196 -0.05499999999991555
1197 -2.5999999999999357
1198 -2.669999999999934
1199 -2.634999999999935
1200 -2.5749999999999362
1201 -2.589999999999936
1202 -7.559999999999874
1203 -2.5749999999999362
1204 -2.589999999999936
1205 -7.659999999999872
1206 -7.659999999999872
1207 -7.74999999999987
1208 -2.489999999999938
1209 -7.799999999999869
1210 -2.5549999999999367
1211 -2.5549999999999367
1212 -2.5649999999999364
1213 -7.5549999999998745
1214 -7.679999999999872
1215 -2.5149999999999375
1216 -2.6149999999999354
1217 -7.7399999999998705
1218 -2.589999999999936
1219 -7.74999999999987
1220 -2.544999999999937
1221 -2.629999999999935
1222 -2.594999999999936
1223 -7.679999999999872
1224 -2.5249999999999373
1225 -2.5599999999999365
1226 -2.624999999999935
1227 -7.679999999999872
1228 -2.624999999999935
1229 -2.5599999999999365
1230 -2.5749999999999362
1231 -7.569999999999874
1232 -2.6149999999999354
1233 -2.5599999999999365
1234 -2.6049999999999356
1235 -7.619999999999873
1236 -2.5649999999999364
1237 -7.644999999999873
1238 -2.5749999999999362
1239 -2.5199999999999374
1240 -7.539999999999875
1241 -2.5649999999999364
1242 -2.5249999999999373
1243 -2.5549999999999367
1244 -2.624999999999935
1245 -7.709999999999871
1246 -2.6049999999999356
1247 -2.5749999999999362
1248 -0.1299999999999156
1249 -2.6149999999999354
1250 -2.5549999999999367
1251 -2.6149999999999354
1252 -2.529999999999937
1253 -2.6149999999999354
1254 -2.584999999999936
1255 -2.629999999999935
1256 -2.5599999999999365
1257 -7.709999999999871
1258 -2.5649999999999364
1259 -2.5599999999999365
1260 -2.6049999999999356
1261 -2.584999999999936
1262 -2.5599999999999365
1263 -2.5699999999999363
1264 -0.09499999999991557
1265 -2.5249999999999373
1266 -2.5999999999999357
1267 -2.539999999999937
1268 -2.529999999999937
1269 -2.6599999999999344
1270 -2.5749999999999362
1271 -2.5249999999999373
1272 -7.519999999999875
1273 -7.579999999999874
1274 -2.6049999999999356
1275 -2.6599999999999344
1276 -2.684999999999934
1277 -2.589999999999936
1278 -2.544999999999937
1279 -2.5599999999999365
1280 -2.6199999999999353
1281 -7.529999999999875
1282 -2.579999999999936
1283 -2.534999999999937
1284 -7.74999999999987
1285 -2.5749999999999362
1286 -2.5749999999999362
1287 -2.5999999999999357
1288 -2.529999999999937
1289 -2.6099999999999355
1290 -7.589999999999874
1291 -2.5499999999999368
1292 -2.529999999999937
1293 -7.659999999999872
1294 -2.6449999999999347
1295 -5.129999999999873
1296 -2.589999999999936
1297 -7.74999999999987
1298 -2.6049999999999356
1299 -2.544999999999937
1300 -2.639999999999935
1301 -2.6199999999999353
1302 -2.584999999999936
1303 -7.734999999999871
1304 -7.679999999999872
1305 -2.5549999999999367
1306 -2.6599999999999344
1307 -2.589999999999936
1308 -2.489999999999938
1309 -2.544999999999937
1310 -2.674999999999934
1311 -2.584999999999936
1312 -2.5249999999999373
1313 -2.5999999999999357
1314 -2.6049999999999356
1315 -7.729999999999871
1316 -7.579999999999874
1317 -7.829999999999869
1318 -7.689999999999872
1319 -2.5649999999999364
1320 -2.629999999999935
1321 -7.7899999999998695
1322 -2.5649999999999364
1323 -2.674999999999934
1324 -2.5999999999999357
1325 -7.899999999999867
1326 -7.539999999999875
1327 -7.6499999999998725
1328 -7.569999999999874
1329 -2.6049999999999356
1330 -2.5649999999999364
1331 -2.6149999999999354
1332 -2.5549999999999367
1333 -2.5749999999999362
1334 -2.594999999999936
1335 -2.584999999999936
1336 -7.669999999999872
1337 -2.624999999999935
1338 -2.5499999999999368
1339 -2.6549999999999345
1340 -2.629999999999935
1341 -2.5749999999999362
1342 -7.629999999999873
1343 -2.534999999999937
1344 -7.569999999999874
1345 -2.5649999999999364
1346 -2.6049999999999356
1347 -7.76999999999987
1348 -2.529999999999937
1349 -2.5999999999999357
1350 -7.659999999999872
1351 -2.6199999999999353
1352 -2.584999999999936
1353 -2.5549999999999367
1354 -2.674999999999934
1355 -2.5049999999999377
1356 -2.539999999999937
1357 -2.674999999999934
1358 -2.629999999999935
1359 -2.5199999999999374
1360 -2.6099999999999355
1361 -2.5999999999999357
1362 -2.5699999999999363
1363 -2.624999999999935
1364 -2.6099999999999355
1365 -2.6149999999999354
1366 -2.584999999999936
1367 -2.6049999999999356
1368 -2.544999999999937
1369 -2.634999999999935
1370 -2.634999999999935
1371 -2.5599999999999365
1372 -2.5699999999999363
1373 -7.589999999999874
1374 -7.659999999999872
1375 -7.809999999999869
1376 -2.5649999999999364
1377 -2.6449999999999347
1378 -2.5999999999999357
1379 -7.604999999999873
1380 -2.589999999999936
1381 -7.7399999999998705
1382 -2.539999999999937
1383 -0.09499999999991557
1384 -2.6099999999999355
1385 -2.589999999999936
1386 -2.579999999999936
1387 -2.499999999999938
1388 -2.6049999999999356
1389 -2.579999999999936
1390 -2.624999999999935
1391 -2.499999999999938
1392 -7.569999999999874
1393 -2.629999999999935
1394 -0.09999999999991557
1395 -2.5999999999999357
1396 -5.159999999999872
1397 -2.6899999999999338
1398 -7.669999999999872
1399 -7.7399999999998705
1400 -2.5499999999999368
1401 -2.5499999999999368
1402 -7.689999999999872
1403 0.005000000000084445
1404 -2.5649999999999364
1405 -2.499999999999938
1406 -2.684999999999934
1407 -2.5149999999999375
1408 -7.4599999999998765
1409 -7.689999999999872
1410 -2.5749999999999362
1411 -7.7399999999998705
1412 -2.5999999999999357
1413 -2.529999999999937
1414 -2.629999999999935
1415 -2.5749999999999362
1416 -5.009999999999875
1417 -2.584999999999936
1418 -7.734999999999871
1419 -2.579999999999936
1420 -7.7399999999998705
1421 -2.539999999999937
1422 -2.5199999999999374
1423 -7.669999999999872
1424 -2.5499999999999368
1425 -0.09499999999991557
1426 -2.5499999999999368
1427 -2.5749999999999362
1428 -2.539999999999937
1429 -0.11999999999991559
1430 -2.589999999999936
1431 -2.624999999999935
1432 -2.6549999999999345
1433 -7.549999999999875
1434 -7.519999999999875
1435 -7.7399999999998705
1436 -2.5699999999999363
1437 -7.75999999999987
1438 -2.5599999999999365
1439 -2.5649999999999364
1440 -2.544999999999937
1441 -2.5049999999999377
1442 -7.549999999999875
1443 -2.529999999999937
1444 -2.629999999999935
1445 -2.544999999999937
1446 -2.529999999999937
1447 -2.624999999999935
1448 -7.76999999999987
1449 -2.5099999999999376
1450 -2.6449999999999347
1451 -2.5549999999999367
1452 -2.5499999999999368
1453 -2.534999999999937
1454 -2.624999999999935
1455 -2.534999999999937
1456 0.020000000000084447
1457 -2.5499999999999368
1458 -2.584999999999936
1459 -2.639999999999935
1460 -7.799999999999869
1461 -2.6449999999999347
1462 -2.624999999999935
1463 -2.6499999999999346
1464 -7.609999999999873
1465 -2.579999999999936
1466 -2.544999999999937
1467 -2.6499999999999346
1468 -2.544999999999937
1469 -2.529999999999937
1470 -2.5599999999999365
1471 -5.169999999999872
1472 -7.729999999999871
1473 -2.634999999999935
1474 -7.7899999999998695
1475 -2.5199999999999374
1476 -7.589999999999874
1477 -7.679999999999872
1478 -2.589999999999936
1479 -2.669999999999934
1480 -2.624999999999935
1481 -2.594999999999936
1482 -2.6149999999999354
1483 -2.5649999999999364
1484 -2.5599999999999365
1485 -2.5549999999999367
1486 -2.534999999999937
1487 -7.679999999999872
1488 -2.6099999999999355
1489 -2.594999999999936
1490 -2.6149999999999354
1491 -2.594999999999936
1492 -2.584999999999936
1493 -0.1449999999999156
1494 -2.579999999999936
1495 -2.5099999999999376
1496 -2.634999999999935
1497 -2.6549999999999345
1498 -7.629999999999873
1499 -2.5699999999999363
1500 -2.6099999999999355
1501 -2.539999999999937
1502 -2.6199999999999353
1503 -2.584999999999936
1504 -7.76999999999987
1505 -2.579999999999936
1506 -2.589999999999936
1507 -7.559999999999874
1508 -2.544999999999937
1509 -2.6149999999999354
1510 -7.6499999999998725
1511 -2.499999999999938
1512 -2.5199999999999374
1513 -2.589999999999936
1514 -2.6099999999999355
1515 -2.6099999999999355
1516 -2.5499999999999368
1517 -2.494999999999938
1518 -2.579999999999936
1519 -2.5199999999999374
1520 -2.579999999999936
1521 -2.5599999999999365
1522 -2.5099999999999376
1523 -5.0049999999998755
1524 -7.799999999999869
1525 -2.6499999999999346
1526 -2.5099999999999376
1527 -2.499999999999938
1528 -2.5549999999999367
1529 -2.594999999999936
1530 -2.6049999999999356
1531 -2.5749999999999362
1532 -2.5249999999999373
1533 -2.5749999999999362
1534 -2.5549999999999367
1535 -0.07999999999991556
1536 -2.6199999999999353
1537 -2.584999999999936
1538 -2.5649999999999364
1539 -2.499999999999938
1540 -7.639999999999873
1541 -2.6549999999999345
1542 -2.624999999999935
1543 -2.539999999999937
1544 -2.544999999999937
1545 -0.1249999999999156
1546 -2.5649999999999364
1547 -2.5699999999999363
1548 -7.7399999999998705
1549 -7.669999999999872
1550 -7.679999999999872
1551 -2.579999999999936
1552 -2.5149999999999375
1553 -7.824999999999869
1554 -2.594999999999936
1555 -7.74999999999987
1556 -2.584999999999936
1557 -2.5749999999999362
1558 -2.5999999999999357
1559 -7.74499999999987
1560 -2.594999999999936
1561 -7.579999999999874
1562 -2.539999999999937
1563 -2.6049999999999356
1564 -2.5499999999999368
1565 -2.589999999999936
1566 -2.499999999999938
1567 -2.534999999999937
1568 -7.659999999999872
1569 -2.6149999999999354
1570 -7.579999999999874
1571 -7.77999999999987
1572 -2.6149999999999354
1573 -2.679999999999934
1574 -2.5249999999999373
1575 -2.5649999999999364
1576 -2.5599999999999365
1577 -2.6199999999999353
1578 -7.889999999999867
1579 -7.7399999999998705
1580 -2.444999999999939
1581 -7.699999999999871
1582 -2.5749999999999362
1583 -2.584999999999936
1584 -2.6149999999999354
1585 -2.5549999999999367
1586 -2.5149999999999375
1587 -2.579999999999936
1588 -2.6099999999999355
1589 -2.634999999999935
1590 -2.5599999999999365
1591 -7.619999999999873
1592 -7.619999999999873
1593 -7.609999999999873
1594 -7.75999999999987
1595 -2.5749999999999362
1596 -2.6199999999999353
1597 -7.729999999999871
1598 -2.6149999999999354
1599 -2.584999999999936
1600 -2.6099999999999355
1601 -2.639999999999935
1602 -2.5999999999999357
1603 -7.569999999999874
1604 -2.5699999999999363
1605 -2.579999999999936
1606 -2.539999999999937
1607 -2.6199999999999353
1608 -2.5749999999999362
1609 -7.74999999999987
1610 -7.669999999999872
1611 -2.584999999999936
1612 -2.594999999999936
1613 -2.624999999999935
1614 -2.5699999999999363
1615 -2.579999999999936
1616 -2.6099999999999355
1617 -2.5599999999999365
1618 -0.06999999999991555
1619 -7.729999999999871
1620 -7.6499999999998725
1621 -7.579999999999874
1622 -2.5649999999999364
1623 -2.6499999999999346
1624 -2.5549999999999367
1625 -2.5699999999999363
1626 -2.594999999999936
1627 -2.5999999999999357
1628 -2.5249999999999373
1629 -2.6149999999999354
1630 -7.77999999999987
1631 -7.559999999999874
1632 -2.6099999999999355
1633 -7.669999999999872
1634 -7.709999999999871
1635 -7.679999999999872
1636 -2.6049999999999356
1637 -2.6049999999999356
1638 -2.734999999999933
1639 -7.669999999999872
1640 -2.5749999999999362
1641 -2.6449999999999347
1642 -2.5249999999999373
1643 -2.5499999999999368
1644 -7.699999999999871
1645 -2.5599999999999365
1646 -2.5649999999999364
1647 -2.589999999999936
1648 -2.624999999999935
1649 -2.5199999999999374
1650 -7.659999999999872
1651 -7.679999999999872
1652 -2.5699999999999363
1653 -2.5099999999999376
1654 -2.5999999999999357
1655 -2.5649999999999364
1656 -2.5649999999999364
1657 -7.629999999999873
1658 -2.6049999999999356
1659 -2.6149999999999354
1660 -2.5599999999999365
1661 -2.5049999999999377
1662 -7.539999999999875
1663 -2.594999999999936
1664 -2.6049999999999356
1665 -2.6049999999999356
1666 -2.5249999999999373
1667 -7.559999999999874
1668 -7.674999999999872
1669 -7.619999999999873
1670 -7.689999999999872
1671 -2.624999999999935
1672 -2.589999999999936
1673 -2.5499999999999368
1674 -2.579999999999936
1675 -2.6199999999999353
1676 -7.719999999999871
1677 -2.5999999999999357
1678 -7.5999999999998735
1679 -2.6199999999999353
1680 -2.6099999999999355
1681 -2.6099999999999355
1682 -2.6199999999999353
1683 -2.5499999999999368
1684 -2.579999999999936
1685 -2.629999999999935
1686 -2.639999999999935
1687 -2.6049999999999356
1688 -2.5599999999999365
1689 -2.669999999999934
1690 -2.5649999999999364
1691 -2.6199999999999353
1692 -7.499999999999876
1693 -7.679999999999872
1694 -7.699999999999871
1695 -2.534999999999937
1696 -2.499999999999938
1697 -2.6499999999999346
1698 -2.5599999999999365
1699 -7.609999999999873
1700 -2.5699999999999363
1701 -2.584999999999936
1702 -7.719999999999871
1703 -2.5749999999999362
1704 -2.6149999999999354
1705 -2.5649999999999364
1706 -2.6199999999999353
1707 -2.6199999999999353
1708 -2.544999999999937
1709 -2.5049999999999377
1710 -2.5149999999999375
1711 -2.5499999999999368
1712 -2.629999999999935
1713 -7.679999999999872
1714 -2.529999999999937
1715 -2.5099999999999376
1716 -2.499999999999938
1717 -2.5499999999999368
1718 -7.659999999999872
1719 -2.5749999999999362
1720 -2.534999999999937
1721 -7.689999999999872
1722 -2.579999999999936
1723 -2.584999999999936
1724 -2.5599999999999365
1725 -2.5049999999999377
1726 -2.5499999999999368
1727 -2.5649999999999364
1728 -2.634999999999935
1729 0.005000000000084445
1730 -7.76999999999987
1731 -2.624999999999935
1732 -2.579999999999936
1733 -2.594999999999936
1734 -2.579999999999936
1735 -7.609999999999873
1736 -2.6649999999999343
1737 -0.10499999999991558
1738 -2.5749999999999362
1739 -2.6049999999999356
1740 -2.5149999999999375
1741 -2.589999999999936
1742 -7.609999999999873
1743 -2.529999999999937
1744 -0.14999999999991562
1745 -2.584999999999936
1746 -0.09499999999991557
1747 -2.5649999999999364
1748 -7.719999999999871
1749 -2.5649999999999364
1750 -2.579999999999936
1751 -2.5049999999999377
1752 -2.6199999999999353
1753 -0.06499999999991554
1754 -2.499999999999938
1755 -2.594999999999936
1756 -7.629999999999873
1757 -0.04999999999991555
1758 -2.484999999999938
1759 -0.039999999999915554
1760 -2.494999999999938
1761 -7.76999999999987
1762 -2.529999999999937
1763 -2.674999999999934
1764 -2.579999999999936
1765 -2.5499999999999368
1766 -2.539999999999937
1767 -2.6099999999999355
1768 -2.539999999999937
1769 -7.5999999999998735
1770 -7.869999999999868
1771 -2.5249999999999373
1772 -7.704999999999871
1773 -2.5049999999999377
1774 -2.579999999999936
1775 -2.639999999999935
1776 -2.624999999999935
1777 -7.664999999999872
1778 -2.539999999999937
1779 -2.5599999999999365
1780 -7.589999999999874
1781 -7.689999999999872
1782 -7.559999999999874
1783 -7.74999999999987
1784 -7.709999999999871
1785 -2.629999999999935
1786 -7.489999999999876
1787 -7.719999999999871
1788 -5.184999999999872
1789 -7.539999999999875
1790 -7.679999999999872
1791 -2.539999999999937
1792 -2.679999999999934
1793 -2.5699999999999363
1794 -7.479999999999876
1795 -2.534999999999937
1796 -2.639999999999935
1797 -7.709999999999871
1798 -7.619999999999873
1799 -0.1399999999999156
1800 -2.629999999999935
1801 -7.729999999999871
1802 -2.5499999999999368
1803 -2.529999999999937
1804 -7.799999999999869
1805 -0.05499999999991555
1806 -7.619999999999873
1807 -2.544999999999937
1808 -2.594999999999936
1809 -2.494999999999938
1810 -7.729999999999871
1811 -2.544999999999937
1812 -2.6149999999999354
1813 -2.589999999999936
1814 -2.5499999999999368
1815 -2.5749999999999362
1816 -2.719999999999933
1817 -2.5499999999999368
1818 -2.539999999999937
1819 -2.539999999999937
1820 -2.5999999999999357
1821 -2.584999999999936
1822 -7.659999999999872
1823 -2.5649999999999364
1824 -2.589999999999936
1825 -2.5249999999999373
1826 -5.359999999999868
1827 -7.719999999999871
1828 -2.6049999999999356
1829 -5.219999999999871
1830 -7.549999999999875
1831 -2.594999999999936
1832 -7.659999999999872
1833 -5.26499999999987
1834 -2.579999999999936
1835 -2.529999999999937
1836 -7.524999999999875
1837 -7.689999999999872
1838 -7.684999999999872
1839 -2.629999999999935
1840 -2.4699999999999385
1841 -2.629999999999935
1842 -7.639999999999873
1843 -2.6149999999999354
1844 -7.689999999999872
1845 -2.6149999999999354
1846 -7.679999999999872
1847 -7.539999999999875
1848 -7.659999999999872
1849 -2.5699999999999363
1850 -2.544999999999937
1851 -2.544999999999937
1852 -2.529999999999937
1853 -2.5699999999999363
1854 -2.6449999999999347
1855 -2.5999999999999357
1856 -2.544999999999937
1857 -2.5599999999999365
1858 -2.539999999999937
1859 -7.6499999999998725
1860 -2.594999999999936
1861 -2.579999999999936
1862 -0.11999999999991559
1863 -2.6149999999999354
1864 -7.589999999999874
1865 -2.5149999999999375
1866 -2.5649999999999364
1867 -2.6049999999999356
1868 -2.594999999999936
1869 -2.5549999999999367
1870 -2.539999999999937
1871 -2.5699999999999363
1872 -2.6199999999999353
1873 -7.639999999999873
1874 -2.589999999999936
1875 -2.5149999999999375
1876 -2.679999999999934
1877 -7.679999999999872
1878 -7.639999999999873
1879 -2.6449999999999347
1880 -2.624999999999935
1881 -2.6049999999999356
1882 -2.529999999999937
1883 -2.589999999999936
1884 -2.624999999999935
1885 -2.584999999999936
1886 -2.539999999999937
1887 -7.669999999999872
1888 -7.689999999999872
1889 -2.6199999999999353
1890 -2.594999999999936
1891 -2.579999999999936
1892 -2.579999999999936
1893 -2.6099999999999355
1894 -2.6049999999999356
1895 -2.494999999999938
1896 -2.5599999999999365
1897 -2.6149999999999354
1898 -5.24499999999987
1899 -2.5599999999999365
1900 -2.594999999999936
1901 -2.6099999999999355
1902 -2.634999999999935
1903 -7.799999999999869
1904 -7.729999999999871
1905 -2.629999999999935
1906 -2.594999999999936
1907 -2.594999999999936
1908 -2.494999999999938
1909 -2.639999999999935
1910 -7.689999999999872
1911 -2.534999999999937
1912 -7.699999999999871
1913 -2.589999999999936
1914 -2.6149999999999354
1915 -2.5699999999999363
1916 -2.624999999999935
1917 -2.5649999999999364
1918 -2.6099999999999355
1919 -2.579999999999936
1920 -2.5749999999999362
1921 -2.6049999999999356
1922 -2.584999999999936
1923 -7.6499999999998725
1924 -7.77999999999987
1925 -2.6649999999999343
1926 -2.484999999999938
1927 -2.544999999999937
1928 -2.584999999999936
1929 -2.594999999999936
1930 -2.6049999999999356
1931 -2.589999999999936
1932 -2.5599999999999365
1933 -2.5749999999999362
1934 -2.6449999999999347
1935 -2.5999999999999357
1936 -2.629999999999935
1937 -2.6099999999999355
1938 -2.5599999999999365
1939 -2.5549999999999367
1940 -2.484999999999938
1941 -2.629999999999935
1942 -2.669999999999934
1943 -2.544999999999937
1944 -2.6049999999999356
1945 -7.75999999999987
1946 -2.544999999999937
1947 -2.5599999999999365
1948 -2.584999999999936
1949 -2.5249999999999373
1950 -2.679999999999934
1951 -2.5199999999999374
1952 -0.08999999999991556
1953 -2.589999999999936
1954 -2.629999999999935
1955 -2.5499999999999368
1956 -2.584999999999936
1957 -2.534999999999937
1958 -0.11999999999991559
1959 -0.07499999999991555
1960 -2.584999999999936
1961 -2.494999999999938
1962 -2.6499999999999346
1963 -2.584999999999936
1964 -2.589999999999936
1965 -2.6549999999999345
1966 -2.594999999999936
1967 -7.7899999999998695
1968 -2.6099999999999355
1969 -2.5699999999999363
1970 -2.6149999999999354
1971 -2.6049999999999356
1972 -7.699999999999871
1973 -2.579999999999936
1974 -7.669999999999872
1975 -7.704999999999871
1976 -2.6199999999999353
1977 -7.584999999999874
1978 -2.5499999999999368
1979 -7.709999999999871
1980 -2.584999999999936
1981 -2.4649999999999386
1982 -2.594999999999936
1983 -7.519999999999875
1984 -2.5699999999999363
1985 -2.5599999999999365
1986 -2.5499999999999368
1987 -2.584999999999936
1988 -2.6049999999999356
1989 -2.629999999999935
1990 -2.579999999999936
1991 -7.514999999999875
1992 -7.709999999999871
1993 -2.5049999999999377
1994 -2.5749999999999362
1995 -2.589999999999936
1996 -2.5199999999999374
1997 -5.029999999999875
1998 -7.729999999999871
1999 -2.579999999999936
5178.425970077515
