0 -2.5749999999999362
1 -2.594999999999936
2 -2.584999999999936
3 -2.629999999999935
4 -2.6549999999999345
5 -0.07999999999991556
6 -2.634999999999935
7 -2.639999999999935
8 -2.6599999999999344
9 -0.09999999999991557
10 -2.5999999999999357
11 -2.639999999999935
12 -2.5499999999999368
13 -2.539999999999937
14 -2.6049999999999356
15 -2.6449999999999347
16 -2.579999999999936
17 -2.6149999999999354
18 -2.579999999999936
19 -2.6549999999999345
20 -2.5549999999999367
21 -2.594999999999936
22 -2.5499999999999368
23 0.025000000000084448
24 -2.499999999999938
25 -2.6549999999999345
26 -2.584999999999936
27 -2.6049999999999356
28 -2.544999999999937
29 -2.5999999999999357
30 -2.5549999999999367
31 -2.5699999999999363
32 -2.6549999999999345
33 -2.539999999999937
34 -2.6199999999999353
35 -2.5699999999999363
36 -2.589999999999936
37 -2.5599999999999365
38 2.430000000000108
39 -2.529999999999937
40 -2.4799999999999383
41 -2.5599999999999365
42 -2.579999999999936
43 -2.6499999999999346
44 -2.6099999999999355
45 -2.624999999999935
46 -2.539999999999937
47 -2.5999999999999357
48 -2.634999999999935
49 -2.5249999999999373
50 -2.594999999999936
51 -2.544999999999937
52 -2.6149999999999354
53 -2.579999999999936
54 -2.5549999999999367
55 -2.624999999999935
56 -2.584999999999936
57 -2.5499999999999368
58 -2.589999999999936
59 -2.5699999999999363
60 -2.579999999999936
61 -2.6199999999999353
62 -0.08999999999991556
63 -2.4799999999999383
64 -2.5199999999999374
65 -2.544999999999937
66 -2.624999999999935
67 -2.589999999999936
68 -2.5249999999999373
69 -2.5249999999999373
70 -2.6549999999999345
71 -2.584999999999936
72 -2.5999999999999357
73 -2.529999999999937
74 -2.6449999999999347
75 -0.15499999999991562
76 -2.629999999999935
77 -0.09999999999991557
78 -2.6499999999999346
79 -2.5649999999999364
80 -2.629999999999935
81 -2.5599999999999365
82 -2.679999999999934
83 -2.6049999999999356
84 -2.624999999999935
85 -2.589999999999936
86 -2.539999999999937
87 -2.5699999999999363
88 -2.579999999999936
89 -2.539999999999937
90 -2.6549999999999345
91 -0.07499999999991555
92 -2.6099999999999355
93 -2.499999999999938
94 -0.059999999999915545
95 -2.5599999999999365
96 -2.634999999999935
97 -2.5699999999999363
98 -2.584999999999936
99 -2.629999999999935
100 -0.16999999999991564
101 -2.529999999999937
102 -2.589999999999936
103 -2.639999999999935
104 -2.584999999999936
105 -2.5749999999999362
106 -2.534999999999937
107 -2.634999999999935
108 -2.584999999999936
109 -0.08999999999991556
110 -2.5749999999999362
111 -2.5599999999999365
112 -2.579999999999936
113 -2.6199999999999353
114 -2.639999999999935
115 -2.579999999999936
116 -2.579999999999936
117 -2.584999999999936
118 -2.5999999999999357
119 -2.6049999999999356
120 -2.544999999999937
121 -2.5249999999999373
122 -2.6149999999999354
123 -2.6049999999999356
124 -2.5649999999999364
125 -2.6099999999999355
126 -2.4699999999999385
127 -2.534999999999937
128 -2.5549999999999367
129 -2.579999999999936
130 -2.6599999999999344
131 -2.594999999999936
132 -2.544999999999937
133 -2.5699999999999363
134 -2.589999999999936
135 -2.6149999999999354
136 -0.1249999999999156
137 -0.09999999999991557
138 -2.594999999999936
139 -2.594999999999936
140 -2.5999999999999357
141 -2.594999999999936
142 -2.5249999999999373
143 -2.629999999999935
144 -2.6149999999999354
145 -2.5599999999999365
146 -2.4699999999999385
147 -0.04999999999991555
148 -2.5699999999999363
149 -2.539999999999937
150 -2.5999999999999357
151 -2.6199999999999353
152 -2.5499999999999368
153 4.924999999999759
154 -0.07499999999991555
155 -2.584999999999936
156 -2.5999999999999357
157 -2.5649999999999364
158 -2.5549999999999367
159 -2.5699999999999363
160 -2.5499999999999368
161 -2.544999999999937
162 -2.6199999999999353
163 -2.6149999999999354
164 -2.624999999999935
165 -2.579999999999936
166 -2.579999999999936
167 -2.6149999999999354
168 -0.07499999999991555
169 -2.5599999999999365
170 -2.4649999999999386
171 -2.6149999999999354
172 -2.594999999999936
173 -2.5699999999999363
174 -2.5199999999999374
175 -2.6199999999999353
176 -2.594999999999936
177 -2.544999999999937
178 -2.6499999999999346
179 -2.5699999999999363
180 -2.6549999999999345
181 -2.594999999999936
182 -2.5699999999999363
183 -2.5699999999999363
184 -2.6149999999999354
185 -2.5549999999999367
186 -2.5549999999999367
187 -2.5599999999999365
188 -2.5549999999999367
189 -2.5499999999999368
190 -2.594999999999936
191 -2.6049999999999356
192 -2.5549999999999367
193 -2.579999999999936
194 -2.5499999999999368
195 -2.5499999999999368
196 -2.529999999999937
197 -2.589999999999936
198 -2.579999999999936
199 -2.639999999999935
200 -2.634999999999935
201 -2.5749999999999362
202 -2.6199999999999353
203 -2.539999999999937
204 -2.5549999999999367
205 -2.589999999999936
206 -2.6099999999999355
207 -2.539999999999937
208 -2.4799999999999383
209 -2.584999999999936
210 -0.10499999999991558
211 -2.594999999999936
212 -2.634999999999935
213 -2.6099999999999355
214 -2.5249999999999373
215 -2.5599999999999365
216 -0.04499999999991555
217 -2.6149999999999354
218 -2.629999999999935
219 -2.5099999999999376
220 -2.5699999999999363
221 -2.584999999999936
222 -2.6199999999999353
223 -2.679999999999934
224 -2.674999999999934
225 -2.529999999999937
226 -2.544999999999937
227 -2.594999999999936
228 -2.544999999999937
229 -2.544999999999937
230 -2.544999999999937
231 -0.03499999999991556
232 -2.594999999999936
233 -2.5549999999999367
234 -2.634999999999935
235 -2.6099999999999355
236 -2.5499999999999368
237 -2.594999999999936
238 -2.594999999999936
239 -2.5599999999999365
240 -2.589999999999936
241 -2.579999999999936
242 -2.6149999999999354
243 -2.6449999999999347
244 -2.544999999999937
245 -2.539999999999937
246 -2.639999999999935
247 -2.594999999999936
248 -2.499999999999938
249 -2.5749999999999362
250 -2.589999999999936
251 -2.579999999999936
252 -2.589999999999936
253 -2.539999999999937
254 -2.5649999999999364
255 -2.5149999999999375
256 -2.6149999999999354
257 -2.5599999999999365
258 -0.1249999999999156
259 -2.5999999999999357
260 -2.6449999999999347
261 -2.5749999999999362
262 -2.5499999999999368
263 -2.6049999999999356
264 -2.5599999999999365
265 -2.494999999999938
266 -2.5499999999999368
267 -2.5099999999999376
268 -2.5749999999999362
269 -2.594999999999936
270 -2.5549999999999367
271 -2.6599999999999344
272 -2.539999999999937
273 -2.6599999999999344
274 -2.5999999999999357
275 -2.589999999999936
276 -2.624999999999935
277 -2.6599999999999344
278 -2.6049999999999356
279 -2.6099999999999355
280 -2.5749999999999362
281 -2.539999999999937
282 -2.5499999999999368
283 -2.6149999999999354
284 -2.6599999999999344
285 -2.5249999999999373
286 -2.6199999999999353
287 -2.634999999999935
288 -2.5699999999999363
289 -2.5049999999999377
290 -2.584999999999936
291 -2.5649999999999364
292 -2.5199999999999374
293 -2.594999999999936
294 -2.639999999999935
295 -2.629999999999935
296 -2.5699999999999363
297 -2.454999999999939
298 -2.594999999999936
299 -2.6549999999999345
300 -2.6099999999999355
301 -2.594999999999936
302 -2.584999999999936
303 -0.07999999999991556
304 -2.6049999999999356
305 -2.594999999999936
306 -2.624999999999935
307 -2.5549999999999367
308 -2.5199999999999374
309 2.4100000000001085
310 -2.634999999999935
311 -2.5699999999999363
312 -2.6099999999999355
313 -2.6099999999999355
314 -2.634999999999935
315 -2.5049999999999377
316 -2.594999999999936
317 -2.584999999999936
318 -2.6149999999999354
319 -2.539999999999937
320 -2.6099999999999355
321 -2.5699999999999363
322 -2.5649999999999364
323 -2.579999999999936
324 -2.539999999999937
325 -2.6149999999999354
326 -2.5599999999999365
327 -2.529999999999937
328 -2.589999999999936
329 -2.5149999999999375
330 -2.5749999999999362
331 -2.594999999999936
332 -2.5549999999999367
333 -2.594999999999936
334 -2.6099999999999355
335 -2.589999999999936
336 -2.6649999999999343
337 -2.594999999999936
338 -2.584999999999936
339 -2.584999999999936
340 -2.534999999999937
341 -2.5199999999999374
342 -2.584999999999936
343 -2.6599999999999344
344 -2.534999999999937
345 -2.589999999999936
346 -2.5249999999999373
347 -2.6049999999999356
348 -2.5199999999999374
349 -2.5049999999999377
350 -2.5549999999999367
351 -2.584999999999936
352 -2.5499999999999368
353 -2.6199999999999353
354 -2.6199999999999353
355 -2.6199999999999353
356 -0.11999999999991559
357 -2.5749999999999362
358 -2.5699999999999363
359 -2.6099999999999355
360 -2.5749999999999362
361 -2.634999999999935
362 -2.489999999999938
363 -2.6599999999999344
364 -2.634999999999935
365 -2.5099999999999376
366 -2.6149999999999354
367 -2.639999999999935
368 -2.589999999999936
369 -2.6049999999999356
370 -2.5699999999999363
371 -2.6049999999999356
372 -2.6499999999999346
373 -2.5749999999999362
374 -2.629999999999935
375 -2.534999999999937
376 -2.584999999999936
377 -0.1449999999999156
378 -2.5649999999999364
379 -2.6099999999999355
380 -2.5999999999999357
381 -2.539999999999937
382 -2.5649999999999364
383 -2.6149999999999354
384 -2.544999999999937
385 -2.5649999999999364
386 -2.6149999999999354
387 -2.6199999999999353
388 -2.6199999999999353
389 -2.639999999999935
390 -2.5499999999999368
391 -2.6099999999999355
392 -2.6149999999999354
393 -2.589999999999936
394 -2.634999999999935
395 -2.5499999999999368
396 -2.579999999999936
397 -0.15499999999991562
398 -2.6099999999999355
399 -2.5999999999999357
400 -2.6049999999999356
401 -2.6649999999999343
402 -2.534999999999937
403 -2.5599999999999365
404 -2.594999999999936
405 -2.624999999999935
406 -2.589999999999936
407 -2.6499999999999346
408 -2.5599999999999365
409 -2.629999999999935
410 -2.5699999999999363
411 -2.6099999999999355
412 -2.6649999999999343
413 -2.5649999999999364
414 -2.6099999999999355
415 -0.0049999999999155555
416 -2.584999999999936
417 -2.6649999999999343
418 -2.624999999999935
419 -2.584999999999936
420 -2.719999999999933
421 -2.5649999999999364
422 -2.5999999999999357
423 -2.5049999999999377
424 -2.6099999999999355
425 -0.059999999999915545
426 -2.529999999999937
427 -2.529999999999937
428 -2.6549999999999345
429 -2.5699999999999363
430 -2.5249999999999373
431 -2.5249999999999373
432 -2.5249999999999373
433 -0.1349999999999156
434 -2.5549999999999367
435 -2.5549999999999367
436 -2.594999999999936
437 -2.6049999999999356
438 -2.6149999999999354
439 -2.5749999999999362
440 -2.5699999999999363
441 -2.5749999999999362
442 -2.5749999999999362
443 -2.5699999999999363
444 -2.5249999999999373
445 -2.624999999999935
446 -2.639999999999935
447 -2.5549999999999367
448 -2.5699999999999363
449 -2.579999999999936
450 -2.6549999999999345
451 -2.539999999999937
452 -2.544999999999937
453 -2.544999999999937
454 -2.594999999999936
455 -2.624999999999935
456 -2.5749999999999362
457 -2.5049999999999377
458 -2.544999999999937
459 -2.6099999999999355
460 -2.6499999999999346
461 -2.579999999999936
462 -2.499999999999938
463 -2.5549999999999367
464 -2.684999999999934
465 -2.6049999999999356
466 -0.09999999999991557
467 -2.634999999999935
468 -2.4749999999999384
469 -2.5199999999999374
470 -2.5249999999999373
471 -2.6099999999999355
472 0.005000000000084445
473 -2.5499999999999368
474 -2.5699999999999363
475 -2.5199999999999374
476 -2.584999999999936
477 -2.594999999999936
478 -2.6199999999999353
479 -2.5699999999999363
480 -2.5649999999999364
481 -2.624999999999935
482 -2.4749999999999384
483 -2.5649999999999364
484 -2.584999999999936
485 -2.6199999999999353
486 -2.5499999999999368
487 -2.639999999999935
488 -2.624999999999935
489 -2.5699999999999363
490 -2.6149999999999354
491 -2.5049999999999377
492 -2.539999999999937
493 -2.6149999999999354
494 -2.584999999999936
495 -2.5649999999999364
496 -2.594999999999936
497 -2.5499999999999368
498 -2.669999999999934
499 -2.5149999999999375
500 -2.5549999999999367
501 -2.674999999999934
502 -2.629999999999935
503 -2.5749999999999362
504 -2.6049999999999356
505 -2.629999999999935
506 -2.5699999999999363
507 -2.4699999999999385
508 -2.584999999999936
509 -2.5649999999999364
510 -2.6449999999999347
511 -2.594999999999936
512 -2.629999999999935
513 -2.529999999999937
514 -2.589999999999936
515 -2.584999999999936
516 -2.624999999999935
517 -2.639999999999935
518 -2.594999999999936
519 -2.529999999999937
520 -2.579999999999936
521 -2.534999999999937
522 -2.669999999999934
523 -2.499999999999938
524 -2.6049999999999356
525 -2.544999999999937
526 -2.634999999999935
527 -2.539999999999937
528 -2.5999999999999357
529 -2.634999999999935
530 -2.5499999999999368
531 -2.579999999999936
532 -2.589999999999936
533 -2.634999999999935
534 -2.529999999999937
535 -2.6149999999999354
536 -2.5549999999999367
537 -2.579999999999936
538 -2.6199999999999353
539 -2.5749999999999362
540 -2.584999999999936
541 -2.629999999999935
542 -2.5599999999999365
543 -2.6099999999999355
544 -2.5999999999999357
545 -2.6099999999999355
546 -2.589999999999936
547 -2.579999999999936
548 -2.5749999999999362
549 -2.594999999999936
550 -2.544999999999937
551 -2.5699999999999363
552 -2.6099999999999355
553 -2.579999999999936
554 -2.5699999999999363
555 -0.10999999999991558
556 -2.594999999999936
557 -2.5699999999999363
558 -2.5149999999999375
559 -2.5149999999999375
560 -2.634999999999935
561 -2.5149999999999375
562 -2.7149999999999332
563 -2.6149999999999354
564 -2.634999999999935
565 -2.534999999999937
566 -2.634999999999935
567 -2.579999999999936
568 -2.484999999999938
569 -2.589999999999936
570 -0.07999999999991556
571 -2.5649999999999364
572 -2.534999999999937
573 -2.579999999999936
574 -2.5999999999999357
575 -2.544999999999937
576 -2.5499999999999368
577 -2.5699999999999363
578 -2.589999999999936
579 -2.5249999999999373
580 -2.589999999999936
581 -2.489999999999938
582 -2.6049999999999356
583 -2.624999999999935
584 -2.584999999999936
585 -2.6149999999999354
586 -2.5749999999999362
587 -0.07499999999991555
588 -2.594999999999936
589 -2.579999999999936
590 -2.534999999999937
591 -2.594999999999936
592 -2.6199999999999353
593 -2.589999999999936
594 -2.589999999999936
595 -2.5649999999999364
596 -2.6499999999999346
597 -2.5649999999999364
598 -2.5999999999999357
599 -2.6199999999999353
600 -2.629999999999935
601 -2.6199999999999353
602 -2.579999999999936
603 -2.5599999999999365
604 -2.584999999999936
605 -2.544999999999937
606 -2.5649999999999364
607 -2.6099999999999355
608 -2.584999999999936
609 0.03000000000008445
610 -2.629999999999935
611 -2.629999999999935
612 -2.544999999999937
613 -2.5749999999999362
614 -2.539999999999937
615 -2.6049999999999356
616 -2.539999999999937
617 -2.5649999999999364
618 -2.634999999999935
619 -0.02499999999991556
620 -2.6049999999999356
621 -2.624999999999935
622 -2.594999999999936
623 -2.5599999999999365
624 -2.594999999999936
625 -2.5749999999999362
626 -2.634999999999935
627 -2.5699999999999363
628 -2.5699999999999363
629 -2.629999999999935
630 -2.6049999999999356
631 -2.5999999999999357
632 -2.499999999999938
633 -2.534999999999937
634 -2.6199999999999353
635 -2.6199999999999353
636 -2.594999999999936
637 -2.5099999999999376
638 -2.5699999999999363
639 -2.5599999999999365
640 -2.6149999999999354
641 -2.5999999999999357
642 -2.6049999999999356
643 -2.6499999999999346
644 -0.08999999999991556
645 -2.639999999999935
646 -2.5749999999999362
647 -2.579999999999936
648 -2.584999999999936
649 -2.5999999999999357
650 -2.5249999999999373
651 -2.5099999999999376
652 -2.579999999999936
653 -2.5199999999999374
654 -2.579999999999936
655 -2.5599999999999365
656 -2.5499999999999368
657 -2.5549999999999367
658 -2.6199999999999353
659 -2.5999999999999357
660 -2.6049999999999356
661 -0.014999999999915557
662 -2.5599999999999365
663 -2.589999999999936
664 -2.5699999999999363
665 -2.6549999999999345
666 -2.584999999999936
667 -2.579999999999936
668 -2.634999999999935
669 -2.6199999999999353
670 -2.529999999999937
671 -2.5499999999999368
672 -2.5549999999999367
673 -2.639999999999935
674 -2.6599999999999344
675 -2.6549999999999345
676 -2.6049999999999356
677 -2.5749999999999362
678 -2.5149999999999375
679 -2.6199999999999353
680 -0.009999999999915556
681 2.480000000000107
682 -2.589999999999936
683 -2.579999999999936
684 -0.11999999999991559
685 -2.6199999999999353
686 -2.5749999999999362
687 -2.5249999999999373
688 -2.6049999999999356
689 -2.584999999999936
690 -2.6449999999999347
691 -2.5699999999999363
692 -2.5749999999999362
693 -2.5149999999999375
694 -2.624999999999935
695 -2.539999999999937
696 -2.629999999999935
697 -2.5699999999999363
698 -2.579999999999936
699 -2.4799999999999383
700 2.435000000000108
701 -2.6099999999999355
702 -2.6649999999999343
703 -2.5499999999999368
704 4.939999999999755
705 -2.5249999999999373
706 -2.584999999999936
707 -2.5649999999999364
708 -2.629999999999935
709 -2.6499999999999346
710 -2.639999999999935
711 -2.684999999999934
712 -2.6099999999999355
713 -2.6149999999999354
714 -0.02499999999991556
715 -2.5599999999999365
716 -2.5999999999999357
717 -2.5749999999999362
718 -2.589999999999936
719 -0.10999999999991558
720 -2.6149999999999354
721 -0.039999999999915554
722 -2.5999999999999357
723 -2.6099999999999355
724 -2.5599999999999365
725 -0.07999999999994353
726 -2.534999999999937
727 -2.484999999999938
728 -2.6049999999999356
729 -2.5649999999999364
730 -2.584999999999936
731 -2.579999999999936
732 -2.594999999999936
733 -2.5199999999999374
734 -0.11999999999991559
735 -2.5649999999999364
736 -2.5749999999999362
737 -2.594999999999936
738 -2.5149999999999375
739 -2.624999999999935
740 -2.5249999999999373
741 -2.5699999999999363
742 -2.579999999999936
743 -2.579999999999936
744 -2.6099999999999355
745 -2.6049999999999356
746 -2.639999999999935
747 -2.579999999999936
748 -2.5699999999999363
749 -2.5699999999999363
750 -2.544999999999937
751 -2.499999999999938
752 -2.584999999999936
753 -2.5749999999999362
754 -2.634999999999935
755 -0.019999999999915558
756 -2.5649999999999364
757 -2.529999999999937
758 -2.669999999999934
759 -2.639999999999935
760 -2.5699999999999363
761 -2.5499999999999368
762 -2.494999999999938
763 -2.6499999999999346
764 -2.6049999999999356
765 -2.6499999999999346
766 -2.5549999999999367
767 -2.5749999999999362
768 -2.5599999999999365
769 -2.5599999999999365
770 -2.5649999999999364
771 -2.5549999999999367
772 -2.6899999999999338
773 -2.624999999999935
774 -2.6499999999999346
775 -2.5999999999999357
776 -2.5049999999999377
777 -2.6999999999999336
778 -2.6499999999999346
779 -2.5749999999999362
780 -2.544999999999937
781 -2.594999999999936
782 -0.10999999999991558
783 -2.6149999999999354
784 -2.6149999999999354
785 -2.5749999999999362
786 -2.5249999999999373
787 -2.5999999999999357
788 -2.5599999999999365
789 -2.634999999999935
790 -2.684999999999934
791 -2.5699999999999363
792 -2.6049999999999356
793 -2.584999999999936
794 -2.579999999999936
795 -2.584999999999936
796 -2.5499999999999368
797 -2.5699999999999363
798 -2.6199999999999353
799 -2.6449999999999347
800 -2.489999999999938
801 -2.5549999999999367
802 -0.06999999999991555
803 -2.5749999999999362
804 -2.5599999999999365
805 -2.594999999999936
806 -2.6099999999999355
807 -2.6049999999999356
808 -2.5749999999999362
809 -2.5749999999999362
810 -2.634999999999935
811 -2.5549999999999367
812 -2.629999999999935
813 -2.6649999999999343
814 -2.579999999999936
815 -2.629999999999935
816 -2.544999999999937
817 -2.594999999999936
818 -2.6049999999999356
819 -2.5999999999999357
820 -2.629999999999935
821 -2.5649999999999364
822 -2.5599999999999365
823 -2.539999999999937
824 -2.6649999999999343
825 -2.5549999999999367
826 -2.5049999999999377
827 -2.579999999999936
828 -2.589999999999936
829 -2.539999999999937
830 -2.534999999999937
831 -2.634999999999935
832 -2.5199999999999374
833 -2.5999999999999357
834 -0.09999999999991557
835 -2.6449999999999347
836 -2.584999999999936
837 -2.5499999999999368
838 -2.594999999999936
839 -2.529999999999937
840 -2.6149999999999354
841 -2.534999999999937
842 -2.5999999999999357
843 -2.624999999999935
844 -2.5499999999999368
845 -2.6149999999999354
846 -2.584999999999936
847 -2.5699999999999363
848 -2.5599999999999365
849 -2.5549999999999367
850 -2.584999999999936
851 -2.539999999999937
852 -2.5249999999999373
853 -2.6199999999999353
854 -2.579999999999936
855 -2.5649999999999364
856 -2.6999999999999336
857 -2.6199999999999353
858 -2.5149999999999375
859 -2.584999999999936
860 -2.589999999999936
861 -2.5199999999999374
862 -2.534999999999937
863 -2.539999999999937
864 -2.6499999999999346
865 -2.639999999999935
866 -2.584999999999936
867 -2.624999999999935
868 -0.11499999999991559
869 -2.494999999999938
870 -2.5599999999999365
871 -0.08499999999991556
872 -2.5199999999999374
873 -2.6099999999999355
874 -2.584999999999936
875 -2.5699999999999363
876 -2.674999999999934
877 -2.5999999999999357
878 -2.5149999999999375
879 -0.10999999999991558
880 -2.629999999999935
881 -2.539999999999937
882 -2.5749999999999362
883 -2.579999999999936
884 -2.594999999999936
885 -2.6449999999999347
886 -2.5999999999999357
887 2.425000000000108
888 -2.679999999999934
889 -2.589999999999936
890 -2.5149999999999375
891 -2.584999999999936
892 -2.634999999999935
893 -2.6599999999999344
894 -2.499999999999938
895 -0.10999999999991558
896 -2.5049999999999377
897 -2.5199999999999374
898 -2.589999999999936
899 -2.584999999999936
900 -2.589999999999936
901 -2.6099999999999355
902 -2.584999999999936
903 -2.624999999999935
904 -2.6099999999999355
905 -2.5749999999999362
906 -2.5649999999999364
907 -2.584999999999936
908 -2.534999999999937
909 -2.5699999999999363
910 -2.6099999999999355
911 -2.6199999999999353
912 -2.584999999999936
913 -2.589999999999936
914 -2.6099999999999355
915 -2.594999999999936
916 -2.624999999999935
917 -2.584999999999936
918 -2.589999999999936
919 -2.594999999999936
920 -2.6099999999999355
921 -2.5599999999999365
922 -2.594999999999936
923 -2.639999999999935
924 -2.5199999999999374
925 -2.624999999999935
926 -2.529999999999937
927 -2.529999999999937
928 -2.6049999999999356
929 -2.5549999999999367
930 -2.5649999999999364
931 -2.5149999999999375
932 -2.6599999999999344
933 -2.584999999999936
934 -2.6599999999999344
935 -2.624999999999935
936 -2.5499999999999368
937 -2.589999999999936
938 -2.589999999999936
939 -2.684999999999934
940 -2.6149999999999354
941 -0.10499999999991558
942 -2.6149999999999354
943 -2.5649999999999364
944 -2.639999999999935
945 -2.5749999999999362
946 -2.6149999999999354
947 -2.6149999999999354
948 -2.629999999999935
949 -2.584999999999936
950 -2.5649999999999364
951 -2.6199999999999353
952 2.385000000000109
953 -2.624999999999935
954 -0.19999999999991566
955 -2.624999999999935
956 -2.5649999999999364
957 -2.499999999999938
958 -2.5999999999999357
959 -2.5749999999999362
960 -2.584999999999936
961 -2.5599999999999365
962 -2.5649999999999364
963 -2.5599999999999365
964 -2.589999999999936
965 -2.5099999999999376
966 -0.08999999999991556
967 -2.4649999999999386
968 -2.584999999999936
969 -0.10499999999991558
970 -0.10499999999991558
971 -2.6449999999999347
972 -2.6099999999999355
973 -2.584999999999936
974 -2.5099999999999376
975 -2.6499999999999346
976 -2.5999999999999357
977 -2.5999999999999357
978 -2.5749999999999362
979 -2.5599999999999365
980 -2.579999999999936
981 -2.6449999999999347
982 -2.5249999999999373
983 -2.534999999999937
984 -2.6649999999999343
985 -2.5599999999999365
986 -2.634999999999935
987 -2.584999999999936
988 -2.624999999999935
989 -2.6149999999999354
990 -2.6099999999999355
991 -2.6049999999999356
992 -2.594999999999936
993 -2.6049999999999356
994 -2.5549999999999367
995 -2.5099999999999376
996 -0.09499999999991557
997 -2.5999999999999357
998 2.3600000000001096
999 -2.579999999999936
1000 -2.5699999999999363
1001 -2.5699999999999363
1002 -2.6549999999999345
1003 -2.579999999999936
1004 -2.634999999999935
1005 -2.5499999999999368
1006 -2.6049999999999356
1007 -2.529999999999937
1008 -2.584999999999936
1009 -2.539999999999937
1010 -2.539999999999937
1011 -2.534999999999937
1012 -2.6199999999999353
1013 -2.579999999999936
1014 -2.5049999999999377
1015 -0.1399999999999156
1016 -2.594999999999936
1017 -2.5549999999999367
1018 -2.5999999999999357
1019 -2.6049999999999356
1020 -2.5499999999999368
1021 -2.6199999999999353
1022 -2.539999999999937
1023 -2.544999999999937
1024 -2.639999999999935
1025 -2.5699999999999363
1026 -2.669999999999934
1027 -2.539999999999937
1028 -2.5549999999999367
1029 -2.579999999999936
1030 -2.584999999999936
1031 -2.594999999999936
1032 -2.544999999999937
1033 -2.6099999999999355
1034 -2.629999999999935
1035 -2.6199999999999353
1036 -2.5699999999999363
1037 -2.6599999999999344
1038 -2.594999999999936
1039 -2.544999999999937
1040 -0.07499999999991555
1041 0.03500000000008445
1042 -2.5649999999999364
1043 -2.544999999999937
1044 -2.629999999999935
1045 -2.529999999999937
1046 -2.5199999999999374
1047 -2.584999999999936
1048 -2.6949999999999337
1049 -2.544999999999937
1050 -2.5649999999999364
1051 -2.6149999999999354
1052 -2.5599999999999365
1053 -2.639999999999935
1054 -2.5099999999999376
1055 -2.5549999999999367
1056 -2.5649999999999364
1057 -2.5499999999999368
1058 -2.589999999999936
1059 -2.539999999999937
1060 -2.634999999999935
1061 -2.6149999999999354
1062 -2.5749999999999362
1063 -2.5699999999999363
1064 -2.6599999999999344
1065 -2.5999999999999357
1066 -2.5199999999999374
1067 -2.5649999999999364
1068 -2.6049999999999356
1069 -2.584999999999936
1070 -2.5999999999999357
1071 -0.07999999999991556
1072 -2.579999999999936
1073 -2.534999999999937
1074 -0.08999999999991556
1075 -2.634999999999935
1076 -2.544999999999937
1077 -2.5249999999999373
1078 -2.529999999999937
1079 -2.594999999999936
1080 -2.544999999999937
1081 -2.539999999999937
1082 -2.5649999999999364
1083 -2.544999999999937
1084 -2.6199999999999353
1085 -2.594999999999936
1086 -2.589999999999936
1087 -2.6449999999999347
1088 -2.6199999999999353
1089 -2.629999999999935
1090 -2.629999999999935
1091 -2.6649999999999343
1092 -2.579999999999936
1093 -2.539999999999937
1094 -2.5699999999999363
1095 -2.5749999999999362
1096 -2.579999999999936
1097 -2.6599999999999344
1098 -2.5499999999999368
1099 -2.5749999999999362
1100 -2.584999999999936
1101 -2.6049999999999356
1102 -2.6049999999999356
1103 -2.594999999999936
1104 -2.6049999999999356
1105 -2.6549999999999345
1106 -2.6049999999999356
1107 -2.5549999999999367
1108 -2.539999999999937
1109 -2.584999999999936
1110 -2.639999999999935
1111 -2.6149999999999354
1112 -2.629999999999935
1113 -2.5249999999999373
1114 -2.5649999999999364
1115 -2.5599999999999365
1116 -2.6099999999999355
1117 -2.6049999999999356
1118 -2.6599999999999344
1119 -0.02999999999991556
1120 -2.5199999999999374
1121 -2.5149999999999375
1122 -2.544999999999937
1123 -2.5649999999999364
1124 -0.04999999999991555
1125 -2.5499999999999368
1126 -2.594999999999936
1127 -2.5599999999999365
1128 -2.589999999999936
1129 -2.6199999999999353
1130 -2.5499999999999368
1131 -2.589999999999936
1132 -2.494999999999938
1133 -2.5999999999999357
1134 -2.5149999999999375
1135 -0.07499999999991555
1136 -2.5999999999999357
1137 -2.5999999999999357
1138 -2.6199999999999353
1139 -0.07499999999991555
1140 -2.6049999999999356
1141 -2.639999999999935
1142 -2.589999999999936
1143 -2.584999999999936
1144 -2.629999999999935
1145 -2.539999999999937
1146 -2.624999999999935
1147 -2.5699999999999363
1148 -2.6149999999999354
1149 -2.5199999999999374
1150 -2.629999999999935
1151 -2.5699999999999363
1152 -2.5599999999999365
1153 -2.639999999999935
1154 -2.594999999999936
1155 -2.499999999999938
1156 -2.594999999999936
1157 -2.584999999999936
1158 -2.669999999999934
1159 -2.6499999999999346
1160 -2.589999999999936
1161 -2.534999999999937
1162 -2.5999999999999357
1163 -2.594999999999936
1164 -2.5649999999999364
1165 -2.5999999999999357
1166 -2.5549999999999367
1167 -2.5499999999999368
1168 -2.544999999999937
1169 -2.5099999999999376
1170 -0.07999999999991556
1171 -2.6549999999999345
1172 -2.6049999999999356
1173 -2.6599999999999344
1174 -2.539999999999937
1175 -2.6449999999999347
1176 -2.5749999999999362
1177 -2.544999999999937
1178 -2.5999999999999357
1179 -0.009999999999915556
1180 -2.539999999999937
1181 -2.579999999999936
1182 -2.6149999999999354
1183 -2.5699999999999363
1184 -2.5999999999999357
1185 -2.6099999999999355
1186 -2.5749999999999362
1187 -0.1249999999999156
1188 -2.6049999999999356
1189 -2.579999999999936
1190 -2.544999999999937
1191 -2.5249999999999373
1192 -2.6449999999999347
1193 -2.6149999999999354
1194 -2.639999999999935
1195 -2.624999999999935
1196 -2.5749999999999362
1197 -2.544999999999937
1198 -2.6149999999999354
1199 -2.534999999999937
1200 -2.5699999999999363
1201 -2.539999999999937
1202 -2.589999999999936
1203 -2.594999999999936
1204 -2.5499999999999368
1205 -2.5649999999999364
1206 -2.629999999999935
1207 -2.5599999999999365
1208 -2.5499999999999368
1209 -2.5549999999999367
1210 -2.579999999999936
1211 -2.6649999999999343
1212 -2.534999999999937
1213 -2.584999999999936
1214 -2.6099999999999355
1215 -2.589999999999936
1216 -2.579999999999936
1217 -2.5499999999999368
1218 -0.1449999999999156
1219 -2.6049999999999356
1220 -2.5099999999999376
1221 -2.624999999999935
1222 -2.534999999999937
1223 -2.579999999999936
1224 -2.5599999999999365
1225 -0.07499999999991555
1226 -2.4599999999999387
1227 -2.624999999999935
1228 -0.04999999999991555
1229 -2.594999999999936
1230 -2.5999999999999357
1231 -2.5749999999999362
1232 -2.4749999999999384
1233 -2.5599999999999365
1234 -2.629999999999935
1235 -2.5999999999999357
1236 -2.5599999999999365
1237 -2.584999999999936
1238 -2.5649999999999364
1239 -2.6199999999999353
1240 -2.594999999999936
1241 -2.6199999999999353
1242 -2.6099999999999355
1243 -2.594999999999936
1244 -2.594999999999936
1245 -2.6649999999999343
1246 -2.579999999999936
1247 -0.11499999999991559
1248 -2.6649999999999343
1249 -2.544999999999937
1250 -2.534999999999937
1251 -2.6149999999999354
1252 -2.5549999999999367
1253 -2.534999999999937
1254 -2.5999999999999357
1255 -2.5599999999999365
1256 -0.059999999999915545
1257 -2.589999999999936
1258 -2.5749999999999362
1259 -2.6199999999999353
1260 -2.5499999999999368
1261 -2.584999999999936
1262 -2.584999999999936
1263 -2.5649999999999364
1264 -2.5699999999999363
1265 -2.6449999999999347
1266 -2.534999999999937
1267 -0.02999999999991556
1268 -2.5999999999999357
1269 -2.5599999999999365
1270 -2.5999999999999357
1271 -2.579999999999936
1272 -2.6499999999999346
1273 -2.5599999999999365
1274 -0.04499999999991555
1275 -2.5499999999999368
1276 -2.544999999999937
1277 -2.6149999999999354
1278 -2.6149999999999354
1279 -2.5599999999999365
1280 -2.594999999999936
1281 -2.5549999999999367
1282 -2.594999999999936
1283 -2.544999999999937
1284 -2.5699999999999363
1285 -2.4799999999999383
1286 -2.594999999999936
1287 -2.4749999999999384
1288 -2.6099999999999355
1289 -2.5499999999999368
1290 -2.594999999999936
1291 -2.5549999999999367
1292 -2.6549999999999345
1293 -2.5499999999999368
1294 -0.1299999999999156
1295 -2.579999999999936
1296 -2.594999999999936
1297 -2.589999999999936
1298 -2.5749999999999362
1299 -2.5599999999999365
1300 -2.5699999999999363
1301 -2.6449999999999347
1302 -2.624999999999935
1303 -2.634999999999935
1304 -2.5999999999999357
1305 -0.09499999999991557
1306 -2.6199999999999353
1307 -2.5599999999999365
1308 -2.6049999999999356
1309 -0.04999999999991555
1310 -2.5749999999999362
1311 -0.07499999999991555
1312 -2.5599999999999365
1313 -2.6049999999999356
1314 -2.584999999999936
1315 -0.059999999999915545
1316 -2.5499999999999368
1317 -2.6449999999999347
1318 -2.5549999999999367
1319 -2.6099999999999355
1320 -2.5749999999999362
1321 -2.6149999999999354
1322 -2.584999999999936
1323 -2.679999999999934
1324 -0.19999999999991566
1325 -2.594999999999936
1326 -2.6099999999999355
1327 -2.5499999999999368
1328 -2.584999999999936
1329 -2.6149999999999354
1330 -2.579999999999936
1331 -2.6099999999999355
1332 -2.539999999999937
1333 -2.6499999999999346
1334 -2.5749999999999362
1335 -2.5999999999999357
1336 -2.6449999999999347
1337 -2.5549999999999367
1338 -2.5649999999999364
1339 -2.5999999999999357
1340 -2.5599999999999365
1341 -2.594999999999936
1342 -2.6149999999999354
1343 -2.629999999999935
1344 -2.629999999999935
1345 -2.5749999999999362
1346 -0.1399999999999156
1347 -2.6949999999999337
1348 -2.6449999999999347
1349 -2.5249999999999373
1350 -2.589999999999936
1351 -2.5649999999999364
1352 -2.639999999999935
1353 -2.5699999999999363
1354 -2.5649999999999364
1355 -2.5749999999999362
1356 -2.624999999999935
1357 -2.634999999999935
1358 -2.5499999999999368
1359 -2.499999999999938
1360 -2.5699999999999363
1361 -2.6599999999999344
1362 -2.4699999999999385
1363 -2.529999999999937
1364 -2.5699999999999363
1365 -2.5699999999999363
1366 -2.5749999999999362
1367 -2.589999999999936
1368 -2.499999999999938
1369 -2.584999999999936
1370 -2.6599999999999344
1371 -2.629999999999935
1372 -2.624999999999935
1373 -2.589999999999936
1374 -2.5099999999999376
1375 -2.5199999999999374
1376 -0.09999999999991557
1377 -0.11999999999991559
1378 -2.5599999999999365
1379 -2.5999999999999357
1380 -2.5249999999999373
1381 -2.5249999999999373
1382 -2.684999999999934
1383 -2.6599999999999344
1384 -2.594999999999936
1385 -2.6149999999999354
1386 -2.5249999999999373
1387 -2.5599999999999365
1388 -2.6949999999999337
1389 -2.6049999999999356
1390 -2.4799999999999383
1391 -2.6599999999999344
1392 -0.014999999999915557
1393 -2.584999999999936
1394 -2.6149999999999354
1395 -2.5049999999999377
1396 -2.5749999999999362
1397 -2.6149999999999354
1398 -2.579999999999936
1399 -2.639999999999935
1400 -2.579999999999936
1401 -0.06999999999991555
1402 -2.6049999999999356
1403 -2.5649999999999364
1404 -2.5599999999999365
1405 -2.5099999999999376
1406 -2.634999999999935
1407 -2.6049999999999356
1408 -2.5699999999999363
1409 -2.5649999999999364
1410 -2.534999999999937
1411 -2.499999999999938
1412 -2.529999999999937
1413 -2.579999999999936
1414 -2.6199999999999353
1415 -2.5199999999999374
1416 -2.584999999999936
1417 -2.544999999999937
1418 -2.584999999999936
1419 -2.629999999999935
1420 -2.639999999999935
1421 -0.059999999999915545
1422 -0.019999999999915558
1423 -2.624999999999935
1424 -2.589999999999936
1425 -2.534999999999937
1426 -2.5999999999999357
1427 -2.5749999999999362
1428 -2.494999999999938
1429 -2.594999999999936
1430 -2.5649999999999364
1431 -2.594999999999936
1432 -2.5199999999999374
1433 -2.5999999999999357
1434 -2.5599999999999365
1435 -2.5699999999999363
1436 -2.5999999999999357
1437 -2.499999999999938
1438 -2.5499999999999368
1439 -2.494999999999938
1440 -2.5249999999999373
1441 -2.534999999999937
1442 -2.494999999999938
1443 -2.6099999999999355
1444 -2.5699999999999363
1445 -2.6099999999999355
1446 -2.669999999999934
1447 -2.5149999999999375
1448 -2.5549999999999367
1449 -2.639999999999935
1450 -2.589999999999936
1451 -2.534999999999937
1452 -2.6549999999999345
1453 -2.6049999999999356
1454 -0.09999999999991557
1455 -2.5999999999999357
1456 -2.589999999999936
1457 -2.6449999999999347
1458 -2.634999999999935
1459 -2.589999999999936
1460 -2.6049999999999356
1461 -2.6049999999999356
1462 -2.6049999999999356
1463 -2.5549999999999367
1464 -2.579999999999936
1465 -2.5499999999999368
1466 -2.6599999999999344
1467 -0.07999999999991556
1468 -2.5249999999999373
1469 -2.5549999999999367
1470 -2.444999999999939
1471 -2.594999999999936
1472 -2.6499999999999346
1473 -2.5999999999999357
1474 -2.5649999999999364
1475 -2.589999999999936
1476 -2.5499999999999368
1477 -2.5549999999999367
1478 -2.6149999999999354
1479 -2.494999999999938
1480 -2.6099999999999355
1481 -2.5149999999999375
1482 -2.639999999999935
1483 -2.5999999999999357
1484 -0.05499999999991555
1485 -2.6599999999999344
1486 -2.639999999999935
1487 -2.6099999999999355
1488 -2.6199999999999353
1489 -2.634999999999935
1490 -2.5599999999999365
1491 -2.534999999999937
1492 -2.579999999999936
1493 -2.6199999999999353
1494 -2.584999999999936
1495 -2.5499999999999368
1496 -2.579999999999936
1497 -2.589999999999936
1498 -2.5699999999999363
1499 -2.6049999999999356
1500 -2.5999999999999357
1501 -2.5149999999999375
1502 -2.5549999999999367
1503 -2.6199999999999353
1504 -2.5099999999999376
1505 -2.6049999999999356
1506 -2.544999999999937
1507 -2.624999999999935
1508 -2.584999999999936
1509 -2.5649999999999364
1510 -2.6149999999999354
1511 -2.5049999999999377
1512 -2.589999999999936
1513 -2.5699999999999363
1514 -2.5999999999999357
1515 -2.6899999999999338
1516 -2.6149999999999354
1517 -2.5499999999999368
1518 -2.529999999999937
1519 -2.539999999999937
1520 -2.5749999999999362
1521 -2.5649999999999364
1522 -2.6599999999999344
1523 -2.5649999999999364
1524 0.05000000000008444
1525 -2.5649999999999364
1526 -2.5549999999999367
1527 -2.579999999999936
1528 -2.5699999999999363
1529 -2.6549999999999345
1530 -2.5499999999999368
1531 -2.6599999999999344
1532 -2.5749999999999362
1533 -2.5999999999999357
1534 -2.5999999999999357
1535 -2.6049999999999356
1536 -2.6449999999999347
1537 -2.6049999999999356
1538 -2.5699999999999363
1539 -2.5549999999999367
1540 -2.6049999999999356
1541 -2.4749999999999384
1542 -2.594999999999936
1543 -2.579999999999936
1544 -2.6049999999999356
1545 -2.6199999999999353
1546 -2.6049999999999356
1547 -2.5049999999999377
1548 -2.5149999999999375
1549 -0.06499999999991554
1550 -2.539999999999937
1551 -2.5499999999999368
1552 -2.6099999999999355
1553 -2.6099999999999355
1554 -2.5249999999999373
1555 -2.6099999999999355
1556 -2.629999999999935
1557 -2.544999999999937
1558 -0.07499999999991555
1559 -2.544999999999937
1560 -2.5599999999999365
1561 -2.6099999999999355
1562 -0.1249999999999156
1563 -2.594999999999936
1564 -2.594999999999936
1565 -2.5549999999999367
1566 -2.5549999999999367
1567 -2.589999999999936
1568 -2.5699999999999363
1569 -2.6049999999999356
1570 -0.02999999999991556
1571 -2.624999999999935
1572 -2.6149999999999354
1573 -2.6199999999999353
1574 -0.1449999999999156
1575 -2.684999999999934
1576 -2.6149999999999354
1577 -2.5049999999999377
1578 -2.6899999999999338
1579 -2.5599999999999365
1580 -2.684999999999934
1581 -2.6649999999999343
1582 -2.6149999999999354
1583 -2.5249999999999373
1584 -2.5549999999999367
1585 -2.5999999999999357
1586 -2.5699999999999363
1587 -2.5699999999999363
1588 -0.1299999999999156
1589 -2.5999999999999357
1590 -2.534999999999937
1591 -2.5549999999999367
1592 -0.03499999999991556
1593 -2.539999999999937
1594 -2.629999999999935
1595 -2.5999999999999357
1596 -2.6199999999999353
1597 -2.624999999999935
1598 -2.634999999999935
1599 -2.5199999999999374
1600 -2.5149999999999375
1601 -2.5599999999999365
1602 -2.6449999999999347
1603 -2.5199999999999374
1604 -0.15999999999991563
1605 -2.5649999999999364
1606 -2.5999999999999357
1607 -2.539999999999937
1608 -2.579999999999936
1609 -2.5649999999999364
1610 -2.5749999999999362
1611 -2.5549999999999367
1612 -0.10999999999991558
1613 -2.5499999999999368
1614 -2.5549999999999367
1615 -2.629999999999935
1616 -2.6149999999999354
1617 -2.634999999999935
1618 -0.1249999999999156
1619 -2.6099999999999355
1620 -2.5049999999999377
1621 -2.534999999999937
1622 -2.6199999999999353
1623 -2.5699999999999363
1624 -2.5749999999999362
1625 -2.624999999999935
1626 -2.6149999999999354
1627 -2.5649999999999364
1628 -2.6199999999999353
1629 -2.584999999999936
1630 -2.5999999999999357
1631 -2.5249999999999373
1632 -2.5749999999999362
1633 -2.5499999999999368
1634 -2.579999999999936
1635 -2.5699999999999363
1636 -2.669999999999934
1637 -2.589999999999936
1638 -2.6049999999999356
1639 -2.6149999999999354
1640 -2.5599999999999365
1641 -2.684999999999934
1642 -2.499999999999938
1643 -2.5149999999999375
1644 -2.5999999999999357
1645 -2.589999999999936
1646 -2.589999999999936
1647 -2.629999999999935
1648 -2.639999999999935
1649 -0.019999999999915558
1650 -2.534999999999937
1651 -2.6199999999999353
1652 -2.6549999999999345
1653 -2.594999999999936
1654 -2.6949999999999337
1655 -2.6149999999999354
1656 -2.5599999999999365
1657 -2.5549999999999367
1658 -2.579999999999936
1659 -2.5599999999999365
1660 -2.5199999999999374
1661 -2.6199999999999353
1662 -2.624999999999935
1663 -2.6049999999999356
1664 -2.544999999999937
1665 -2.6049999999999356
1666 -2.6099999999999355
1667 -2.6599999999999344
1668 -2.594999999999936
1669 -2.5249999999999373
1670 -2.534999999999937
1671 -0.11999999999991559
1672 -2.624999999999935
1673 -2.5999999999999357
1674 -2.5249999999999373
1675 -2.6049999999999356
1676 -2.579999999999936
1677 -2.5149999999999375
1678 -2.594999999999936
1679 -2.6649999999999343
1680 -0.08999999999991556
1681 -2.6449999999999347
1682 -2.5699999999999363
1683 -2.539999999999937
1684 -2.5649999999999364
1685 -2.5549999999999367
1686 -2.6199999999999353
1687 -2.6049999999999356
1688 -2.5599999999999365
1689 -2.5649999999999364
1690 -2.6049999999999356
1691 -2.624999999999935
1692 -2.6149999999999354
1693 -2.5999999999999357
1694 -0.02999999999991556
1695 -2.6149999999999354
1696 -2.5549999999999367
1697 -2.499999999999938
1698 -2.484999999999938
1699 -2.579999999999936
1700 -2.5999999999999357
1701 -2.5249999999999373
1702 -2.6149999999999354
1703 -2.5699999999999363
1704 -2.6899999999999338
1705 -2.579999999999936
1706 -2.5999999999999357
1707 -2.6649999999999343
1708 -2.624999999999935
1709 -0.07999999999991556
1710 -2.579999999999936
1711 -0.09499999999991557
1712 -2.5049999999999377
1713 -2.5649999999999364
1714 -2.5549999999999367
1715 -2.7149999999999332
1716 -2.5699999999999363
1717 -2.674999999999934
1718 -2.589999999999936
1719 -2.6199999999999353
1720 -2.5699999999999363
1721 -2.6449999999999347
1722 -2.5499999999999368
1723 -2.6499999999999346
1724 -2.6649999999999343
1725 -2.5999999999999357
1726 -2.594999999999936
1727 -2.6199999999999353
1728 -2.6099999999999355
1729 -2.5649999999999364
1730 -2.634999999999935
1731 -2.5549999999999367
1732 -2.6099999999999355
1733 -2.6199999999999353
1734 -2.5599999999999365
1735 -2.5649999999999364
1736 -2.5599999999999365
1737 -2.629999999999935
1738 -2.6099999999999355
1739 -2.6149999999999354
1740 -2.6049999999999356
1741 -2.6099999999999355
1742 -2.5749999999999362
1743 -2.6449999999999347
1744 -2.534999999999937
1745 -0.06999999999991555
1746 -2.539999999999937
1747 -2.5649999999999364
1748 -2.5649999999999364
1749 -2.6449999999999347
1750 -2.5549999999999367
1751 -2.5999999999999357
1752 -2.584999999999936
1753 -2.5499999999999368
1754 -2.529999999999937
1755 -2.6199999999999353
1756 -2.579999999999936
1757 -2.6199999999999353
1758 -2.594999999999936
1759 -2.589999999999936
1760 -2.5599999999999365
1761 -2.6149999999999354
1762 -2.5649999999999364
1763 -2.5699999999999363
1764 -2.594999999999936
1765 -2.544999999999937
1766 -2.5599999999999365
1767 -2.5749999999999362
1768 -2.544999999999937
1769 -2.5649999999999364
1770 -2.6049999999999356
1771 -2.539999999999937
1772 -2.579999999999936
1773 -2.5699999999999363
1774 -2.5599999999999365
1775 -2.544999999999937
1776 -2.634999999999935
1777 -2.5599999999999365
1778 -2.579999999999936
1779 -2.6199999999999353
1780 -2.5749999999999362
1781 -2.5199999999999374
1782 -2.5099999999999376
1783 -2.5749999999999362
1784 -2.6149999999999354
1785 -2.5549999999999367
1786 -2.589999999999936
1787 -2.5599999999999365
1788 -0.06999999999991555
1789 -2.579999999999936
1790 -2.579999999999936
1791 8.444460408707499e-14
1792 -2.5099999999999376
1793 -2.6149999999999354
1794 -2.594999999999936
1795 -2.5649999999999364
1796 -2.534999999999937
1797 -2.5699999999999363
1798 -2.6099999999999355
1799 -2.594999999999936
1800 -2.6999999999999336
1801 -2.639999999999935
1802 -2.5999999999999357
1803 -2.5699999999999363
1804 -2.544999999999937
1805 -2.6199999999999353
1806 -2.6099999999999355
1807 -2.6449999999999347
1808 -2.639999999999935
1809 -2.6149999999999354
1810 -2.584999999999936
1811 -2.5749999999999362
1812 -2.624999999999935
1813 -0.06999999999991555
1814 -2.539999999999937
1815 -2.4749999999999384
1816 -2.6199999999999353
1817 -2.5649999999999364
1818 -2.5699999999999363
1819 -2.6149999999999354
1820 -2.579999999999936
1821 -2.584999999999936
1822 -2.5599999999999365
1823 -2.539999999999937
1824 -2.6199999999999353
1825 -2.589999999999936
1826 -2.639999999999935
1827 -2.594999999999936
1828 -2.594999999999936
1829 -2.529999999999937
1830 -2.5699999999999363
1831 -2.634999999999935
1832 -0.1399999999999156
1833 -0.07999999999991556
1834 -2.6099999999999355
1835 -2.5749999999999362
1836 -2.5749999999999362
1837 -2.6049999999999356
1838 -2.629999999999935
1839 -2.5649999999999364
1840 -2.5749999999999362
1841 -2.594999999999936
1842 -2.5749999999999362
1843 -2.544999999999937
1844 -2.5499999999999368
1845 -0.09999999999991557
1846 -2.6499999999999346
1847 -2.6149999999999354
1848 -2.5099999999999376
1849 -2.5599999999999365
1850 -2.5249999999999373
1851 -2.5549999999999367
1852 -0.08999999999991556
1853 -2.6449999999999347
1854 -2.584999999999936
1855 -2.624999999999935
1856 -2.4599999999999387
1857 -2.534999999999937
1858 -2.534999999999937
1859 -2.6199999999999353
1860 -2.5499999999999368
1861 -2.5999999999999357
1862 -2.6149999999999354
1863 -2.5049999999999377
1864 -2.544999999999937
1865 -2.629999999999935
1866 -2.629999999999935
1867 -2.5499999999999368
1868 -2.5649999999999364
1869 -0.09499999999991557
1870 -2.5249999999999373
1871 -2.6149999999999354
1872 -2.629999999999935
1873 -0.05499999999991555
1874 -2.639999999999935
1875 -2.5599999999999365
1876 -2.6149999999999354
1877 -2.5749999999999362
1878 -2.5599999999999365
1879 -2.6099999999999355
1880 -2.6199999999999353
1881 -2.6099999999999355
1882 -2.589999999999936
1883 -2.529999999999937
1884 -2.6049999999999356
1885 -2.589999999999936
1886 -2.629999999999935
1887 -2.5999999999999357
1888 -2.6049999999999356
1889 -2.624999999999935
1890 -2.5649999999999364
1891 -2.6099999999999355
1892 -2.5499999999999368
1893 -2.529999999999937
1894 -2.6049999999999356
1895 -2.529999999999937
1896 -2.5499999999999368
1897 -2.589999999999936
1898 -2.449999999999939
1899 -0.1299999999999156
1900 -2.584999999999936
1901 -2.584999999999936
1902 -2.6149999999999354
1903 -2.6199999999999353
1904 -2.5499999999999368
1905 -2.5999999999999357
1906 -2.639999999999935
1907 -2.5999999999999357
1908 -2.5999999999999357
1909 -2.5749999999999362
1910 -2.674999999999934
1911 -2.5649999999999364
1912 -2.5249999999999373
1913 -2.579999999999936
1914 -2.6549999999999345
1915 -2.5749999999999362
1916 -2.6049999999999356
1917 -2.629999999999935
1918 -2.584999999999936
1919 -2.6649999999999343
1920 -2.5649999999999364
1921 -2.629999999999935
1922 -2.589999999999936
1923 -2.584999999999936
1924 -2.529999999999937
1925 -2.5599999999999365
1926 -2.6649999999999343
1927 -2.634999999999935
1928 -2.5649999999999364
1929 -2.589999999999936
1930 -2.584999999999936
1931 -2.5699999999999363
1932 -2.4799999999999383
1933 -2.5749999999999362
1934 -0.06999999999991555
1935 -2.5549999999999367
1936 -2.6199999999999353
1937 -2.5499999999999368
1938 -2.5649999999999364
1939 -2.6199999999999353
1940 -2.5699999999999363
1941 -2.529999999999937
1942 -2.6449999999999347
1943 -2.639999999999935
1944 -2.6599999999999344
1945 -2.579999999999936
1946 -2.5699999999999363
1947 -2.5499999999999368
1948 -2.5749999999999362
1949 -2.529999999999937
1950 -2.6049999999999356
1951 -2.579999999999936
1952 -2.584999999999936
1953 -2.6099999999999355
1954 -2.5749999999999362
1955 -2.6199999999999353
1956 -2.6099999999999355
1957 -2.5999999999999357
1958 -2.6099999999999355
1959 -2.5699999999999363
1960 -2.674999999999934
1961 -2.5649999999999364
1962 -0.16499999999991563
1963 -0.1249999999999156
1964 -2.6499999999999346
1965 -2.639999999999935
1966 -2.5749999999999362
1967 -2.584999999999936
1968 -2.6199999999999353
1969 -2.6049999999999356
1970 -2.6449999999999347
1971 -2.5549999999999367
1972 -2.5499999999999368
1973 -0.08499999999991556
1974 -2.6049999999999356
1975 -2.5499999999999368
1976 -2.584999999999936
1977 -2.594999999999936
1978 -2.6149999999999354
1979 -2.5599999999999365
1980 -2.534999999999937
1981 -2.529999999999937
1982 -2.5999999999999357
1983 -2.5649999999999364
1984 -2.6049999999999356
1985 -2.5999999999999357
1986 -2.544999999999937
1987 -2.589999999999936
1988 -2.6099999999999355
1989 -2.6049999999999356
1990 -2.5749999999999362
1991 -2.579999999999936
1992 -2.6199999999999353
1993 -2.6449999999999347
1994 -2.589999999999936
1995 -2.539999999999937
1996 -2.5699999999999363
1997 -2.539999999999937
1998 -2.639999999999935
1999 -2.5499999999999368
5156.539585351944
