0 -7.61
1 -7.79
2 -7.72
3 -5.95
4 -40.27
5 -7.65
6 -7.65
7 -7.61
8 -7.64
9 -7.71
10 -7.69
11 -7.65
12 -7.55
13 -7.72
14 -7.76
15 -7.62
16 -7.77
17 -9.63
18 -5.01
19 -7.67
20 -7.76
21 -8.41
22 -7.59
23 -7.83
24 -5.04
25 -7.81
26 -7.69
27 -7.50
28 -4.94
29 -7.49
30 -7.74
31 -7.79
32 -7.59
33 -7.58
34 -7.78
35 -7.70
36 -7.52
37 -5.12
38 -7.61
39 -9.77
40 -7.73
41 -7.73
42 -5.11
43 -7.81
44 -4.99
45 -33.58
46 -7.72
47 -7.66
48 -7.80
49 -7.64
50 -7.79
51 -7.55
52 -7.67
53 -7.58
54 -7.55
55 -7.70
56 -7.70
57 -7.68
58 -7.60
59 -8.34
60 -7.70
61 -4.96
62 -7.72
63 -7.75
64 -9.78
65 -5.04
66 -7.49
67 -7.72
68 -7.67
69 -7.74
70 -7.64
71 -7.78
72 -7.60
73 -7.79
74 -7.61
75 -7.68
76 -7.60
77 -2.51
78 -7.60
79 -7.64
80 -5.18
81 -7.76
82 -8.24
83 -7.79
84 -7.23
85 -7.75
86 -7.58
87 -7.63
88 -7.64
89 -9.75
90 -7.65
91 -7.53
92 -6.06
93 -7.74
94 -7.58
95 -7.65
96 -2.55
97 -7.66
98 -7.66
99 -7.64
100 -7.64
101 -5.13
102 -5.07
103 -7.68
104 -7.72
105 -5.14
106 -7.67
107 -7.69
108 -7.75
109 -7.75
110 -7.72
111 -7.62
112 -7.64
113 -7.66
114 -7.60
115 -7.57
116 -7.73
117 -7.75
118 -7.71
119 -7.75
120 -7.52
121 -7.64
122 -7.59
123 -7.67
124 -7.61
125 -7.69
126 -7.67
127 -7.79
128 -7.39
129 -7.73
130 -7.81
131 -7.56
132 -7.73
133 -7.63
134 -7.70
135 -7.60
136 -7.82
137 -7.68
138 -7.59
139 -8.60
140 -7.71
141 -8.49
142 -7.64
143 -4.95
144 -7.64
145 -7.70
146 -2.65
147 -7.59
148 -8.36
149 -5.17
150 -7.65
151 -2.75
152 -8.52
153 -7.74
154 -7.65
155 -7.63
156 -7.56
157 -7.71
158 -7.75
159 -7.67
160 -7.66
161 -11.39
162 -7.62
163 -5.23
164 -7.64
165 -7.63
166 -7.66
167 -7.60
168 -8.45
169 -7.65
170 -7.73
171 -7.30
172 -7.84
173 -5.23
174 -8.31
175 -7.78
176 -7.62
177 -7.68
178 -7.71
179 -7.66
180 -7.62
181 -7.64
182 -7.69
183 -7.57
184 -7.71
185 -7.78
186 -7.61
187 -7.72
188 -5.14
189 -5.16
190 -7.68
191 -7.66
192 -7.59
193 -7.57
194 -5.14
195 -7.79
196 -7.63
197 -7.54
198 -7.75
199 -7.79
200 -7.63
201 -7.55
202 -7.66
203 -7.77
204 -7.66
205 -3.99
206 -7.55
207 -7.71
208 -7.57
209 -7.80
210 -7.64
211 -7.79
212 -7.67
213 -7.82
214 -5.22
215 -7.63
216 -5.08
217 -7.75
218 -7.63
219 -7.57
220 -7.59
221 -7.65
222 -7.67
223 -7.56
224 -5.22
225 -7.57
226 -8.29
227 -5.08
228 -7.68
229 -5.18
230 -7.61
231 -7.78
232 -7.58
233 -7.71
234 -7.50
235 -7.64
236 -7.67
237 -7.62
238 -7.74
239 -7.59
240 -5.26
241 -7.61
242 -7.73
243 -6.04
244 -7.72
245 -7.73
246 -7.81
247 -7.60
248 -7.76
249 -7.68
250 -6.07
251 -7.67
252 -7.55
253 -7.76
254 -7.77
255 -7.70
256 -7.71
257 -8.53
258 -7.75
259 -7.66
260 -7.83
261 -7.57
262 -7.64
263 -7.75
264 -7.69
265 -7.56
266 -7.67
267 -7.65
268 -7.69
269 -7.70
270 -7.72
271 -7.71
272 -7.74
273 -7.59
274 -5.14
275 -7.60
276 -7.76
277 -7.59
278 -7.65
279 -5.97
280 -7.69
281 -7.74
282 -7.61
283 -7.78
284 -7.89
285 -5.19
286 -7.71
287 -7.57
288 -7.65
289 -7.71
290 -7.66
291 -9.80
292 -7.49
293 -7.73
294 -8.45
295 -7.48
296 -5.48
297 -7.45
298 -7.64
299 -7.63
300 -7.71
301 -7.56
302 -7.65
303 -7.81
304 -7.74
305 -7.59
306 -7.65
307 -7.52
308 -5.27
309 -7.68
310 -7.36
311 -7.62
312 -7.53
313 -7.70
314 -7.72
315 -7.70
316 -7.80
317 -7.84
318 -7.72
319 -8.46
320 -7.70
321 -9.75
322 -7.75
323 -5.40
324 -5.11
325 -7.60
326 -7.53
327 -7.67
328 -7.56
329 -7.48
330 -7.73
331 -7.66
332 -7.64
333 -2.66
334 -7.68
335 -7.65
336 -5.17
337 -7.88
338 -7.85
339 -7.58
340 -7.70
341 -6.07
342 -5.00
343 -7.62
344 -7.78
345 -7.71
346 -7.75
347 -7.74
348 -7.70
349 -7.64
350 -7.63
351 -7.77
352 -6.02
353 -8.50
354 -7.70
355 -7.68
356 -7.63
357 -7.73
358 -7.72
359 -5.10
360 -7.56
361 -7.69
362 -7.56
363 -7.73
364 -0.27
365 -7.70
366 -7.63
367 -0.19
368 -7.48
369 -7.80
370 -9.86
371 -9.74
372 -7.64
373 -7.73
374 -7.80
375 -8.57
376 -7.63
377 -7.80
378 -7.62
379 -7.88
380 -7.71
381 -7.62
382 -7.56
383 -7.69
384 -9.81
385 -73.79
386 -8.48
387 -7.66
388 -7.75
389 -8.54
390 -7.86
391 -7.63
392 -7.65
393 -7.59
394 -8.38
395 -7.52
396 -7.66
397 -7.77
398 -7.70
399 -7.72
400 -7.88
401 -8.54
402 -5.93
403 -7.69
404 -9.87
405 -7.52
406 -7.64
407 -5.17
408 -7.75
409 -9.68
410 -7.55
411 -8.45
412 -7.65
413 -7.56
414 -7.60
415 -3.40
416 -8.35
417 -5.89
418 -7.64
419 -7.62
420 -7.65
421 -7.74
422 -5.09
423 -5.19
424 -7.58
425 -7.67
426 -7.15
427 -7.72
428 -7.74
429 -7.65
430 -7.75
431 -7.77
432 -7.66
433 -7.74
434 -8.43
435 -7.64
436 -7.71
437 -7.75
438 -3.53
439 -7.69
440 -5.18
441 -7.72
442 -7.72
443 -7.62
444 -7.78
445 -7.60
446 -8.44
447 -5.16
448 -7.79
449 -7.72
450 -7.69
451 -7.60
452 -7.61
453 -7.71
454 -5.24
455 -5.23
456 -7.65
457 -7.64
458 -9.78
459 -9.91
460 -7.60
461 -7.68
462 -7.58
463 -7.64
464 -2.64
465 -7.76
466 -7.53
467 -7.52
468 -7.67
469 -7.67
470 -7.56
471 -7.69
472 -7.72
473 -7.71
474 -7.59
475 -5.20
476 -7.68
477 -7.59
478 -7.88
479 -7.61
480 -9.83
481 -8.56
482 -7.53
483 -5.28
484 -5.10
485 -7.56
486 -7.77
487 -7.75
488 -7.65
489 -7.68
490 -9.77
491 -7.62
492 -7.63
493 -7.64
494 -7.72
495 -5.21
496 -7.74
497 -7.60
498 -7.79
499 -7.69
500 -7.71
501 -7.68
502 -7.76
503 -7.53
504 -7.70
505 -7.59
506 -7.59
507 -7.67
508 -5.06
509 -7.72
510 -7.52
511 -7.76
512 -7.68
513 -7.81
514 -7.67
515 -5.07
516 -7.78
517 -7.63
518 -7.73
519 -7.74
520 -7.63
521 -7.60
522 -7.59
523 -7.95
524 -7.61
525 -7.71
526 -7.64
527 -7.57
528 -7.76
529 -7.72
530 -7.70
531 -5.08
532 -7.63
533 -5.05
534 -7.56
535 -9.34
536 -8.55
537 -7.62
538 -7.57
539 -7.71
540 -5.04
541 -7.63
542 -7.65
543 -7.54
544 -7.77
545 -7.69
546 -7.56
547 -5.97
548 -7.64
549 -8.45
550 -7.76
551 -7.67
552 -7.70
553 -7.58
554 -5.15
555 -7.65
556 -7.63
557 -5.23
558 -7.64
559 -0.13
560 -5.14
561 -7.70
562 -7.70
563 -7.79
564 -5.37
565 -7.50
566 -8.50
567 -7.61
568 -7.55
569 -7.62
570 -7.81
571 -7.76
572 -5.17
573 -7.71
574 -7.66
575 -7.71
576 -7.65
577 -7.50
578 -7.72
579 -5.17
580 -8.49
581 -7.68
582 -7.66
583 -2.71
584 -7.62
585 -7.67
586 -7.61
587 -7.69
588 -7.53
589 -7.47
590 -7.55
591 -7.85
592 -5.24
593 -7.72
594 -7.76
595 -5.12
596 -7.53
597 -2.65
598 -7.80
599 -7.60
600 -7.61
601 -7.55
602 -7.65
603 -7.76
604 -5.24
605 -7.73
606 -7.62
607 -8.47
608 -7.78
609 -7.72
610 -8.55
611 -7.74
612 -7.75
613 -7.55
614 -7.72
615 -7.58
616 -5.04
617 -7.65
618 -7.68
619 -7.61
620 -7.84
621 -74.07
622 -7.61
623 -7.58
624 -5.20
625 -7.56
626 -7.58
627 -7.63
628 -7.72
629 -7.77
630 -7.63
631 -7.62
632 -9.86
633 -7.59
634 -9.74
635 -7.78
636 -9.09
637 -7.69
638 -7.54
639 -7.63
640 -7.74
641 -7.75
642 -7.64
643 -7.65
644 -7.65
645 -9.27
646 -7.76
647 -7.65
648 -7.68
649 -2.57
650 -7.79
651 -7.56
652 -7.59
653 -7.66
654 -7.69
655 -7.79
656 -7.71
657 -7.49
658 -7.57
659 -7.80
660 -7.64
661 -7.85
662 -7.75
663 -7.62
664 -7.74
665 -7.87
666 -7.72
667 -7.70
668 -7.85
669 -5.19
670 -7.77
671 -7.70
672 -7.61
673 -7.72
674 -7.79
675 -7.66
676 -7.64
677 -5.14
678 -7.65
679 -7.68
680 -7.70
681 -7.64
682 -7.77
683 -7.63
684 -7.64
685 -7.68
686 -7.70
687 -12.23
688 -7.60
689 -7.73
690 -7.61
691 -7.62
692 -7.79
693 -7.66
694 -7.59
695 -7.59
696 -7.58
697 -7.61
698 -7.72
699 -7.64
700 -7.72
701 -7.62
702 -7.79
703 -2.69
704 -7.75
705 -7.70
706 -7.51
707 -7.53
708 -7.61
709 -7.69
710 -2.75
711 -5.24
712 -8.45
713 -7.65
714 -5.12
715 -7.75
716 -9.63
717 -7.60
718 -7.50
719 -7.57
720 -7.88
721 -9.72
722 -5.15
723 -7.70
724 -7.59
725 -7.67
726 -7.70
727 -7.67
728 -8.40
729 -7.77
730 -7.58
731 -7.73
732 -7.78
733 -7.69
734 -7.72
735 -5.17
736 -7.67
737 -7.85
738 -7.61
739 -7.64
740 -9.57
741 -7.84
742 -7.85
743 -32.08
744 -7.57
745 -8.49
746 -7.78
747 -7.55
748 -8.91
749 -7.64
750 -7.69
751 -5.31
752 -7.58
753 -7.66
754 -7.66
755 -7.73
756 -7.79
757 -7.76
758 -7.69
759 -7.66
760 -7.63
761 -7.73
762 -7.63
763 -7.65
764 -7.68
765 -9.93
766 -9.94
767 -5.12
768 -9.86
769 -7.74
770 -16.75
771 -7.68
772 -7.74
773 -9.77
774 -7.71
775 -7.62
776 -7.72
777 -7.50
778 -7.55
779 -7.61
780 -9.80
781 -7.78
782 -7.61
783 -7.61
784 -7.71
785 -7.74
786 -7.68
787 -7.64
788 -8.35
789 -7.65
790 -13.10
791 -7.73
792 -7.70
793 -7.67
794 -7.90
795 -7.69
796 -7.65
797 -7.58
798 -7.72
799 -9.92
800 -7.76
801 -7.68
802 -8.45
803 -7.66
804 -7.63
805 -7.60
806 -7.65
807 -5.12
808 -7.60
809 -5.16
810 -8.01
811 -7.80
812 -7.68
813 -7.58
814 -7.79
815 -7.60
816 -5.83
817 -7.62
818 -7.67
819 -7.70
820 -7.49
821 -7.61
822 -7.61
823 -7.75
824 -3.40
825 -8.48
826 -7.70
827 -9.78
828 -7.87
829 -9.72
830 -7.60
831 -7.70
832 -7.46
833 -5.23
834 -7.68
835 -7.65
836 -7.75
837 -7.56
838 -7.61
839 -8.51
840 -5.08
841 -7.58
842 -5.25
843 -9.91
844 -7.48
845 -7.77
846 -7.71
847 -7.73
848 -5.21
849 -7.66
850 -7.68
851 -4.98
852 -5.99
853 -7.71
854 -7.69
855 -15.02
856 -8.59
857 -7.53
858 -7.79
859 -7.69
860 -7.75
861 -5.07
862 -7.65
863 -8.53
864 -9.71
865 -5.08
866 -7.78
867 -7.72
868 -7.61
869 -7.71
870 -7.67
871 -7.63
872 -7.57
873 -7.59
874 -7.91
875 -5.21
876 -7.68
877 -14.25
878 -7.68
879 -7.65
880 -7.73
881 -7.59
882 -7.58
883 -5.37
884 -2.61
885 -7.61
886 -7.76
887 -7.64
888 -2.54
889 -7.61
890 -5.12
891 -7.69
892 -5.20
893 -9.78
894 -7.48
895 -7.64
896 -7.63
897 -5.14
898 -5.13
899 -4.84
900 -7.77
901 -8.47
902 -9.87
903 -7.75
904 -2.62
905 -7.74
906 -7.66
907 -8.42
908 -7.68
909 -7.80
910 -7.74
911 -7.67
912 -7.75
913 -7.70
914 -7.67
915 -7.70
916 -7.78
917 -7.70
918 -74.15
919 -7.65
920 -7.76
921 -7.73
922 -7.75
923 -7.68
924 -7.66
925 -7.71
926 -8.52
927 -7.66
928 -7.60
929 -4.96
930 -7.79
931 -5.34
932 -7.55
933 -7.71
934 -7.72
935 -7.57
936 -7.63
937 -7.80
938 -7.70
939 -8.44
940 -5.23
941 -7.66
942 -8.51
943 -7.15
944 -7.61
945 -7.60
946 -7.77
947 -7.75
948 -7.72
949 -7.57
950 -7.73
951 -5.91
952 -7.50
953 -5.13
954 -7.80
955 -5.17
956 -7.66
957 -7.56
958 -7.64
959 -7.71
960 -5.24
961 -6.01
962 -7.77
963 -8.54
964 -7.63
965 -7.79
966 -5.10
967 -5.06
968 -7.65
969 -7.70
970 -6.41
971 -7.60
972 -7.76
973 -7.56
974 -7.59
975 -7.69
976 -5.24
977 -5.11
978 -7.66
979 -7.70
980 -7.56
981 -7.66
982 -8.42
983 -7.82
984 -7.73
985 -10.31
986 -7.72
987 -2.66
988 -9.81
989 -7.60
990 -7.65
991 -2.52
992 -7.61
993 -7.69
994 -7.68
995 -7.72
996 -7.71
997 -7.59
998 -7.62
999 -7.54
1540.544316291809
