0 11.305000000000055
1 -0.029999999999927168
2 2.505000000000071
3 2.4450000000000953
4 9.795000000000027
5 -0.11499999999991764
6 2.4750000000000245
7 17.629999999999797
8 17.539999999999853
9 9.97500000000013
10 2.385000000000156
11 10.019999999999916
12 5.095000000000084
13 -2.439999999999914
14 9.899999999999993
15 9.969999999999802
16 7.415000000000157
17 9.954999999999966
18 2.4850000000001193
19 10.02499999999985
20 10.074999999999765
21 2.390000000000162
22 7.525000000000081
23 14.875000000000025
24 7.425000000000153
25 17.419999999999742
26 -0.07999999999996991
27 7.4300000000000574
28 -2.549999999999913
29 4.985000000000158
30 -2.6099999999999555
31 7.650000000000116
32 7.385000000000114
33 12.559999999999896
34 -6.60499999999988
35 7.490000000000092
36 9.820000000000059
37 7.485000000000054
38 2.450000000000082
39 2.5200000000001337
40 9.939999999999984
41 5.010000000000159
42 12.474999999999795
43 7.524999999999829
44 4.8650000000001
45 2.4900000000001548
46 2.4050000000000242
47 -0.1899999999999171
48 7.325000000000147
49 -4.979999999999914
50 7.4850000000001415
51 2.3750000000000613
52 1.6450000000000817
53 10.065000000000142
54 17.464999999999876
55 4.960000000000116
56 2.4800000000001248
57 5.025000000000138
58 -2.639999999999915
59 4.995000000000151
60 11.694999999999753
61 7.490000000000034
62 9.965000000000062
63 9.914999999999806
64 12.465000000000112
65 7.325000000000064
66 9.980000000000079
67 15.039999999999958
68 4.985000000000105
69 7.495000000000025
70 15.035000000000036
71 15.01999999999994
72 17.599999999999966
73 -2.45499999999994
74 4.87000000000004
75 -0.0349999999999405
76 12.464999999999758
77 17.55999999999978
78 7.345000000000163
79 4.790000000000151
80 -2.5899999999999332
81 4.935000000000138
82 5.0399999999999885
83 9.850000000000081
84 17.60499999999987
85 17.51999999999981
86 12.494999999999832
87 15.079999999999732
88 20.044999999999995
89 5.050000000000128
90 -0.14499999999989466
91 15.014999999999763
92 -0.06999999999992793
93 7.545000000000013
94 4.865000000000044
95 7.18499999999996
96 7.420000000000127
97 15.029999999999948
98 7.464999999999879
99 7.4300000000001125
100 2.495000000000145
101 -0.09499999999997016
102 15.119999999999774
103 6.535000000000161
104 5.015000000000141
105 9.965000000000002
106 4.890000000000127
107 10.005000000000027
108 -0.014999999999947704
109 5.02500000000014
110 5.054999999999982
111 10.954999999999828
112 2.4100000000000934
113 15.039999999999829
114 7.484999999999908
115 5.035000000000082
116 6.9700000000001285
117 2.4950000000001213
118 4.920000000000112
119 5.015000000000076
120 -0.1599999999998769
121 4.900000000000132
122 12.524999999999967
123 -0.07999999999987681
124 12.574999999999912
125 15.094999999999933
126 4.975000000000118
127 20.059999999999786
128 12.564999999999895
129 -0.06999999999996567
130 -0.0349999999999325
131 -2.544999999999964
132 8.600000000000106
133 12.589999999999746
134 10.049999999999788
135 5.110000000000122
136 6.910000000000036
137 2.430000000000157
138 14.999999999999964
139 2.405000000000088
140 2.400000000000136
141 7.550000000000089
142 7.545000000000113
143 22.554999999999968
144 -0.10999999999988218
145 3.5700000000000864
146 6.255000000000137
147 -2.5699999999999488
148 4.910000000000155
149 2.475000000000061
150 7.490000000000137
151 2.480000000000154
152 7.385000000000106
153 2.5100000000001597
154 6.960000000000087
155 14.864999999999824
156 2.435000000000115
157 12.519999999999799
158 7.370000000000052
159 17.41499999999977
160 7.479999999999985
161 10.000000000000044
162 12.554999999999858
163 8.785000000000089
164 9.94999999999998
165 20.079999999999938
166 7.480000000000083
167 10.044999999999897
168 2.5900000000001073
169 7.46000000000015
170 10.089999999999787
171 1.9000000000001156
172 12.479999999999857
173 5.0300000000001415
174 7.530000000000115
175 7.469999999999861
176 -0.07499999999994417
177 12.559999999999894
178 12.419999999999936
179 7.494999999999996
180 10.029999999999895
181 -0.03499999999992196
182 25.02499999999986
183 7.159999999999941
184 13.244999999999909
185 12.474999999999877
186 2.4350000000000627
187 12.575000000000067
188 7.615000000000052
189 -5.069999999999912
190 0.015000000000047406
191 -0.6599999999999603
192 5.385622503517595e-14
193 4.900000000000111
194 4.285000000000175
195 1.2900000000001284
196 17.49499999999983
197 4.510000000000121
198 15.084999999999859
199 8.749999999999968
200 15.050000000000104
201 7.4900000000001326
202 7.375000000000138
203 12.505000000000013
204 7.504999999999978
205 7.394999999999866
206 2.465000000000071
207 13.444999999999961
208 12.439999999999996
209 12.604999999999864
210 7.500000000000012
211 15.029999999999951
212 5.000000000000119
213 4.995000000000059
214 2.4300000000000948
215 4.110000000000071
216 7.529999999999899
217 12.455000000000119
218 7.5950000000000575
219 17.324999999999957
220 2.410000000000144
221 12.425000000000042
222 12.405000000000067
223 14.889999999999807
224 9.869999999999994
225 1.5800000000001735
226 14.994999999999798
227 14.944999999999855
228 2.5150000000001587
229 4.885000000000162
230 7.459999999999847
231 4.890000000000149
232 -0.08499999999996256
233 12.585000000000006
234 4.900000000000162
235 -5.144999999999911
236 14.885
237 4.940000000000127
238 7.415000000000134
239 4.390000000000155
240 5.005000000000127
241 9.93500000000008
242 14.899999999999944
243 1.065762061935871e-13
244 12.514999999999915
245 10.009999999999968
246 5.010000000000045
247 8.139999999999937
248 13.934999999999773
249 5.000000000000035
250 4.405000000000092
251 4.945000000000082
252 -0.07999999999990749
253 12.609999999999761
254 12.574999999999832
255 25.004999999999786
256 5.0200000000001515
257 7.559999999999986
258 2.4500000000001547
259 10.049999999999972
260 7.570000000000069
261 10.019999999999968
262 12.469999999999757
263 2.4300000000000876
264 5.080000000000124
265 12.560000000000072
266 15.080000000000009
267 12.374999999999899
268 14.890000000000049
269 4.860000000000157
270 7.435000000000105
271 0.025000000000036313
272 7.425000000000025
273 19.939999999999745
274 2.3200000000001535
275 2.3850000000001104
276 9.999999999999917
277 -0.05999999999991994
278 9.964999999999996
279 20.164999999999914
280 12.45499999999996
281 10.024999999999872
282 -0.024999999999958274
283 2.5650000000001487
284 2.5650000000001336
285 7.605000000000053
286 7.519999999999959
287 12.489999999999919
288 9.384999999999954
289 2.6050000000001567
290 10.064999999999985
291 12.434999999999828
292 5.060000000000127
293 -0.09499999999994459
294 12.514999999999894
295 -5.029999999999913
296 2.460000000000045
297 9.860000000000081
298 5.05000000000015
299 2.430000000000052
300 2.5400000000000507
301 17.68999999999987
302 10.029999999999799
303 -5.144999999999911
304 12.564999999999994
305 7.520000000000141
306 9.344999999999793
307 4.380000000000166
308 2.450000000000054
309 5.0400000000001235
310 12.544999999999888
311 7.450000000000115
312 4.940000000000156
313 17.39999999999983
314 -0.0049999999999345915
315 15.074999999999834
316 0.010000000000039403
317 14.954999999999732
318 12.22000000000004
319 2.5250000000001513
320 5.000000000000094
321 2.4400000000001247
322 14.949999999999816
323 2.375000000000129
324 4.935000000000155
325 9.979999999999931
326 2.555000000000149
327 4.9050000000001335
328 2.300000000000164
329 12.539999999999978
330 5.0450000000001305
331 10.05499999999987
332 17.609999999999943
333 9.949999999999974
334 2.580000000000134
335 2.5100000000000846
336 7.4850000000000865
337 12.539999999999832
338 9.979999999999944
339 19.889999999999944
340 7.565000000000131
341 15.08499999999993
342 7.470000000000103
343 17.464999999999915
344 12.504999999999999
345 4.96000000000016
346 22.554999999999847
347 1.995000000000064
348 12.504999999999814
349 2.5400000000001093
350 -3.0599999999999503
351 15.114999999999888
352 2.49000000000016
353 17.529999999999912
354 12.419999999999936
355 1.920000000000133
356 12.449999999999834
357 2.5300000000000713
358 17.475000000000016
359 2.495000000000114
360 9.875000000000002
361 12.49999999999977
362 14.895000000000001
363 2.350000000000149
364 17.574999999999832
365 12.574999999999896
366 12.5749999999999
367 14.910000000000089
368 7.519999999999845
369 -3.1599999999998993
370 4.280000000000135
371 12.594999999999779
372 12.454999999999982
373 16.524999999999974
374 0.05000000000002533
375 9.945000000000011
376 9.94000000000002
377 12.620000000000097
378 -0.019999999999948836
379 7.54000000000015
380 12.505000000000038
381 15.139999999999842
382 2.4350000000000547
383 -0.09999999999990872
384 7.430000000000072
385 5.00500000000016
386 -2.6249999999999627
387 17.579999999999906
388 13.659999999999856
389 12.384999999999899
390 20.019999999999783
391 12.529999999999927
392 -2.4899999999999642
393 10.050000000000047
394 4.9650000000001215
395 12.554999999999929
396 -0.059999999999933495
397 4.955000000000048
398 2.480000000000123
399 9.77499999999985
400 7.575000000000158
401 14.789999999999726
402 7.409999999999945
403 5.08500000000014
404 12.484999999999742
405 24.999999999999833
406 9.945000000000057
407 7.459999999999938
408 10.01499999999984
409 9.870000000000132
410 7.159999999999949
411 10.0249999999998
412 4.980000000000135
413 4.945000000000155
414 2.4100000000000406
415 17.57499999999984
416 7.440000000000021
417 5.020000000000052
418 7.450000000000053
419 17.539999999999793
420 8.084999999999745
421 4.880000000000049
422 15.11999999999985
423 5.105000000000154
424 9.824999999999964
425 7.47500000000016
426 1.885000000000164
427 17.544999999999995
428 11.894999999999717
429 2.4750000000001426
430 9.804999999999929
431 2.465000000000072
432 7.525000000000129
433 14.99499999999998
434 5.050000000000068
435 -0.07499999999995713
436 9.75999999999979
437 -0.03499999999997347
438 15.054999999999788
439 12.405000000000028
440 -0.15999999999994097
441 9.960000000000127
442 4.990000000000076
443 9.964999999999932
444 5.035000000000129
445 4.99500000000016
446 7.485000000000129
447 2.400000000000078
448 5.055000000000154
449 7.520000000000101
450 4.985000000000133
451 10.000000000000128
452 14.989999999999819
453 14.979999999999766
454 2.5250000000001593
455 20.024999999999867
456 12.539999999999791
457 12.44499999999995
458 17.649999999999814
459 15.12500000000004
460 4.800000000000109
461 0.06500000000008521
462 5.115000000000081
463 4.955000000000069
464 -0.1099999999999326
465 1.000000000000112
466 9.445000000000029
467 9.92999999999986
468 7.3550000000001345
469 12.439999999999905
470 11.814999999999783
471 0.030000000000094233
472 12.445000000000013
473 15.109999999999912
474 15.055000000000003
475 9.980000000000077
476 10.070000000000062
477 7.58999999999996
478 12.599999999999921
479 12.454999999999806
480 -0.014999999999977788
481 7.435000000000088
482 7.580000000000139
483 5.005000000000055
484 2.445000000000072
485 2.380000000000118
486 -0.009999999999961486
487 2.370000000000089
488 4.945000000000141
489 7.494999999999965
490 12.565000000000083
491 -0.05999999999989796
492 0.010000000000063071
493 4.920000000000162
494 2.5400000000001093
495 12.554999999999728
496 7.505000000000045
497 10.179999999999875
498 2.5150000000001107
499 14.935000000000043
500 12.494999999999964
501 4.9250000000001615
502 5.020000000000145
503 4.935000000000121
504 3.5400000000001857
505 9.945000000000011
506 19.84999999999983
507 9.43000000000001
508 -2.5249999999999124
509 3.1400000000001143
510 7.540000000000159
511 20.09499999999988
512 7.580000000000111
513 5.135000000000124
514 2.415000000000136
515 2.545000000000134
516 4.095000000000145
517 3.5950000000001507
518 2.5300000000001477
519 14.999999999999762
520 7.455000000000043
521 12.564999999999849
522 -0.07499999999993949
523 7.46499999999995
524 3.939036596900536e-14
525 19.23999999999997
526 9.969999999999857
527 15.065000000000092
528 17.58999999999981
529 6.1200000000001245
530 10.004999999999995
531 3.0200000000001217
532 7.215000000000036
533 11.250000000000036
534 7.175000000000164
535 4.89500000000006
536 -0.03999999999988131
537 7.525000000000141
538 20.064999999999902
539 9.9749999999998
540 4.860000000000163
541 3.815000000000137
542 4.975000000000141
543 9.895000000000051
544 2.4200000000000497
545 4.955000000000161
546 -0.06999999999988046
547 4.875000000000042
548 14.914999999999916
549 2.455000000000086
550 9.975000000000032
551 10.095000000000066
552 15.03999999999988
553 9.934999999999967
554 7.449999999999917
555 9.96499999999983
556 -2.4899999999999127
557 -2.484999999999914
558 9.94500000000003
559 7.424999999999884
560 5.09000000000006
561 -0.024999999999941035
562 5.060000000000144
563 2.5150000000001453
564 2.410000000000162
565 14.98499999999982
566 2.470000000000046
567 10.069999999999972
568 10.050000000000109
569 12.425000000000054
570 7.335000000000121
571 15.03500000000003
572 15.039999999999818
573 4.840000000000153
574 5.115000000000079
575 4.950000000000126
576 21.454999999999767
577 9.88000000000014
578 -2.6499999999999138
579 7.510000000000016
580 20.924999999999862
581 2.3250000000001636
582 4.9450000000001
583 2.4300000000000894
584 14.939999999999905
585 4.985000000000142
586 5.1050000000001505
587 -2.4649999999999315
588 7.529999999999971
589 2.405000000000066
590 2.460000000000149
591 15.149999999999803
592 5.000000000000037
593 7.515000000000097
594 4.815000000000113
595 10.004999999999821
596 9.939999999999822
597 15.024999999999729
598 10.06499999999996
599 9.40499999999988
600 5.055000000000159
601 9.995000000000013
602 2.5350000000000885
603 17.549999999999788
604 9.974999999999863
605 -2.5249999999999178
606 4.975000000000133
607 2.535000000000105
608 4.985000000000105
609 17.479999999999794
610 10.120000000000076
611 12.41500000000004
612 4.390000000000126
613 21.31499999999975
614 9.889999999999949
615 -2.529999999999927
616 9.99999999999976
617 6.360000000000146
618 -2.584999999999912
619 9.910000000000116
620 5.040000000000135
621 0.010000000000101374
622 6.469999999999845
623 -2.669999999999924
624 2.430000000000104
625 17.444999999999894
626 -0.004999999999978588
627 -0.15499999999994063
628 0.02500000000012314
629 -5.054999999999912
630 12.489999999999792
631 7.520000000000042
632 9.985000000000104
633 2.350000000000163
634 12.619999999999742
635 -4.964999999999914
636 10.069999999999832
637 9.964999999999938
638 14.95499999999992
639 15.169999999999774
640 4.970000000000141
641 17.485000000000028
642 4.970000000000104
643 4.99500000000016
644 10.00500000000003
645 4.9800000000001186
646 12.330000000000078
647 0.0500000000000978
648 13.62999999999998
649 6.960000000000113
650 4.935000000000126
651 2.4700000000000717
652 5.065000000000151
653 2.315000000000164
654 2.455000000000033
655 7.550000000000073
656 7.385000000000007
657 7.525000000000099
658 7.390000000000102
659 0.030000000000115802
660 2.240000000000208
661 4.935000000000161
662 -0.03999999999995026
663 9.904999999999777
664 4.910000000000102
665 8.825000000000069
666 4.845000000000088
667 9.920000000000016
668 7.4099999999999
669 4.965000000000068
670 4.965000000000129
671 20.054999999999897
672 9.965000000000128
673 7.485000000000066
674 12.529999999999994
675 10.179999999999998
676 0.11000000000011724
677 9.964999999999835
678 -0.04999999999988841
679 9.564999999999955
680 7.4550000000000916
681 14.989999999999815
682 19.92999999999979
683 -4.909999999999916
684 2.450000000000154
685 2.545000000000071
686 -3.1549999999999216
687 2.6050000000001576
688 7.5450000000000275
689 10.01999999999995
690 12.524999999999908
691 10.644999999999879
692 9.419999999999993
693 4.920000000000148
694 20.03999999999993
695 2.415000000000145
696 -0.02999999999988899
697 -0.08499999999987641
698 7.475000000000159
699 5.0700000000001335
700 27.489999999999768
701 12.539999999999882
702 15.019999999999976
703 1.8000000000001177
704 5.030000000000155
705 0.05000000000005254
706 7.470000000000102
707 2.4700000000000673
708 6.9250000000000895
709 -2.5099999999999136
710 5.055000000000159
711 20.044999999999924
712 20.010000000000012
713 5.015000000000092
714 9.990000000000036
715 2.5400000000000906
716 12.494999999999818
717 4.890000000000089
718 5.080000000000033
719 8.724999999999895
720 10.069999999999952
721 22.57999999999981
722 2.4300000000000455
723 2.5250000000000674
724 7.46000000000002
725 7.3500000000001595
726 -4.974999999999914
727 4.960000000000161
728 9.879999999999889
729 12.529999999999955
730 10.09999999999985
731 7.540000000000133
732 9.979999999999965
733 12.35999999999991
734 17.404999999999838
735 4.980000000000154
736 9.90499999999988
737 2.520000000000076
738 2.5950000000001237
739 0.05500000000012335
740 7.525000000000151
741 12.470000000000097
742 4.990000000000058
743 14.995000000000035
744 17.594999999999786
745 9.984999999999953
746 14.984999999999959
747 4.475000000000153
748 12.569999999999995
749 10.060000000000116
750 22.494999999999827
751 7.635000000000066
752 -2.61999999999996
753 4.935000000000037
754 10.02000000000011
755 5.16000000000015
756 10.014999999999752
757 5.150000000000151
758 6.9500000000001085
759 4.9050000000001095
760 2.5300000000001237
761 14.944999999999904
762 4.450000000000095
763 -0.1499999999999408
764 2.410000000000116
765 -2.514999999999923
766 5.070000000000112
767 10.639999999999972
768 2.445000000000152
769 12.4999999999998
770 12.524999999999853
771 12.689999999999934
772 -2.3849999999999585
773 4.350000000000088
774 7.430000000000123
775 19.87499999999973
776 7.5750000000001325
777 7.400000000000143
778 -2.5199999999999125
779 9.9750000000001
780 5.005000000000144
781 2.5600000000001146
782 7.515000000000091
783 2.4050000000000606
784 10.119999999999983
785 12.505000000000042
786 12.519999999999861
787 7.489999999999971
788 14.32499999999989
789 11.974999999999863
790 2.355000000000123
791 10.155000000000099
792 10.170000000000021
793 7.310000000000082
794 12.519999999999852
795 4.875000000000142
796 7.520000000000149
797 25.189999999999895
798 15.024999999999928
799 10.05499999999986
800 14.960000000000033
801 7.360000000000154
802 12.689999999999754
803 12.439999999999912
804 2.3950000000001603
805 4.93000000000009
806 12.465000000000028
807 7.495000000000114
808 7.58500000000014
809 7.475000000000134
810 17.479999999999947
811 10.009999999999822
812 10.014999999999965
813 9.965000000000138
814 2.405000000000161
815 4.825000000000113
816 4.780000000000149
817 5.00000000000016
818 7.489999999999983
819 12.434999999999965
820 12.50499999999985
821 2.485000000000105
822 12.459999999999946
823 7.420000000000012
824 11.870000000000019
825 12.424999999999924
826 2.440000000000082
827 -0.03499999999994891
828 5.010000000000116
829 7.525000000000128
830 7.640000000000151
831 0.020000000000123457
832 -0.8499999999998773
833 7.420000000000016
834 12.395000000000065
835 7.52499999999991
836 16.834999999999884
837 -0.08999999999988353
838 12.42500000000003
839 4.970000000000051
840 10.005000000000082
841 9.899999999999793
842 7.364999999999836
843 21.74999999999987
844 8.965000000000082
845 2.4550000000001377
846 9.934999999999798
847 5.035000000000159
848 11.950000000000074
849 12.469999999999887
850 10.049999999999985
851 20.10499999999991
852 2.2700000000001594
853 25.104999999999897
854 2.425000000000052
855 12.519999999999952
856 7.520000000000118
857 7.460000000000125
858 9.840000000000078
859 10.054999999999978
860 7.510000000000126
861 -0.5499999999998784
862 14.88499999999985
863 7.49499999999991
864 9.820000000000078
865 4.905000000000097
866 7.410000000000055
867 4.915000000000109
868 5.070000000000127
869 7.495000000000134
870 1.9200000000001292
871 7.4450000000001575
872 17.945000000000068
873 7.314999999999953
874 7.525000000000031
875 -0.05999999999996881
876 15.084999999999871
877 14.944999999999904
878 2.5000000000001448
879 -2.679999999999911
880 4.98000000000016
881 19.934999999999977
882 17.420000000000016
883 12.409999999999764
884 5.0350000000001565
885 -2.5649999999999156
886 4.975000000000155
887 2.525000000000108
888 0.02000000000007483
889 -0.004999999999970576
890 2.4600000000001017
891 9.835000000000061
892 5.070000000000106
893 2.6100000000001478
894 2.4250000000001597
895 10.0000000000001
896 7.580000000000052
897 -0.0049999999999184065
898 7.454999999999819
899 -0.11499999999987642
900 7.399999999999891
901 15.000000000000055
902 2.530000000000096
903 -2.5599999999999348
904 12.399999999999938
905 9.964999999999868
906 4.925000000000149
907 17.595000000000006
908 2.4000000000001602
909 5.035000000000159
910 5.015000000000072
911 2.440000000000067
912 7.5749999999999655
913 9.844999999999743
914 10.109999999999765
915 7.565000000000086
916 -3.484999999999895
917 1.8300000000001526
918 12.450000000000017
919 7.500000000000027
920 4.995000000000084
921 10.054999999999861
922 17.429999999999865
923 11.835000000000006
924 0.020000000000116702
925 22.564999999999927
926 5.025000000000082
927 9.959999999999967
928 10.0600000000001
929 9.959999999999905
930 4.935000000000101
931 10.029999999999921
932 -5.104999999999912
933 4.910000000000082
934 1.995000000000133
935 9.859999999999996
936 4.885000000000158
937 9.915000000000015
938 -2.4399999999999133
939 12.545
940 12.444999999999927
941 3.8800000000001775
942 7.465000000000128
943 4.920000000000076
944 4.985000000000128
945 17.545000000000055
946 2.4250000000001455
947 2.6000000000001453
948 7.405000000000099
949 17.454999999999817
950 7.500000000000076
951 17.45499999999993
952 2.4700000000001165
953 22.41499999999981
954 7.435000000000019
955 11.229999999999997
956 10.000000000000071
957 7.5000000000001315
958 9.935000000000114
959 1.7750000000001684
960 2.5700000000000576
961 17.61499999999991
962 -5.119999999999911
963 7.570000000000147
964 -0.05499999999997371
965 2.335000000000126
966 -2.539999999999913
967 -0.13499999999996745
968 12.484999999999916
969 5.090000000000121
970 7.494999999999973
971 10.089999999999833
972 22.589999999999822
973 5.055000000000122
974 7.490000000000029
975 12.614999999999938
976 7.485000000000081
977 -0.04999999999989208
978 9.964999999999977
979 0.1700000000000712
980 14.98499999999982
981 9.97499999999997
982 12.659999999999748
983 10.01499999999993
984 12.38499999999977
985 10.134999999999959
986 11.289999999999806
987 7.440000000000108
988 22.584999999999773
989 15.03999999999989
990 4.879999999999964
991 7.460000000000157
992 2.550000000000159
993 2.3950000000000524
994 7.439999999999936
995 -4.889999999999916
996 7.629999999999945
997 8.794999999999979
998 10.030000000000069
999 7.480000000000096
1000 20.01499999999994
1001 12.54499999999988
1002 2.395000000000115
1003 4.915000000000084
1004 -0.014999999999876869
1005 -0.034999999999939954
1006 15.044999999999838
1007 7.465000000000152
1008 0.0750000000000483
1009 2.4050000000000256
1010 12.450000000000045
1011 3.480000000000132
1012 25.084999999999923
1013 15.04999999999988
1014 7.460000000000145
1015 9.93000000000004
1016 7.510000000000134
1017 2.5250000000000243
1018 4.955000000000145
1019 4.935000000000115
1020 2.5300000000001432
1021 -5.084999999999912
1022 2.5350000000001
1023 2.4900000000001477
1024 7.404999999999921
1025 7.499999999999954
1026 7.565000000000089
1027 16.96499999999987
1028 18.004999999999946
1029 2.5550000000001356
1030 4.970000000000138
1031 22.50999999999979
1032 12.53500000000006
1033 12.499999999999853
1034 -0.10999999999995312
1035 7.47500000000016
1036 -0.02999999999996858
1037 7.5650000000001
1038 9.994999999999822
1039 4.9850000000000785
1040 4.955000000000085
1041 1.2335792110018673e-13
1042 4.940000000000153
1043 14.979999999999908
1044 4.885000000000127
1045 5.00000000000016
1046 12.419999999999865
1047 5.0000000000000995
1048 9.9599999999999
1049 7.580000000000103
1050 0.05000000000006851
1051 7.5199999999999205
1052 -0.5949999999999249
1053 4.945000000000122
1054 12.424999999999931
1055 -2.5049999999999377
1056 5.135000000000041
1057 7.5150000000001125
1058 -2.5149999999999126
1059 12.479999999999885
1060 7.510000000000008
1061 5.00500000000016
1062 17.55000000000001
1063 9.305000000000128
1064 20.019999999999765
1065 16.97499999999992
1066 2.5300000000000606
1067 17.589999999999943
1068 7.57500000000014
1069 0.010000000000076259
1070 7.485000000000034
1071 -2.419999999999924
1072 8.20499999999998
1073 9.99499999999999
1074 7.415000000000146
1075 10.040000000000129
1076 4.935000000000074
1077 9.86499999999989
1078 10.094999999999994
1079 11.904999999999877
1080 12.464999999999906
1081 2.465000000000064
1082 6.449999999999824
1083 2.440000000000102
1084 7.450000000000113
1085 2.4900000000001574
1086 4.845000000000129
1087 2.365000000000105
1088 14.949999999999864
1089 17.50499999999982
1090 0.06000000000007039
1091 9.940000000000053
1092 8.790000000000012
1093 7.475000000000071
1094 12.45499999999977
1095 4.97500000000011
1096 15.004999999999901
1097 15.060000000000018
1098 14.959999999999999
1099 8.44000000000017
1100 17.53499999999993
1101 17.609999999999843
1102 -0.054999999999906186
1103 15.00499999999998
1104 -2.604999999999954
1105 9.96500000000005
1106 15.174999999999898
1107 7.570000000000074
1108 14.265000000000013
1109 16.404999999999834
1110 14.339999999999955
1111 7.550000000000003
1112 7.565000000000146
1113 15.019999999999685
1114 9.950000000000037
1115 -0.10499999999988309
1116 9.905000000000008
1117 9.929999999999964
1118 4.940000000000118
1119 4.240000000000092
1120 4.9550000000001395
1121 12.274999999999839
1122 7.5400000000001075
1123 -0.009999999999882872
1124 15.024999999999796
1125 -0.10499999999992728
1126 -0.5449999999999156
1127 5.090000000000148
1128 17.574999999999907
1129 7.685000000000117
1130 14.994999999999953
1131 17.499999999999794
1132 7.340000000000163
1133 12.504999999999788
1134 4.860000000000119
1135 12.474999999999907
1136 12.469999999999958
1137 4.905000000000058
1138 14.015000000000061
1139 9.955000000000021
1140 5.040000000000147
1141 12.63500000000003
1142 -0.014999999999938826
1143 7.5900000000000585
1144 14.92999999999998
1145 12.499999999999973
1146 -0.1299999999998962
1147 2.4450000000001038
1148 7.485000000000131
1149 -5.014999999999913
1150 7.444999999999976
1151 7.360000000000163
1152 12.47999999999987
1153 7.410000000000055
1154 2.705000000000099
1155 7.505000000000056
1156 10.125000000000053
1157 2.4900000000001183
1158 10.079999999999815
1159 7.500000000000043
1160 20.069999999999766
1161 7.530000000000127
1162 7.625000000000157
1163 14.114999999999936
1164 9.969999999999862
1165 5.005000000000086
1166 2.5050000000001544
1167 15.119999999999923
1168 12.47999999999981
1169 -0.5049999999998901
1170 1.8700000000001582
1171 4.985000000000082
1172 5.065000000000127
1173 2.405000000000041
1174 7.59500000000006
1175 12.414999999999877
1176 7.535000000000035
1177 4.960000000000108
1178 7.610000000000154
1179 10.139999999999986
1180 20.09999999999979
1181 4.960000000000154
1182 7.529999999999929
1183 11.88499999999973
1184 0.0700000000001237
1185 9.96500000000012
1186 2.5450000000001185
1187 10.080000000000046
1188 2.5950000000001285
1189 -2.3949999999999267
1190 19.36999999999982
1191 2.555000000000149
1192 9.984999999999996
1193 2.615000000000152
1194 14.979999999999706
1195 6.3200000000001095
1196 5.10500000000012
1197 6.910000000000093
1198 7.545000000000139
1199 10.080000000000052
1200 2.490000000000073
1201 12.539999999999928
1202 7.570000000000076
1203 4.95500000000011
1204 10.009999999999811
1205 25.084999999999777
1206 7.550000000000104
1207 15.029999999999898
1208 7.529999999999936
1209 2.5600000000000365
1210 22.59999999999982
1211 16.84999999999992
1212 17.51999999999995
1213 10.024999999999888
1214 4.900000000000149
1215 0.09500000000005784
1216 17.459999999999773
1217 2.6150000000001246
1218 7.530000000000067
1219 10.114999999999817
1220 2.4550000000000662
1221 7.519999999999953
1222 5.120000000000144
1223 7.545000000000099
1224 5.075000000000158
1225 22.579999999999824
1226 2.6550000000001495
1227 27.689999999999824
1228 7.469999999999861
1229 17.569999999999805
1230 7.525000000000047
1231 10.089999999999932
1232 12.60499999999995
1233 12.530000000000017
1234 -4.954999999999913
1235 12.479999999999936
1236 7.49000000000002
1237 7.430000000000029
1238 5.035000000000132
1239 15.029999999999957
1240 12.500000000000027
1241 8.295000000000131
1242 15.064999999999857
1243 10.129999999999887
1244 16.944999999999887
1245 10.009999999999842
1246 7.644999999999937
1247 17.534999999999844
1248 9.939999999999914
1249 7.495000000000078
1250 0.02500000000006916
1251 9.550000000000065
1252 7.575000000000116
1253 7.53
1254 9.384999999999959
1255 7.490000000000011
1256 2.580000000000096
1257 7.575000000000058
1258 2.6150000000001263
1259 4.925000000000117
1260 7.584999999999781
1261 22.534999999999943
1262 9.919999999999845
1263 2.6050000000001274
1264 17.464999999999765
1265 14.170000000000101
1266 10.09500000000001
1267 4.905000000000155
1268 15.08499999999986
1269 5.075000000000092
1270 7.625000000000084
1271 4.985000000000083
1272 8.419999999999968
1273 5.130000000000094
1274 7.539999999999929
1275 10.06000000000002
1276 5.005000000000094
1277 20.044999999999906
1278 10.135000000000016
1279 5.01000000000016
1280 -0.689999999999894
1281 4.9350000000001595
1282 17.609999999999843
1283 2.49500000000016
1284 -0.014999999999938392
1285 10.19499999999995
1286 12.450000000000097
1287 -2.4399999999999267
1288 22.56999999999989
1289 0.040000000000054416
1290 4.360000000000131
1291 10.094999999999985
1292 5.070000000000156
1293 7.444999999999896
1294 20.09999999999982
1295 7.384999999999875
1296 14.91999999999999
1297 0.07000000000006172
1298 7.545000000000046
1299 7.615000000000095
1300 17.64499999999979
1301 6.950000000000122
1302 10.004999999999935
1303 7.645000000000044
1304 9.989999999999796
1305 5.010000000000149
1306 15.134999999999957
1307 10.05499999999998
1308 7.535000000000109
1309 11.165000000000028
1310 10.08499999999988
1311 20.099999999999998
1312 15.109999999999749
1313 7.585000000000112
1314 2.5450000000001474
1315 12.49499999999981
1316 10.004999999999761
1317 2.630000000000046
1318 0.11000000000010192
1319 12.595000000000038
1320 15.084999999999813
1321 12.589999999999751
1322 10.139999999999993
1323 10.10999999999999
1324 11.489999999999783
1325 17.5599999999998
1326 10.025000000000027
1327 7.365000000000085
1328 10.074999999999918
1329 17.43999999999991
1330 0.05500000000007283
1331 7.5699999999998635
1332 -0.014999999999956586
1333 12.639999999999906
1334 4.375000000000173
1335 4.940000000000152
1336 12.654999999999855
1337 10.114999999999958
1338 5.045000000000159
1339 8.840000000000057
1340 -2.4399999999999147
1341 2.5050000000000905
1342 7.670000000000123
1343 9.560000000000066
1344 14.930000000000094
1345 10.074999999999754
1346 5.0350000000000685
1347 20.72999999999975
1348 12.564999999999849
1349 12.654999999999932
1350 20.154999999999834
1351 7.614999999999975
1352 14.969999999999802
1353 12.454999999999792
1354 22.689999999999827
1355 25.0749999999998
1356 7.440000000000074
1357 12.605000000000006
1358 0.010000000000062279
1359 17.54999999999982
1360 12.5549999999998
1361 7.640000000000098
1362 14.239999999999913
1363 4.945000000000064
1364 7.555000000000093
1365 2.710000000000189
1366 5.125000000000149
1367 2.670000000000044
1368 3.9350000000001613
1369 9.994999999999822
1370 20.019999999999957
1371 5.005000000000099
1372 -2.4599999999999245
1373 5.055000000000079
1374 14.330000000000016
1375 19.739999999999775
1376 5.000000000000145
1377 7.6100000000000705
1378 9.575000000000031
1379 6.360000000000164
1380 17.569999999999926
1381 5.085000000000132
1382 9.900000000000029
1383 12.535000000000021
1384 5.055000000000091
1385 12.649999999999949
1386 12.549999999999814
1387 12.490000000000004
1388 17.569999999999933
1389 27.679999999999865
1390 17.584999999999937
1391 22.569999999999933
1392 17.49999999999982
1393 17.604999999999887
1394 22.669999999999778
1395 2.4050000000001406
1396 29.52499999999983
1397 17.510000000000016
1398 7.524999999999926
1399 12.585000000000024
1400 5.085000000000041
1401 15.17999999999987
1402 7.595000000000158
1403 10.07000000000001
1404 11.26000000000014
1405 10.219999999999985
1406 17.67999999999992
1407 5.070000000000121
1408 20.09999999999994
1409 12.62000000000004
1410 15.154999999999797
1411 5.140000000000117
1412 5.005000000000119
1413 10.069999999999961
1414 10.004999999999772
1415 27.65499999999984
1416 7.665000000000078
1417 -2.5599999999999317
1418 7.610000000000088
1419 19.02499999999974
1420 7.660000000000082
1421 1.855000000000136
1422 17.644999999999868
1423 14.99999999999985
1424 15.219999999999791
1425 23.829999999999767
1426 7.490000000000139
1427 5.180000000000106
1428 12.619999999999772
1429 7.539999999999993
1430 7.62499999999977
1431 14.904999999999992
1432 15.014999999999821
1433 5.085000000000113
1434 14.459999999999848
1435 22.50499999999981
1436 15.004999999999741
1437 12.689999999999921
1438 24.57499999999987
1439 27.674999999999887
1440 22.529999999999873
1441 15.11999999999979
1442 12.559999999999848
1443 17.584999999999845
1444 7.634999999999764
1445 12.969999999999745
1446 12.689999999999747
1447 12.609999999999843
1448 2.680000000000077
1449 1.8500000000001644
1450 15.10499999999995
1451 10.105000000000103
1452 15.03999999999982
1453 22.70499999999984
1454 10.935000000000093
1455 7.6499999999999755
1456 7.63000000000001
1457 10.12999999999982
1458 10.099999999999826
1459 5.065000000000155
1460 2.78500000000013
1461 14.150000000000068
1462 7.590000000000006
1463 15.064999999999962
1464 8.595000000000006
1465 7.605000000000137
1466 20.164999999999782
1467 12.604999999999887
1468 12.664999999999829
1469 7.040000000000046
1470 35.22999999999982
1471 7.7600000000000895
1472 7.585000000000154
1473 22.754999999999992
1474 15.214999999999788
1475 15.134999999999772
1476 19.114999999999856
1477 10.204999999999943
1478 10.004999999999923
1479 15.289999999999944
1480 7.745000000000003
1481 10.07999999999996
1482 20.259999999999838
1483 27.779999999999887
1484 12.709999999999908
1485 7.564999999999995
1486 10.205000000000094
1487 20.095000000000052
1488 22.674999999999862
1489 30.224999999999998
1490 22.82499999999976
1491 22.709999999999905
1492 26.939999999999863
1493 10.224999999999703
1494 16.469999999999928
1495 12.774999999999837
1496 22.719999999999924
1497 12.735000000000065
1498 12.744999999999903
1499 22.74000000000001
1500 12.750000000000055
1501 24.674999999999873
1502 30.514999999999844
1503 20.359999999999886
1504 22.69999999999997
1505 28.0499999999999
1506 27.934999999999906
1507 25.524999999999842
1508 15.414999999999667
1509 10.32500000000009
1510 43.10499999999986
1511 17.9199999999997
1512 33.08999999999994
1513 38.09499999999989
1514 17.954999999999902
1515 8.02000000000012
1516 30.644999999999875
1517 15.564999999999948
1518 32.91999999999992
1519 30.465000000000007
1520 43.40999999999959
1521 30.905000000000104
1522 50.939999999999465
1523 15.569999999999629
1524 28.414999999999864
1525 48.544999999999725
1526 23.30499999999984
1527 28.09499999999991
1528 19.949999999999832
1529 38.289999999999566
1530 31.335000000000253
1531 31.32000000000005
1532 13.99499999999999
1533 31.450000000000248
1534 8.715000000000044
1535 37.94499999999965
1536 36.47999999999994
1537 13.779999999999939
1538 28.780000000000122
1539 20.515000000000082
1540 6.929999999999892
1541 27.110000000000387
1542 8.700000000000042
1543 16.544999999999938
1544 6.1900000000000714
1545 4.5350000000001165
1546 29.350000000000357
1547 2.33500000000011
1548 14.40499999999951
1549 15.849999999999879
1550 2.2300000000001123
1551 2.3100000000001106
1552 1.6250000000001243
1553 7.0100000000001
1554 2.1050000000001123
1555 9.744999999999468
1556 -0.2849999999999246
1557 4.130000000000103
1558 12.129999999999526
1559 7.08500000000005
1560 7.240000000000062
1561 -3.564999999999915
1562 1.575000000000123
1563 2.4050000000001086
1564 -2.9349999999999286
1565 -2.7649999999999326
1566 4.520000000000115
1567 4.670000000000098
1568 -2.9249999999999288
1569 -2.964999999999928
1570 -0.7599999999999418
1571 4.78500000000009
1572 9.775000000000022
1573 7.420000000000062
1574 -2.624999999999935
1575 2.3950000000000795
1576 12.279999999999609
1577 -0.9999999999999553
1578 4.935000000000096
1579 -2.589999999999936
1580 -1.1999999999999142
1581 4.7700000000001115
1582 6.929999999999937
1583 -0.26499999999992324
1584 1.7750000000001016
1585 8.829999999999918
1586 1.3500000000001302
1587 1.7150000000001233
1588 2.2650000000001116
1589 -2.539999999999937
1590 2.380000000000109
1591 -2.954999999999928
1592 -0.41999999999991583
1593 -2.6099999999999355
1594 -0.1099999999999371
1595 7.39000000000002
1596 -2.6049999999999356
1597 4.7750000000001105
1598 -3.709999999999915
1599 4.705000000000113
1600 2.3100000000001106
1601 1.965000000000078
1602 -3.6699999999999138
1603 2.440000000000101
1604 -2.9499999999999282
1605 -0.2249999999999623
1606 -2.6499999999999346
1607 -24.704999999998904
1608 -2.959999999999928
1609 9.709999999999429
1610 12.379999999999422
1611 -2.6049999999999356
1612 -2.9349999999999286
1613 2.2450000000000854
1614 -1.1799999999999184
1615 -1.6099999999999186
1616 -2.6249999999999356
1617 1.2900000000001315
1618 -0.14999999999992872
1619 -3.009999999999927
1620 -2.6499999999999346
1621 -0.07999999999991644
1622 -2.5199999999999374
1623 12.309999999999388
1624 -3.054999999999926
1625 -0.5449999999999177
1626 -2.5999999999999357
1627 -2.5549999999999367
1628 -3.6999999999999122
1629 -3.6999999999999122
1630 2.0550000000000677
1631 -2.5599999999999365
1632 -3.2549999999999226
1633 2.3700000000001094
1634 -3.559999999999916
1635 4.485000000000118
1636 -2.6649999999999348
1637 2.370000000000109
1638 -3.669999999999914
1639 -1.1749999999999576
1640 -0.16499999999991563
1641 -0.9549999999999162
1642 1.3700000000001307
1643 -3.109999999999925
1644 -3.1549999999999256
1645 -21.804999999999442
1646 -0.45499999999991586
1647 1.640000000000095
1648 -0.6699999999999169
1649 -0.20499999999994542
1650 4.8650000000001095
1651 2.3800000000001056
1652 2.4150000000001084
1653 -0.10499999999991558
1654 -0.1299999999999227
1655 -0.15499999999991562
1656 -2.6149999999999354
1657 -1.994999999999895
1658 -2.674999999999934
1659 -2.5449999999999373
1660 -3.0299999999999265
1661 -1.0949999999999143
1662 -0.12999999999995868
1663 -2.5749999999999376
1664 -2.564999999999937
1665 -2.9749999999999277
1666 -2.5499999999999368
1667 -2.964999999999928
1668 -2.609999999999936
1669 -2.5699999999999363
1670 6.305000000000088
1671 -3.6049999999999143
1672 -2.5749999999999362
1673 -0.4849999999999168
1674 -3.5999999999999144
1675 -2.7949999999999315
1676 -2.5599999999999365
1677 1.3200000000001304
1678 -2.5599999999999365
1679 -2.9849999999999284
1680 7.034999999999391
1681 -0.15999999999991563
1682 3.625000000000055
1683 -2.584999999999936
1684 -0.5349999999999159
1685 4.870000000000085
1686 7.405000000000068
1687 -3.0199999999999294
1688 -1.3199999999999548
1689 -3.069999999999927
1690 -3.5849999999999147
1691 -0.1349999999999156
1692 -35.70499999999978
1693 5.14000000000011
1694 2.475000000000107
1695 -2.6499999999999346
1696 -2.9799999999999276
1697 -0.11499999999991559
1698 2.4000000000001087
1699 -2.584999999999936
1700 -3.6599999999999135
1701 -2.634999999999935
1702 -2.5699999999999363
1703 -17.420000000000787
1704 1.4100000000001298
1705 1.440000000000129
1706 2.325000000000087
1707 -0.809999999999917
1708 4.800000000000104
1709 -2.659999999999936
1710 -4.079999999999904
1711 -2.589999999999936
1712 -0.059999999999915545
1713 -2.5799999999999375
1714 -2.699999999999935
1715 -4.499999999999896
1716 -2.5649999999999364
1717 -2.5999999999999357
1718 -0.4999999999999159
1719 -0.4749999999999494
1720 -0.9049999999999162
1721 -3.579999999999915
1722 -2.5799999999999366
1723 -3.0799999999999264
1724 -2.989999999999928
1725 -3.0349999999999264
1726 -3.5899999999999146
1727 -2.9449999999999283
1728 -2.5599999999999365
1729 -2.9399999999999284
1730 -2.579999999999936
1731 -2.5499999999999368
1732 -2.9449999999999283
1733 -2.6299999999999355
1734 -0.1249999999999156
1735 -2.484999999999938
1736 -0.12499999999995046
1737 -3.044999999999926
1738 -0.019999999999915558
1739 -2.6999999999999336
1740 -2.6199999999999353
1741 -1.1349999999999594
1742 -0.5599999999999175
1743 4.84500000000011
1744 -2.589999999999936
1745 -0.20499999999992233
1746 -2.6299999999999364
1747 -35.73499999999979
1748 -2.639999999999935
1749 -0.19499999999995118
1750 -0.5349999999999396
1751 -2.594999999999936
1752 -2.9299999999999287
1753 -2.594999999999936
1754 2.3950000000000804
1755 -2.5599999999999365
1756 -2.5649999999999364
1757 -2.529999999999937
1758 -2.5499999999999368
1759 -2.5899999999999377
1760 1.2500000000001328
1761 -2.599999999999936
1762 -3.029999999999927
1763 1.8150000000001212
1764 0.49500000000007527
1765 -2.969999999999928
1766 -0.02999999999991556
1767 2.915000000000142
1768 -3.0349999999999264
1769 -2.334999999999905
1770 7.41000000000008
1771 3.855000000000131
1772 -2.579999999999937
1773 -3.614999999999914
1774 -2.484999999999938
1775 -2.544999999999937
1776 -2.544999999999937
1777 -33.34499999999852
1778 -1.1699999999998656
1779 7.639999999999911
1780 -2.5599999999999365
1781 -2.689999999999935
1782 -7.619999999999908
1783 4.805000000000055
1784 -2.5999999999999357
1785 -1.109999999999914
1786 -3.5499999999999154
1787 -2.5749999999999362
1788 -2.529999999999937
1789 -2.6499999999999346
1790 7.385000000000079
1791 -2.6199999999999353
1792 -3.664999999999913
1793 -0.5449999999999168
1794 -3.6899999999999125
1795 -0.5249999999999312
1796 -2.6099999999999364
1797 -2.594999999999936
1798 -2.5249999999999373
1799 1.6300000000001251
1800 -0.05499999999991555
1801 -1.0399999999999157
1802 -3.7249999999999117
1803 2.415000000000103
1804 -3.239999999999923
1805 -3.0249999999999266
1806 4.225000000000123
1807 -35.76499999999981
1808 -1.1199999999999333
1809 -3.664999999999913
1810 2.440000000000108
1811 1.9550000000001182
1812 -3.3249999999999207
1813 -0.5199999999999159
1814 4.440000000000073
1815 4.090000000000126
1816 -30.289999999997814
1817 -0.06499999999991554
1818 -3.0199999999999267
1819 4.850000000000109
1820 2.35000000000011
1821 -0.45499999999991586
1822 2.465000000000057
1823 -2.529999999999937
1824 -3.5549999999999153
1825 -2.594999999999936
1826 -2.8849999999999296
1827 -0.12999999999991715
1828 -0.8149999999999161
1829 -3.054999999999926
1830 -2.624999999999935
1831 -0.03999999999991644
1832 -2.6599999999999344
1833 -2.6149999999999354
1834 -3.0599999999999263
1835 -2.5549999999999367
1836 -2.634999999999935
1837 -2.634999999999935
1838 -2.5999999999999357
1839 -3.2749999999999218
1840 -0.07999999999991556
1841 -0.5349999999999301
1842 -2.989999999999928
1843 -2.6349999999999354
1844 -0.039999999999915554
1845 -0.4999999999999159
1846 -2.529999999999937
1847 -4.089999999999893
1848 2.3900000000000636
1849 -2.584999999999936
1850 -2.9949999999999273
1851 -1.2349999999999135
1852 -3.5549999999999153
1853 -2.6199999999999353
1854 -0.06999999999991555
1855 -2.624999999999935
1856 3.800000000000132
1857 -4.419999999999897
1858 -0.04499999999991555
1859 -0.9399999999999377
1860 -2.5999999999999357
1861 -0.4749999999999159
1862 -2.534999999999937
1863 -2.9899999999999274
1864 -2.6549999999999345
1865 -2.909999999999929
1866 -2.909999999999929
1867 -3.004999999999927
1868 2.395000000000109
1869 -0.05999999999991553
1870 -1.1399999999999133
1871 -1.0899999999999144
1872 -9.394999999999978
1873 -2.5749999999999367
1874 -0.5149999999999159
1875 -2.5199999999999374
1876 -1.164999999999915
1877 -2.5999999999999357
1878 -3.589999999999915
1879 -3.7599999999999127
1880 -0.13499999999991558
1881 -2.6149999999999354
1882 -2.5299999999999376
1883 -2.6149999999999354
1884 -2.584999999999936
1885 -2.5149999999999375
1886 -2.589999999999936
1887 -1.1449999999999132
1888 -0.5149999999999194
1889 -1.8299999999998986
1890 -3.614999999999915
1891 -3.5499999999999154
1892 -0.034999999999903365
1893 -2.969999999999928
1894 -2.639999999999935
1895 1.8950000000000884
1896 -2.9449999999999283
1897 -35.739999999999796
1898 -2.9899999999999274
1899 -2.6049999999999356
1900 -0.609999999999961
1901 1.8950000000000697
1902 -2.579999999999936
1903 -2.629999999999935
1904 -3.0299999999999265
1905 -3.6949999999999124
1906 -0.16999999999991564
1907 -2.9799999999999276
1908 2.385000000000086
1909 -0.1349999999999156
1910 -1.0849999999999147
1911 3.760000000000133
1912 -3.714999999999912
1913 -3.0299999999999265
1914 -15.57500000000099
1915 -3.7349999999999115
1916 -0.15499999999994227
1917 -2.954999999999928
1918 -2.6199999999999353
1919 -2.589999999999936
1920 -2.5599999999999365
1921 -2.5699999999999363
1922 3.620000000000136
1923 -0.11499999999991559
1924 -2.584999999999936
1925 -3.619999999999914
1926 -2.9299999999999287
1927 -3.5349999999999158
1928 -2.5499999999999376
1929 -2.9899999999999274
1930 -3.6299999999999137
1931 -0.12499999999991648
1932 -0.08499999999991623
1933 -2.964999999999899
1934 -2.6649999999999343
1935 1.9500000000001183
1936 -2.629999999999935
1937 -0.4699999999999159
1938 -2.594999999999936
1939 -2.594999999999936
1940 -1.1399999999999133
1941 -1.0999999999999142
1942 2.3750000000001075
1943 -0.05499999999991555
1944 -3.299999999999921
1945 -2.634999999999935
1946 -3.004999999999927
1947 -3.6349999999999136
1948 -2.5549999999999367
1949 -2.9349999999999286
1950 17.410000000000153
1951 -35.82999999999984
1952 -2.644999999999936
1953 -2.5549999999999367
1954 -0.06499999999991643
1955 -2.579999999999936
1956 -0.06999999999991555
1957 -0.09999999999991557
1958 -2.594999999999936
1959 -3.1099999999999257
1960 -2.6649999999999343
1961 -6.409999999999801
1962 -2.5099999999999376
1963 -2.5649999999999364
1964 -2.6549999999999354
1965 -2.9299999999999287
1966 -0.6049999999999177
1967 -2.6449999999999347
1968 -33.26499999999848
1969 2.3900000000001054
1970 -2.5199999999999374
1971 -2.9849999999999275
1972 -3.6349999999999136
1973 1.4750000000001098
1974 2.475000000000107
1975 -0.5549999999999159
1976 -0.1249999999999156
1977 -2.6399999999999353
1978 -2.9799999999999276
1979 -2.5199999999999374
1980 -2.5749999999999362
1981 14.769999999999333
1982 -2.6299999999999355
1983 -3.609999999999914
1984 -2.5499999999999368
1985 -2.5999999999999357
1986 1.3750000000000855
1987 -3.6849999999999126
1988 7.30999999999971
1989 -0.17499999999991586
1990 2.34500000000011
1991 -2.634999999999935
1992 -0.4699999999999159
1993 -2.634999999999936
1994 -2.5499999999999368
1995 -35.814999999999834
1996 -0.5149999999999159
1997 -3.059999999999926
1998 -5.289999999999878
1999 -3.6399999999999135
5238.836491107941
