0 34.60499999999979
1 17.504999999999814
2 12.589999999999902
3 7.600000000000146
4 12.525000000000004
5 12.520000000000053
6 12.635000000000058
7 22.674999999999777
8 12.650000000000015
9 10.02999999999995
10 30.164999999999832
11 10.165000000000019
12 -0.014999999999967923
13 7.544999999999858
14 12.470000000000065
15 17.794999999999817
16 22.124999999999844
17 7.559999999999957
18 5.020000000000073
19 7.784999999999933
20 25.249999999999883
21 22.664999999999935
22 15.039999999999901
23 10.10500000000005
24 10.154999999999983
25 10.175000000000072
26 12.734999999999872
27 20.184999999999828
28 7.445000000000082
29 10.150000000000057
30 5.1650000000000915
31 22.669999999999842
32 25.16499999999989
33 20.01499999999987
34 25.144999999999808
35 0.060000000000072724
36 15.059999999999953
37 15.129999999999772
38 10.15499999999991
39 7.585000000000075
40 7.54000000000012
41 5.080000000000155
42 15.234999999999786
43 22.799999999999773
44 2.6400000000001205
45 10.179999999999868
46 12.45500000000004
47 2.5450000000001243
48 10.140000000000057
49 10.2349999999999
50 9.110000000000056
51 7.714999999999982
52 5.070000000000071
53 10.075000000000058
54 15.144999999999897
55 15.139999999999871
56 10.144999999999918
57 5.025000000000102
58 10.044999999999916
59 5.170000000000064
60 2.5550000000000463
61 12.714999999999923
62 12.665000000000047
63 20.20999999999983
64 5.170000000000114
65 12.704999999999831
66 27.684999999999906
67 10.235
68 22.609999999999864
69 10.030000000000024
70 15.064999999999989
71 7.665000000000153
72 16.234999999999935
73 17.764999999999954
74 5.025000000000129
75 19.260000000000023
76 5.030000000000159
77 17.665000000000003
78 20.184999999999846
79 22.629999999999818
80 7.674999999999722
81 14.394999999999962
82 10.004999999999823
83 10.060000000000064
84 15.179999999999872
85 0.11500000000003786
86 5.1050000000000715
87 7.505000000000008
88 10.239999999999887
89 27.66999999999998
90 17.55500000000002
91 20.219999999999775
92 5.250000000000083
93 12.595000000000011
94 10.0249999999999
95 10.210000000000086
96 5.235000000000058
97 10.149999999999908
98 5.080000000000135
99 -0.01999999999994584
100 10.000000000000053
101 10.089999999999964
102 2.6150000000000784
103 15.249999999999812
104 17.70999999999993
105 7.650000000000132
106 10.169999999999865
107 14.250000000000037
108 0.025000000000034744
109 12.679999999999845
110 7.755000000000118
111 10.134999999999932
112 21.22999999999982
113 12.764999999999958
114 27.754999999999836
115 0.13000000000007417
116 15.189999999999886
117 20.209999999999795
118 5.0650000000001185
119 15.27999999999991
120 15.164999999999775
121 17.76499999999986
122 5.170000000000133
123 12.659999999999838
124 20.194999999999784
125 7.785000000000102
126 15.18999999999991
127 12.654999999999974
128 12.734999999999923
129 10.170000000000057
130 7.6750000000000185
131 7.559999999999978
132 7.615000000000157
133 15.304999999999811
134 12.699999999999777
135 11.349999999999854
136 15.01499999999998
137 5.035000000000146
138 -2.4549999999999494
139 27.654999999999927
140 10.069999999999812
141 17.744999999999965
142 18.594999999999857
143 27.75999999999992
144 -2.4299999999999353
145 22.37499999999983
146 -4.989999999999913
147 12.579999999999739
148 12.590000000000085
149 10.145000000000085
150 22.61999999999976
151 20.129999999999885
152 12.79499999999994
153 2.580000000000112
154 10.12499999999994
155 7.519999999999849
156 12.799999999999887
157 12.659999999999938
158 5.255000000000154
159 20.27499999999999
160 0.08500000000002154
161 12.594999999999724
162 7.705000000000072
163 4.295348798866172e-14
164 15.209999999999841
165 15.214999999999756
166 7.735000000000024
167 7.504999999999823
168 17.73999999999978
169 17.624999999999957
170 7.740000000000076
171 20.234999999999786
172 7.624999999999995
173 17.654999999999774
174 10.16000000000003
175 33.67499999999988
176 14.424999999999667
177 7.600000000000078
178 7.6100000000000625
179 5.020000000000154
180 7.725000000000013
181 10.060000000000025
182 20.154999999999802
183 7.604999999999813
184 20.244999999999965
185 12.695000000000025
186 20.1849999999999
187 10.060000000000027
188 17.609999999999868
189 15.244999999999997
190 5.0800000000001
191 9.520000000000088
192 20.094999999999875
193 5.080000000000034
194 7.700000000000122
195 10.175000000000114
196 7.480000000000031
197 15.194999999999723
198 -5.034999999999911
199 13.170000000000002
200 10.245000000000017
201 5.09000000000011
202 20.124999999999947
203 2.4850000000001096
204 2.5750000000001423
205 12.550000000000013
206 7.569999999999985
207 10.099999999999858
208 7.565000000000057
209 15.189999999999825
210 12.774999999999824
211 6.880000000000173
212 15.169999999999883
213 22.82499999999983
214 25.154999999999838
215 20.009999999999835
216 20.229999999999876
217 2.450000000000064
218 2.585000000000144
219 12.604999999999926
220 7.51500000000008
221 20.13999999999979
222 15.164999999999983
223 12.399999999999984
224 2.6150000000001556
225 2.620000000000087
226 15.199999999999854
227 12.59499999999989
228 5.0000000000000355
229 25.09999999999992
230 10.085000000000074
231 25.119999999999827
232 15.154999999999962
233 2.5350000000000756
234 15.164999999999932
235 17.76999999999975
236 12.594999999999835
237 20.074999999999864
238 22.7049999999999
239 20.089999999999915
240 -2.3899999999999157
241 17.63499999999995
242 12.339999999999762
243 17.444999999999936
244 10.050000000000038
245 5.025000000000087
246 7.624999999999874
247 12.724999999999978
248 10.044999999999932
249 27.53499999999977
250 12.629999999999745
251 17.575000000000028
252 7.625000000000096
253 10.054999999999925
254 17.664999999999736
255 5.190000000000091
256 15.044999999999975
257 15.254999999999741
258 7.565000000000066
259 15.06999999999987
260 2.67500000000012
261 7.595000000000101
262 12.524999999999688
263 7.6600000000001085
264 12.624999999999991
265 2.640000000000145
266 12.61499999999989
267 4.525000000000116
268 20.204999999999796
269 19.58999999999977
270 17.75999999999991
271 17.66499999999993
272 12.524999999999917
273 17.58999999999982
274 10.154999999999829
275 2.5850000000000675
276 17.654999999999998
277 20.109999999999914
278 10.179999999999858
279 10.215000000000046
280 2.6350000000000304
281 17.67999999999982
282 10.104999999999984
283 17.51999999999986
284 5.130000000000122
285 12.720000000000049
286 10.135000000000034
287 7.69000000000011
288 2.5850000000000763
289 10.169999999999991
290 10.105000000000118
291 12.619999999999854
292 22.60499999999975
293 12.674999999999741
294 2.7050000000000716
295 25.14499999999995
296 15.114999999999867
297 17.44499999999997
298 10.059999999999867
299 15.109999999999857
300 12.05999999999994
301 20.29999999999974
302 25.17999999999988
303 20.099999999999905
304 17.519999999999914
305 17.654999999999752
306 2.535000000000068
307 5.250000000000151
308 7.320000000000164
309 12.684999999999881
310 10.160000000000005
311 10.059999999999865
312 15.0649999999999
313 17.704999999999842
314 7.580000000000154
315 5.040000000000135
316 22.67999999999991
317 17.635000000000026
318 15.129999999999884
319 17.584999999999987
320 17.60999999999989
321 20.124999999999833
322 5.090000000000094
323 12.649999999999956
324 5.125000000000084
325 10.20999999999987
326 16.84999999999986
327 5.255000000000152
328 7.595000000000094
329 -4.844999999999916
330 5.100000000000085
331 10.119999999999854
332 5.180000000000142
333 20.184999999999885
334 14.554999999999978
335 5.060000000000044
336 22.704999999999846
337 10.10999999999985
338 30.249999999999872
339 15.239999999999954
340 5.250000000000142
341 15.044999999999787
342 20.14499999999986
343 5.140000000000156
344 10.189999999999806
345 10.079999999999929
346 7.630000000000046
347 7.0350000000000374
348 15.21999999999971
349 15.124999999999803
350 2.5900000000001144
351 9.064999999999884
352 5.140000000000094
353 17.500000000000014
354 15.15999999999975
355 12.634999999999728
356 15.189999999999849
357 2.6750000000001393
358 12.585000000000075
359 17.67999999999994
360 2.7550000000001145
361 32.7849999999998
362 22.66499999999992
363 22.644999999999975
364 15.089999999999746
365 10.139999999999914
366 7.649999999999909
367 20.139999999999947
368 2.065000000000131
369 12.609999999999813
370 22.645000000000017
371 10.12499999999996
372 12.614999999999908
373 9.739999999999672
374 2.5700000000001415
375 17.70499999999972
376 10.280000000000022
377 10.149999999999729
378 27.579999999999806
379 15.099999999999714
380 2.640000000000086
381 12.640000000000075
382 0.0300000000000211
383 15.224999999999751
384 -2.5249999999999133
385 12.705000000000041
386 17.649999999999995
387 2.690000000000155
388 7.615000000000064
389 15.10499999999987
390 17.75499999999989
391 -3.164999999999947
392 27.539999999999882
393 15.16999999999978
394 9.760000000000016
395 15.08499999999987
396 15.239999999999826
397 22.67499999999991
398 7.705000000000059
399 11.940000000000007
400 22.659999999999936
401 8.180000000000042
402 12.579999999999869
403 2.5400000000000897
404 15.199999999999934
405 7.610000000000024
406 17.614999999999906
407 12.714999999999838
408 15.074999999999834
409 15.284999999999876
410 5.030000000000091
411 10.085000000000063
412 15.839999999999883
413 5.240000000000146
414 10.044999999999913
415 15.15499999999994
416 12.654999999999848
417 29.654999999999834
418 12.494999999999907
419 22.744999999999912
420 5.135000000000133
421 10.559999999999864
422 5.065000000000158
423 12.68999999999989
424 10.179999999999806
425 5.160000000000121
426 10.175000000000045
427 17.78499999999982
428 10.179999999999788
429 20.25499999999981
430 17.174999999999947
431 17.71499999999978
432 7.685000000000108
433 12.715000000000112
434 2.495000000000159
435 7.565000000000109
436 31.659999999999844
437 20.279999999999816
438 10.16499999999993
439 17.729999999999787
440 20.294999999999753
441 17.624999999999886
442 25.154999999999877
443 7.740000000000021
444 7.670000000000126
445 12.600000000000046
446 10.12000000000004
447 10.180000000000025
448 16.909999999999837
449 7.504999999999974
450 10.265000000000004
451 22.669999999999817
452 20.15999999999979
453 10.099999999999952
454 17.64999999999982
455 7.760000000000077
456 5.12500000000012
457 7.68000000000011
458 29.969999999999704
459 25.129999999999956
460 15.119999999999836
461 27.694999999999922
462 15.16499999999995
463 12.739999999999908
464 11.964999999999794
465 2.660000000000154
466 22.55499999999992
467 15.209999999999855
468 5.095000000000121
469 20.129999999999765
470 17.744999999999983
471 17.66500000000003
472 27.72499999999985
473 22.669999999999888
474 20.159999999999858
475 17.62999999999976
476 5.115000000000157
477 7.469999999999801
478 10.14999999999998
479 7.615000000000154
480 9.779999999999857
481 5.260000000000114
482 15.194999999999741
483 25.20499999999977
484 17.799999999999887
485 5.160000000000115
486 15.16999999999998
487 17.739999999999785
488 5.175000000000148
489 22.70999999999988
490 7.445000000000099
491 5.1150000000000775
492 10.20000000000013
493 -2.4749999999999392
494 5.1600000000000295
495 5.1500000000001025
496 0.19000000000005257
497 5.230000000000155
498 15.129999999999926
499 10.074999999999845
500 12.609999999999786
501 7.600000000000106
502 7.719999999999784
503 10.139999999999862
504 12.554999999999989
505 7.659999999999891
506 25.18999999999989
507 11.36999999999983
508 23.86999999999989
509 20.259999999999756
510 10.024999999999961
511 0.17000000000006
512 17.609999999999925
513 20.094999999999807
514 19.71499999999994
515 17.68499999999996
516 5.225000000000113
517 10.175000000000116
518 15.1099999999999
519 7.705000000000059
520 2.455000000000051
521 17.67999999999974
522 22.784999999999837
523 15.364999999999863
524 10.144999999999998
525 10.184999999999986
526 22.53999999999981
527 10.15500000000006
528 7.680000000000096
529 10.029999999999893
530 2.6100000000000847
531 2.5900000000000416
532 25.279999999999813
533 14.05999999999987
534 15.13499999999993
535 20.274999999999856
536 20.2699999999999
537 25.23499999999994
538 15.204999999999778
539 7.569999999999741
540 7.680000000000011
541 17.15499999999986
542 16.189999999999998
543 7.730000000000089
544 25.034999999999815
545 7.6050000000000475
546 25.319999999999823
547 27.729999999999848
548 20.20999999999986
549 7.685000000000136
550 17.589999999999876
551 10.155000000000049
552 17.66999999999989
553 20.28499999999991
554 25.164999999999928
555 10.249999999999995
556 7.665000000000106
557 7.509999999999876
558 0.10500000000010326
559 10.244999999999958
560 17.584999999999877
561 17.67499999999985
562 15.039999999999951
563 -0.04999999999997635
564 7.675000000000016
565 10.159999999999906
566 22.659999999999776
567 0.07500000000008993
568 5.03500000000012
569 12.059999999999784
570 2.605000000000139
571 14.310000000000098
572 6.9650000000000984
573 10.154999999999943
574 0.16000000000010117
575 17.679999999999882
576 2.6750000000001135
577 10.209999999999818
578 10.039999999999749
579 12.685000000000004
580 20.119999999999795
581 7.650000000000153
582 15.1699999999998
583 12.554999999999753
584 12.58999999999997
585 25.144999999999833
586 20.149999999999878
587 15.034999999999838
588 17.635
589 5.215000000000148
590 17.654999999999834
591 10.100000000000069
592 12.695000000000038
593 -4.934999999999914
594 10.119999999999852
595 0.13500000000009005
596 12.690000000000058
597 5.110000000000103
598 22.61999999999995
599 18.969999999999807
600 12.574999999999868
601 2.6200000000001573
602 12.555000000000069
603 12.579999999999886
604 2.555000000000099
605 17.55499999999976
606 7.525000000000137
607 7.655000000000032
608 14.969999999999887
609 27.76499999999996
610 17.134999999999835
611 10.029999999999923
612 17.409999999999833
613 10.014999999999697
614 23.354999999999766
615 15.220000000000049
616 0.07500000000004807
617 10.114999999999982
618 7.465000000000082
619 5.114999999999952
620 20.15500000000004
621 22.764999999999883
622 5.030000000000049
623 20.22999999999978
624 7.599999999999765
625 7.725000000000124
626 10.089999999999906
627 10.224999999999769
628 5.185000000000156
629 7.6050000000000955
630 5.025000000000146
631 7.535000000000077
632 14.509999999999813
633 7.654999999999985
634 2.6350000000000797
635 6.955000000000062
636 20.20499999999987
637 15.074999999999863
638 2.6250000000000973
639 27.64499999999984
640 0.15000000000002456
641 10.234999999999799
642 7.035000000000025
643 4.9800000000001425
644 -0.12999999999990963
645 12.669999999999982
646 27.659999999999936
647 30.294999999999924
648 10.099999999999985
649 25.12499999999987
650 20.06499999999985
651 12.570000000000036
652 12.604999999999947
653 7.655000000000047
654 22.709999999999823
655 20.149999999999867
656 5.090000000000098
657 0.14500000000007407
658 7.600000000000114
659 5.140000000000098
660 15.145000000000067
661 5.180000000000145
662 12.450000000000118
663 17.63499999999977
664 15.034999999999886
665 12.57999999999977
666 15.114999999999863
667 10.16000000000004
668 7.639999999999875
669 11.620000000000053
670 0.10500000000012391
671 7.620000000000124
672 10.124999999999932
673 10.200000000000014
674 7.619999999999953
675 17.72499999999979
676 12.65999999999996
677 2.495000000000049
678 7.565000000000147
679 12.594999999999876
680 15.129999999999887
681 25.09999999999984
682 5.030000000000155
683 17.67499999999987
684 17.634999999999916
685 10.259999999999948
686 7.480000000000112
687 20.124999999999865
688 10.159999999999856
689 20.129999999999875
690 5.0750000000001405
691 11.999999999999778
692 17.73499999999996
693 5.075000000000019
694 12.619999999999964
695 30.16499999999974
696 15.13499999999987
697 12.705000000000016
698 11.554999999999715
699 10.090000000000119
700 19.524999999999864
701 7.690000000000131
702 12.584999999999972
703 17.639999999999905
704 2.470000000000158
705 5.16000000000015
706 16.574999999999896
707 2.6350000000000486
708 15.159999999999929
709 27.719999999999885
710 15.109999999999804
711 10.165000000000136
712 12.544999999999849
713 1.8900000000001373
714 12.574999999999873
715 15.06999999999975
716 17.509999999999774
717 0.13500000000007273
718 10.195000000000089
719 10.229999999999889
720 23.364999999999913
721 2.6600000000001502
722 16.46500000000004
723 15.00500000000013
724 22.6649999999998
725 3.81000000000018
726 17.554999999999794
727 17.615
728 0.025000000000069515
729 18.92999999999987
730 0.015000000000123812
731 5.0800000000001555
732 10.17999999999988
733 17.509999999999792
734 2.620000000000045
735 2.6000000000000973
736 10.15500000000013
737 12.57499999999972
738 7.519999999999883
739 9.994999999999912
740 17.620000000000033
741 10.170000000000018
742 10.195000000000087
743 -0.0599999999999518
744 0.11500000000004608
745 15.115000000000004
746 17.649999999999714
747 17.549999999999923
748 20.1099999999998
749 37.784999999999826
750 10.114999999999892
751 12.834999999999946
752 12.574999999999765
753 7.555000000000056
754 17.674999999999844
755 14.984999999999758
756 7.025000000000007
757 5.085000000000137
758 12.724999999999861
759 16.47499999999984
760 2.6300000000000727
761 2.5600000000001577
762 6.690000000000059
763 2.625000000000142
764 17.81999999999995
765 21.994999999999838
766 22.689999999999817
767 15.119999999999848
768 10.1349999999999
769 15.079999999999954
770 17.85499999999994
771 2.620000000000087
772 15.069999999999792
773 20.15499999999993
774 20.09499999999987
775 17.729999999999944
776 10.13999999999999
777 15.169999999999975
778 10.100000000000106
779 12.624999999999988
780 22.604999999999947
781 7.589999999999869
782 10.06999999999989
783 7.665000000000156
784 12.695000000000018
785 2.365000000000033
786 15.209999999999877
787 2.72000000000015
788 7.3600000000000385
789 7.659999999999866
790 15.094999999999754
791 7.615000000000119
792 5.065000000000093
793 17.774999999999853
794 10.194999999999883
795 7.530000000000088
796 7.659999999999866
797 15.124999999999833
798 5.180000000000144
799 22.75999999999987
800 4.955000000000059
801 20.099999999999774
802 15.169999999999922
803 4.96500000000014
804 -2.309999999999964
805 7.630000000000016
806 -4.899999999999915
807 17.75999999999988
808 11.825000000000014
809 15.209999999999795
810 9.569999999999776
811 0.14500000000003688
812 16.780000000000047
813 7.665000000000042
814 22.739999999999746
815 25.189999999999813
816 7.524999999999762
817 12.694999999999924
818 -2.514999999999929
819 27.75999999999983
820 2.5900000000001273
821 17.74999999999982
822 7.8450000000001125
823 12.74999999999984
824 10.124999999999869
825 10.129999999999894
826 7.649999999999915
827 5.1800000000001365
828 20.274999999999874
829 12.56500000000012
830 17.60999999999998
831 2.620000000000129
832 20.279999999999852
833 7.610000000000154
834 5.17000000000015
835 12.599999999999953
836 7.630000000000085
837 5.145000000000143
838 12.654999999999834
839 17.614999999999828
840 0.17500000000007765
841 15.064999999999758
842 19.454999999999917
843 22.724999999999856
844 22.694999999999826
845 7.454999999999872
846 11.619999999999813
847 10.10499999999998
848 22.614999999999768
849 2.500000000000064
850 12.645000000000085
851 15.114999999999924
852 17.629999999999935
853 20.14999999999988
854 7.614999999999798
855 15.174999999999773
856 20.064999999999902
857 12.52499999999992
858 7.565000000000064
859 5.16500000000015
860 14.604999999999784
861 22.779999999999866
862 12.660000000000053
863 27.669999999999845
864 7.284999999999914
865 15.174999999999882
866 7.604999999999894
867 12.729999999999732
868 22.56999999999985
869 5.130000000000109
870 15.059999999999965
871 2.530000000000094
872 15.180000000000033
873 12.639999999999828
874 15.189999999999994
875 0.16000000000006476
876 20.119999999999802
877 10.079999999999977
878 12.664999999999878
879 5.1250000000001155
880 7.610000000000046
881 10.140000000000018
882 22.564999999999873
883 7.654999999999847
884 12.714999999999916
885 20.079999999999796
886 7.650000000000011
887 12.73499999999983
888 10.135000000000092
889 15.109999999999966
890 7.5950000000000975
891 19.579999999999842
892 5.0200000000000955
893 10.16499999999997
894 13.86999999999977
895 17.124999999999826
896 14.634999999999835
897 10.10499999999984
898 22.744999999999802
899 2.445000000000073
900 0.15000000000007208
901 5.065000000000098
902 17.6299999999998
903 2.640000000000157
904 20.13999999999998
905 24.05999999999975
906 10.105
907 1.9600000000000384
908 12.65999999999995
909 12.589999999999963
910 17.169999999999835
911 12.610000000000053
912 20.27999999999988
913 15.214999999999785
914 7.639999999999894
915 5.0650000000001585
916 7.669999999999903
917 25.239999999999892
918 5.125000000000115
919 7.539999999999991
920 15.169999999999801
921 12.54999999999989
922 5.1300000000001065
923 10.089999999999907
924 15.199999999999923
925 10.029999999999893
926 7.615000000000048
927 6.855000000000074
928 2.535000000000138
929 15.289999999999727
930 12.699999999999696
931 12.494999999999898
932 10.025000000000002
933 17.65999999999982
934 15.280000000000056
935 10.159999999999926
936 20.159999999999933
937 5.145000000000152
938 17.59999999999991
939 2.4700000000000375
940 12.694999999999908
941 7.709999999999889
942 11.984999999999875
943 17.75499999999989
944 7.660000000000114
945 12.779999999999715
946 17.624999999999957
947 15.139999999999993
948 12.574999999999763
949 15.074999999999857
950 12.579999999999718
951 12.490000000000013
952 15.24499999999997
953 7.550000000000079
954 7.4900000000001254
955 15.269999999999845
956 5.010000000000143
957 25.22999999999984
958 7.50000000000012
959 5.135000000000132
960 15.12499999999988
961 17.819999999999837
962 15.139999999999956
963 17.77999999999985
964 13.809999999999787
965 9.939999999999912
966 7.695000000000117
967 5.050000000000032
968 12.655000000000054
969 2.635000000000157
970 5.095000000000129
971 12.229999999999873
972 12.609999999999776
973 20.21499999999983
974 15.184999999999752
975 10.114999999999895
976 15.074999999999932
977 7.689999999999957
978 5.055000000000017
979 12.560000000000022
980 7.720000000000063
981 5.14500000000008
982 12.120000000000058
983 10.140000000000091
984 19.994999999999926
985 7.695000000000014
986 2.4650000000001278
987 16.210000000000065
988 11.550000000000015
989 10.035000000000055
990 15.159999999999764
991 12.630000000000063
992 15.18999999999993
993 7.690000000000068
994 5.140000000000157
995 17.59999999999982
996 17.729999999999905
997 7.5250000000001425
998 10.095000000000006
999 22.774999999999768
1000 10.13999999999999
1001 9.590000000000023
1002 15.14999999999981
1003 15.31499999999982
1004 12.679999999999794
1005 30.184999999999913
1006 25.154999999999866
1007 3.765000000000164
1008 7.685000000000117
1009 22.739999999999974
1010 22.699999999999807
1011 2.5800000000001564
1012 18.334999999999752
1013 12.694999999999759
1014 7.570000000000158
1015 15.11999999999979
1016 12.649999999999824
1017 17.134999999999806
1018 2.7050000000000756
1019 0.14000000000002877
1020 15.159999999999917
1021 17.624999999999993
1022 10.184999999999974
1023 25.129999999999875
1024 15.18999999999974
1025 25.099999999999923
1026 7.690000000000024
1027 27.724999999999866
1028 27.079999999999902
1029 15.109999999999815
1030 12.570000000000022
1031 10.129999999999871
1032 17.679999999999833
1033 17.6649999999998
1034 22.57999999999986
1035 5.155000000000109
1036 10.040000000000017
1037 17.65999999999978
1038 10.020000000000005
1039 16.06999999999971
1040 5.1200000000000765
1041 10.130000000000075
1042 7.5550000000001125
1043 17.629999999999725
1044 7.715000000000109
1045 0.10000000000002898
1046 2.6650000000001306
1047 10.175000000000114
1048 -2.3699999999999375
1049 5.175000000000156
1050 17.72000000000003
1051 0.1850000000000619
1052 12.485000000000012
1053 5.110000000000124
1054 12.589999999999739
1055 10.164999999999829
1056 10.19000000000007
1057 15.049999999999754
1058 27.689999999999873
1059 10.065000000000056
1060 -2.5099999999999114
1061 7.5900000000000105
1062 10.05499999999992
1063 15.034999999999735
1064 17.729999999999773
1065 10.139999999999961
1066 12.564999999999914
1067 22.609999999999776
1068 7.505000000000058
1069 12.714999999999746
1070 7.5650000000001025
1071 12.509999999999858
1072 16.989999999999917
1073 4.5950000000001685
1074 0.00500000000010403
1075 7.630000000000028
1076 7.720000000000138
1077 12.614999999999789
1078 12.639999999999961
1079 2.6300000000001456
1080 10.11499999999997
1081 12.654999999999994
1082 12.570000000000045
1083 12.500000000000004
1084 7.680000000000051
1085 -2.4899999999999474
1086 15.0599999999997
1087 20.204999999999824
1088 5.105000000000158
1089 25.1449999999998
1090 15.174999999999901
1091 20.23999999999993
1092 7.710000000000155
1093 12.670000000000014
1094 12.685
1095 7.620000000000023
1096 17.639999999999805
1097 17.59999999999988
1098 7.45999999999981
1099 10.089999999999952
1100 10.11499999999998
1101 12.655000000000014
1102 20.285000000000004
1103 7.605000000000068
1104 7.010000000000157
1105 10.194999999999899
1106 15.17999999999977
1107 5.250000000000153
1108 7.565000000000145
1109 20.139999999999922
1110 12.024999999999856
1111 5.035000000000002
1112 17.745000000000005
1113 15.149999999999906
1114 9.899999999999736
1115 10.219999999999951
1116 22.619999999999873
1117 2.675000000000134
1118 7.684999999999972
1119 15.17499999999984
1120 0.025000000000070535
1121 0.14500000000011481
1122 15.199999999999942
1123 -0.024999999999904397
1124 7.615000000000107
1125 2.6050000000000515
1126 25.214999999999872
1127 5.2050000000001395
1128 15.20499999999984
1129 7.530000000000002
1130 7.62500000000015
1131 7.664999999999873
1132 12.634999999999797
1133 11.484999999999793
1134 7.655000000000156
1135 20.274999999999835
1136 10.045000000000067
1137 2.575000000000106
1138 20.169999999999884
1139 14.794999999999877
1140 5.01000000000015
1141 17.645000000000078
1142 12.724999999999895
1143 7.499999999999972
1144 10.175000000000002
1145 12.579999999999986
1146 15.179999999999845
1147 22.55999999999976
1148 20.114999999999885
1149 10.229999999999855
1150 12.659999999999785
1151 10.110000000000124
1152 2.4600000000000977
1153 10.090000000000146
1154 2.5800000000001546
1155 27.734999999999925
1156 15.19499999999993
1157 5.235000000000154
1158 20.199999999999793
1159 16.464999999999776
1160 15.224999999999891
1161 12.650000000000057
1162 4.625000000000119
1163 22.794999999999806
1164 2.6200000000000703
1165 10.09499999999974
1166 17.664999999999775
1167 10.15000000000004
1168 10.254999999999844
1169 7.615000000000126
1170 12.649999999999748
1171 25.13999999999997
1172 10.180000000000021
1173 2.570000000000067
1174 10.14000000000008
1175 11.515000000000093
1176 7.6900000000000786
1177 5.1050000000000395
1178 7.654999999999962
1179 7.590000000000103
1180 5.210000000000155
1181 5.130000000000081
1182 17.544999999999813
1183 7.615000000000035
1184 12.51999999999983
1185 20.074999999999843
1186 5.000000000000091
1187 10.175000000000031
1188 12.590000000000018
1189 20.22999999999988
1190 25.224999999999767
1191 7.600000000000157
1192 7.735000000000136
1193 12.699999999999884
1194 5.0350000000001325
1195 7.725000000000122
1196 10.154999999999704
1197 7.750000000000072
1198 7.7300000000000635
1199 17.724999999999962
1200 10.1199999999999
1201 10.219999999999981
1202 15.244999999999822
1203 7.5600000000000405
1204 10.350000000000021
1205 7.5649999999999435
1206 10.140000000000061
1207 20.224999999999955
1208 12.580000000000123
1209 22.629999999999825
1210 12.705000000000098
1211 27.5099999999999
1212 18.854999999999983
1213 15.255000000000017
1214 15.169999999999954
1215 15.18499999999986
1216 20.209999999999972
1217 10.15999999999985
1218 2.6000000000001577
1219 5.100000000000084
1220 2.6150000000001397
1221 10.209999999999747
1222 10.14999999999998
1223 10.259999999999934
1224 25.199999999999793
1225 30.669999999999803
1226 22.65999999999982
1227 10.129999999999955
1228 12.67499999999992
1229 17.629999999999896
1230 15.264999999999716
1231 10.064999999999927
1232 12.649999999999975
1233 27.634999999999923
1234 17.63999999999983
1235 17.639999999999926
1236 5.300000000000148
1237 20.114999999999775
1238 5.195000000000094
1239 7.540000000000142
1240 12.66999999999989
1241 1.8750000000001565
1242 15.209999999999898
1243 12.489999999999757
1244 17.73999999999979
1245 15.084999999999834
1246 7.670000000000103
1247 22.829999999999846
1248 10.224999999999874
1249 25.264999999999876
1250 15.189999999999836
1251 17.834999999999926
1252 22.66499999999996
1253 20.22999999999997
1254 10.04500000000005
1255 7.700000000000019
1256 15.289999999999946
1257 10.140000000000033
1258 15.164999999999912
1259 14.079999999999863
1260 12.824999999999854
1261 12.514999999999802
1262 7.515000000000064
1263 15.149999999999812
1264 17.709999999999777
1265 12.729999999999778
1266 22.68499999999982
1267 15.159999999999913
1268 15.209999999999786
1269 7.835000000000036
1270 24.714999999999844
1271 25.279999999999816
1272 14.514999999999885
1273 10.239999999999927
1274 12.534999999999872
1275 10.099999999999847
1276 17.73499999999986
1277 15.08999999999989
1278 22.70999999999984
1279 20.209999999999813
1280 -2.4399999999999356
1281 5.1750000000000735
1282 10.065000000000067
1283 10.120000000000063
1284 5.220000000000152
1285 15.104999999999798
1286 15.274999999999912
1287 10.20999999999989
1288 25.25999999999975
1289 27.674999999999947
1290 7.505000000000105
1291 5.220000000000104
1292 14.994999999999855
1293 27.664999999999907
1294 7.72500000000011
1295 6.205000000000084
1296 20.154999999999838
1297 10.194999999999789
1298 17.759999999999927
1299 10.100000000000067
1300 12.544999999999963
1301 12.544999999999815
1302 10.075000000000141
1303 10.184999999999839
1304 10.124999999999968
1305 10.12000000000003
1306 22.64999999999988
1307 17.73499999999988
1308 17.624999999999776
1309 22.77499999999994
1310 12.55000000000009
1311 15.229999999999862
1312 22.67499999999982
1313 25.16999999999983
1314 12.774999999999734
1315 7.024999999999968
1316 22.714999999999854
1317 17.624999999999844
1318 15.114999999999853
1319 5.140000000000157
1320 7.709999999999759
1321 15.119999999999733
1322 12.754999999999841
1323 17.604999999999954
1324 10.455000000000105
1325 27.67499999999983
1326 17.694999999999933
1327 17.71499999999981
1328 25.159999999999812
1329 9.639999999999763
1330 22.739999999999892
1331 20.204999999999806
1332 15.344999999999859
1333 10.090000000000085
1334 0.19000000000003858
1335 7.625000000000104
1336 15.254999999999992
1337 15.315000000000014
1338 7.720000000000109
1339 0.14000000000007284
1340 25.294999999999874
1341 10.250000000000085
1342 9.444999999999894
1343 22.599999999999817
1344 10.18499999999978
1345 7.615000000000069
1346 12.519999999999895
1347 10.119999999999955
1348 12.65999999999977
1349 5.070000000000138
1350 15.134999999999966
1351 10.139999999999922
1352 27.66999999999988
1353 22.774999999999793
1354 12.739999999999885
1355 5.205000000000136
1356 17.61999999999995
1357 15.059999999999745
1358 10.13499999999998
1359 7.570000000000143
1360 12.02499999999979
1361 2.7650000000001382
1362 15.09499999999973
1363 7.720000000000027
1364 25.15999999999988
1365 11.894999999999841
1366 15.1649999999999
1367 7.669999999999931
1368 15.244999999999875
1369 5.130000000000113
1370 17.61499999999977
1371 15.179999999999893
1372 12.584999999999836
1373 22.7549999999998
1374 20.2
1375 5.150000000000147
1376 12.574999999999964
1377 15.244999999999973
1378 5.295000000000143
1379 15.269999999999762
1380 5.165000000000112
1381 24.06500000000002
1382 0.22000000000005404
1383 7.615000000000095
1384 10.13500000000002
1385 7.605000000000081
1386 17.654999999999923
1387 0.1300000000000483
1388 17.674999999999827
1389 7.520000000000033
1390 15.114999999999919
1391 17.739999999999917
1392 19.96999999999992
1393 20.24499999999985
1394 20.274999999999917
1395 22.729999999999798
1396 22.799999999999887
1397 12.604999999999995
1398 17.45499999999998
1399 10.140000000000024
1400 10.224999999999884
1401 17.840000000000007
1402 10.08499999999979
1403 5.050000000000154
1404 10.240000000000014
1405 22.67500000000001
1406 27.709999999999823
1407 7.640000000000102
1408 7.455000000000101
1409 20.169999999999792
1410 10.095000000000015
1411 12.629999999999736
1412 17.6549999999999
1413 12.62499999999988
1414 25.219999999999974
1415 12.639999999999993
1416 5.1650000000001235
1417 10.110000000000054
1418 10.204999999999945
1419 22.734999999999875
1420 12.709999999999988
1421 7.584999999999971
1422 15.154999999999847
1423 17.704999999999806
1424 15.139999999999954
1425 12.090000000000154
1426 20.244999999999912
1427 7.705000000000078
1428 25.06999999999975
1429 12.695000000000062
1430 20.129999999999995
1431 7.775000000000051
1432 12.619999999999763
1433 7.639999999999908
1434 10.129999999999882
1435 15.219999999999951
1436 12.64999999999996
1437 5.110000000000137
1438 15.329999999999771
1439 0.2550000000000737
1440 7.830000000000035
1441 10.134999999999998
1442 7.639999999999993
1443 15.30500000000001
1444 9.984999999999953
1445 14.660000000000002
1446 25.149999999999945
1447 15.239999999999736
1448 0.15500000000007141
1449 12.53500000000002
1450 -4.869999999999916
1451 5.020000000000095
1452 10.049999999999812
1453 20.03499999999988
1454 22.7699999999998
1455 15.149999999999876
1456 15.274999999999759
1457 10.15999999999984
1458 9.529999999999923
1459 10.365000000000023
1460 10.065000000000031
1461 7.4750000000000885
1462 11.834999999999907
1463 14.764999999999796
1464 20.16999999999989
1465 7.6750000000000576
1466 12.69999999999988
1467 7.530000000000125
1468 10.20000000000008
1469 2.6450000000001115
1470 5.1700000000001225
1471 7.635000000000081
1472 10.154999999999898
1473 2.435000000000073
1474 17.67499999999991
1475 10.134999999999756
1476 15.219999999999894
1477 7.685000000000074
1478 0.15000000000006142
1479 15.05999999999996
1480 17.824999999999896
1481 22.63999999999983
1482 17.655000000000072
1483 15.164999999999921
1484 28.889999999999766
1485 2.6100000000001478
1486 12.679999999999946
1487 20.084999999999958
1488 7.680000000000065
1489 27.714999999999833
1490 15.109999999999898
1491 5.025000000000159
1492 25.26499999999985
1493 12.61999999999982
1494 20.1649999999998
1495 5.165000000000109
1496 5.070000000000023
1497 2.5750000000000783
1498 20.1849999999998
1499 27.6999999999998
1500 8.294999999999996
1501 5.020000000000152
1502 7.62999999999994
1503 17.684999999999945
1504 5.175000000000132
1505 10.184999999999993
1506 2.60000000000005
1507 12.719999999999935
1508 15.135
1509 10.209999999999852
1510 -0.009999999999897868
1511 15.584999999999948
1512 2.5650000000000523
1513 12.789999999999948
1514 7.600000000000152
1515 10.190000000000046
1516 5.1600000000001405
1517 7.715000000000095
1518 22.729999999999958
1519 5.150000000000157
1520 17.66499999999988
1521 12.769999999999978
1522 1.3600000000001753
1523 5.150000000000081
1524 14.639999999999809
1525 10.050000000000052
1526 22.729999999999837
1527 10.120000000000038
1528 7.740000000000149
1529 20.209999999999923
1530 12.624999999999872
1531 2.5250000000001505
1532 20.174999999999876
1533 11.529999999999982
1534 20.214999999999787
1535 22.734999999999943
1536 10.08999999999989
1537 10.120000000000084
1538 10.224999999999882
1539 0.17500000000010696
1540 5.145000000000105
1541 15.099999999999937
1542 5.205000000000147
1543 20.06999999999989
1544 15.209999999999772
1545 20.069999999999823
1546 15.139999999999967
1547 12.639999999999848
1548 10.179999999999943
1549 15.144999999999756
1550 10.22499999999991
1551 12.63499999999986
1552 15.104999999999912
1553 5.180000000000079
1554 7.64000000000005
1555 20.15500000000004
1556 15.185000000000013
1557 14.439999999999799
1558 22.764999999999937
1559 20.25499999999992
1560 5.10500000000015
1561 5.185000000000156
1562 7.599999999999972
1563 4.9750000000001595
1564 15.19499999999995
1565 17.670000000000012
1566 10.115000000000077
1567 5.234999999999986
1568 25.224999999999817
1569 15.124999999999995
1570 5.209999999999938
1571 7.560000000000066
1572 40.31499999999974
1573 7.5950000000001525
1574 10.170000000000023
1575 12.68499999999982
1576 25.014999999999862
1577 9.985000000000097
1578 15.10999999999984
1579 17.769999999999925
1580 7.555000000000125
1581 0.0650000000000725
1582 0.03000000000007439
1583 22.239999999999768
1584 17.72999999999984
1585 7.545000000000141
1586 10.114999999999919
1587 10.124999999999986
1588 15.209999999999766
1589 11.979999999999983
1590 5.135000000000109
1591 19.87999999999972
1592 15.154999999999783
1593 10.185000000000114
1594 6.670000000000178
1595 12.749999999999844
1596 2.6300000000000328
1597 27.609999999999836
1598 17.604999999999777
1599 15.06499999999984
1600 17.669999999999792
1601 15.115000000000002
1602 20.18999999999992
1603 2.515000000000091
1604 10.160000000000007
1605 10.134999999999856
1606 18.38499999999971
1607 7.5899999999999315
1608 12.58500000000003
1609 2.535000000000122
1610 10.16999999999991
1611 17.609999999999882
1612 15.024999999999954
1613 12.660000000000077
1614 22.774999999999867
1615 17.679999999999897
1616 7.545000000000036
1617 25.154999999999845
1618 12.664999999999932
1619 10.060000000000088
1620 -0.41999999999997506
1621 10.00499999999973
1622 15.0249999999999
1623 5.125000000000142
1624 20.149999999999782
1625 0.16000000000002412
1626 20.12499999999983
1627 32.784999999999805
1628 7.639999999999966
1629 7.749999999999916
1630 5.160000000000126
1631 14.994999999999909
1632 12.569999999999766
1633 5.195000000000074
1634 17.66000000000003
1635 20.15499999999978
1636 7.510000000000026
1637 15.169999999999847
1638 12.53499999999996
1639 15.164999999999859
1640 12.709999999999955
1641 2.585000000000119
1642 27.64499999999981
1643 10.074999999999774
1644 10.229999999999736
1645 2.025000000000138
1646 17.879999999999804
1647 5.140000000000157
1648 5.100000000000122
1649 17.674999999999958
1650 15.199999999999937
1651 17.789999999999775
1652 5.20500000000014
1653 17.694999999999865
1654 22.60999999999996
1655 17.61999999999975
1656 2.67500000000014
1657 30.214999999999826
1658 25.294999999999845
1659 5.070000000000115
1660 12.644999999999895
1661 7.570000000000012
1662 7.595000000000063
1663 17.674999999999887
1664 5.1550000000001015
1665 2.575000000000146
1666 7.629999999999981
1667 25.374999999999858
1668 7.710000000000153
1669 22.694999999999865
1670 12.649999999999734
1671 12.749999999999766
1672 15.214999999999778
1673 19.24999999999993
1674 2.61500000000012
1675 12.799999999999848
1676 12.72999999999978
1677 10.199999999999902
1678 15.114999999999931
1679 17.709999999999816
1680 17.119999999999767
1681 17.770000000000007
1682 17.589999999999907
1683 12.679999999999882
1684 10.149999999999892
1685 17.744999999999862
1686 10.155000000000001
1687 15.224999999999984
1688 12.714999999999716
1689 17.48999999999983
1690 22.67499999999992
1691 20.294999999999952
1692 7.625000000000044
1693 15.235000000000083
1694 12.489999999999837
1695 4.980000000000084
1696 7.6999999999999105
1697 0.06000000000011536
1698 10.1900000000001
1699 17.669999999999874
1700 12.674999999999907
1701 7.5200000000000635
1702 7.580000000000085
1703 4.530000000000108
1704 17.729999999999833
1705 15.134999999999833
1706 15.15999999999996
1707 0.07500000000005232
1708 15.149999999999922
1709 5.11000000000008
1710 2.50000000000016
1711 15.194999999999917
1712 10.044999999999968
1713 12.679999999999982
1714 17.63999999999978
1715 10.110000000000063
1716 14.989999999999728
1717 5.125000000000099
1718 2.585000000000046
1719 18.684999999999903
1720 7.585000000000148
1721 12.469999999999958
1722 16.61499999999997
1723 12.615000000000009
1724 10.2799999999999
1725 10.004999999999933
1726 17.6199999999998
1727 12.785000000000059
1728 12.604999999999755
1729 7.6050000000001505
1730 15.08999999999991
1731 12.739999999999965
1732 17.6199999999999
1733 12.74500000000004
1734 20.284999999999872
1735 11.104999999999889
1736 15.170000000000002
1737 -2.3349999999999236
1738 12.609999999999852
1739 12.629999999999896
1740 5.0800000000001475
1741 12.689999999999973
1742 21.96499999999979
1743 20.254999999999807
1744 -2.4799999999999285
1745 10.130000000000015
1746 10.145000000000017
1747 12.655000000000078
1748 10.050000000000045
1749 20.214999999999854
1750 22.664999999999804
1751 2.5800000000001155
1752 17.564999999999912
1753 12.694999999999911
1754 7.6700000000000985
1755 22.624999999999975
1756 17.614999999999895
1757 0.03500000000007582
1758 12.569999999999812
1759 15.159999999999936
1760 2.645000000000156
1761 -2.389999999999942
1762 9.990000000000027
1763 16.825000000000017
1764 15.17999999999974
1765 7.515000000000135
1766 27.629999999999825
1767 15.169999999999893
1768 20.269999999999868
1769 5.120000000000142
1770 15.16499999999983
1771 10.19499999999977
1772 20.159999999999904
1773 5.170000000000047
1774 25.13499999999981
1775 21.65999999999983
1776 27.704999999999913
1777 10.120000000000086
1778 0.2550000000000249
1779 7.620000000000129
1780 7.57500000000013
1781 2.7400000000000686
1782 15.114999999999856
1783 20.10999999999986
1784 7.540000000000156
1785 20.164999999999868
1786 12.619999999999717
1787 10.205000000000021
1788 12.534999999999885
1789 17.70999999999982
1790 12.549999999999914
1791 20.07499999999986
1792 16.18499999999987
1793 -2.454999999999914
1794 12.614999999999894
1795 10.179999999999858
1796 20.130000000000038
1797 2.6200000000001262
1798 15.094999999999784
1799 20.31499999999989
1800 20.054999999999783
1801 7.465000000000148
1802 10.134999999999907
1803 7.60000000000006
1804 17.58999999999978
1805 12.674999999999777
1806 17.70999999999986
1807 10.145000000000016
1808 7.600000000000003
1809 2.550000000000149
1810 15.174999999999983
1811 7.550000000000095
1812 20.129999999999907
1813 10.014999999999922
1814 4.97000000000012
1815 8.625000000000037
1816 12.604999999999828
1817 12.600000000000025
1818 15.194999999999874
1819 17.654999999999927
1820 10.134999999999968
1821 5.135000000000094
1822 10.115000000000041
1823 17.624999999999797
1824 15.21999999999989
1825 10.220000000000095
1826 17.6249999999998
1827 17.65499999999992
1828 7.6200000000001245
1829 15.81499999999995
1830 19.139999999999834
1831 12.660000000000078
1832 17.679999999999957
1833 10.309999999999667
1834 7.660000000000061
1835 15.194999999999752
1836 2.455000000000116
1837 20.114999999999775
1838 2.655000000000105
1839 15.164999999999832
1840 12.54999999999992
1841 15.144999999999957
1842 12.775000000000018
1843 12.584999999999965
1844 12.589999999999867
1845 7.670000000000067
1846 17.649999999999963
1847 6.6900000000001665
1848 7.670000000000077
1849 4.43500000000015
1850 7.63499999999993
1851 12.604999999999931
1852 5.020000000000105
1853 15.184999999999919
1854 0.1850000000000943
1855 15.219999999999924
1856 5.075000000000129
1857 20.049999999999876
1858 15.194999999999872
1859 25.019999999999797
1860 7.630000000000013
1861 7.615000000000116
1862 7.4950000000001005
1863 10.22999999999987
1864 21.954999999999863
1865 7.685000000000007
1866 20.029999999999916
1867 7.64500000000003
1868 5.285000000000125
1869 12.634999999999867
1870 12.614999999999792
1871 17.644999999999907
1872 12.754999999999848
1873 10.144999999999767
1874 10.17500000000001
1875 10.135000000000101
1876 12.559999999999913
1877 10.240000000000093
1878 20.119999999999855
1879 20.15499999999988
1880 17.629999999999782
1881 17.56999999999973
1882 0.1750000000001215
1883 32.64499999999978
1884 25.739999999999906
1885 12.72999999999997
1886 20.049999999999862
1887 12.68499999999989
1888 20.14499999999981
1889 12.634999999999849
1890 17.559999999999825
1891 10.134999999999904
1892 2.6000000000001107
1893 2.7350000000000825
1894 15.044999999999886
1895 20.23999999999988
1896 10.169999999999986
1897 0.09000000000004496
1898 7.565000000000078
1899 -2.534999999999947
1900 22.61999999999977
1901 15.079999999999853
1902 10.115000000000109
1903 17.594999999999867
1904 16.855
1905 17.510000000000034
1906 12.554999999999824
1907 12.545000000000117
1908 12.644999999999968
1909 7.689999999999833
1910 15.13999999999998
1911 17.694999999999975
1912 12.469999999999818
1913 22.765000000000004
1914 22.554999999999776
1915 5.1549999999998795
1916 5.00000000000013
1917 2.565000000000121
1918 17.735000000000035
1919 27.639999999999862
1920 17.729999999999833
1921 25.36499999999977
1922 0.19500000000011308
1923 10.079999999999995
1924 0.1300000000001036
1925 5.120000000000145
1926 7.735000000000096
1927 12.605000000000002
1928 -4.734999999999917
1929 17.81499999999992
1930 20.259999999999764
1931 7.735000000000061
1932 10.184999999999974
1933 7.61500000000009
1934 15.159999999999872
1935 12.629999999999765
1936 17.669999999999792
1937 10.190000000000097
1938 12.609999999999987
1939 15.165000000000058
1940 15.2799999999999
1941 12.780000000000044
1942 5.260000000000104
1943 27.71499999999994
1944 32.64499999999984
1945 10.17999999999996
1946 22.74499999999981
1947 22.664999999999818
1948 14.61499999999995
1949 5.065000000000077
1950 22.669999999999842
1951 17.724999999999838
1952 7.5450000000000275
1953 10.000000000000034
1954 12.609999999999843
1955 12.48500000000006
1956 22.889999999999844
1957 17.600000000000033
1958 5.140000000000149
1959 5.185000000000156
1960 17.624999999999805
1961 12.044999999999863
1962 7.72000000000007
1963 12.61499999999978
1964 20.21999999999995
1965 7.690000000000156
1966 17.679999999999936
1967 20.0699999999998
1968 12.789999999999967
1969 16.844999999999747
1970 32.73999999999973
1971 17.649999999999924
1972 7.560000000000093
1973 19.469999999999878
1974 10.075000000000026
1975 15.329999999999853
1976 17.639999999999976
1977 20.184999999999793
1978 7.680000000000056
1979 10.114999999999895
1980 17.704999999999863
1981 17.719999999999768
1982 10.194999999999968
1983 15.064999999999936
1984 27.659999999999865
1985 17.659999999999826
1986 22.76000000000002
1987 10.085000000000072
1988 22.425000000000036
1989 5.195000000000156
1990 17.679999999999854
1991 5.195000000000079
1992 12.604999999999917
1993 7.590000000000073
1994 20.259999999999874
1995 15.229999999999933
1996 17.649999999999956
1997 7.609999999999839
1998 5.265000000000126
1999 15.194999999999974
5197.943046092987
