0 -7.73
1 -7.64
2 -7.58
3 -7.64
4 -7.84
5 -7.75
6 -7.73
7 -7.71
8 -7.52
9 -7.74
10 -7.54
11 -7.69
12 -7.86
13 -7.81
14 -7.68
15 -5.17
16 -7.70
17 -7.73
18 -7.76
19 -7.67
20 -7.58
21 -7.86
22 -7.64
23 -7.63
24 -7.51
25 -7.70
26 -7.71
27 -7.48
28 -7.86
29 -7.67
30 -7.78
31 -7.50
32 -7.60
33 -7.71
34 -7.72
35 -7.86
36 -7.55
37 -7.78
38 -7.73
39 -7.66
40 -7.65
41 -7.67
42 -7.65
43 -7.78
44 -7.65
45 -7.62
46 -7.73
47 -7.54
48 -7.58
49 -7.70
50 -7.61
51 -5.16
52 -7.77
53 -7.79
54 -7.58
55 -7.72
56 -7.66
57 -7.73
58 -7.64
59 -7.62
60 -7.64
61 -7.65
62 -7.55
63 -7.72
64 -7.67
65 -7.75
66 -7.59
67 -7.69
68 -7.71
69 -7.69
70 -7.56
71 -7.63
72 -7.68
73 -7.59
74 -7.54
75 -7.75
76 -7.79
77 -7.75
78 -5.18
79 -7.81
80 -7.72
81 -7.74
82 -7.84
83 -7.62
84 -7.52
85 -7.72
86 -7.54
87 -7.70
88 -7.73
89 -7.51
90 -7.77
91 -7.68
92 -7.64
93 -7.69
94 -7.58
95 -7.82
96 -7.61
97 -7.49
98 -7.67
99 -7.65
100 -7.86
101 -7.60
102 -7.62
103 -7.61
104 -7.74
105 -7.73
106 -7.74
107 -7.57
108 -7.70
109 -7.65
110 -7.61
111 -7.60
112 -7.66
113 -5.21
114 -7.83
115 -7.60
116 -7.82
117 -7.67
118 -7.58
119 -7.64
120 -7.84
121 -7.71
122 -7.76
123 -7.63
124 -7.60
125 -7.70
126 -7.64
127 -7.62
128 -7.69
129 -7.65
130 -7.56
131 -7.74
132 -7.84
133 -7.45
134 -7.68
135 -7.61
136 -7.67
137 -7.68
138 -7.76
139 -7.72
140 -5.14
141 -7.63
142 -7.63
143 -7.65
144 -5.14
145 -5.11
146 -7.60
147 -7.65
148 -7.67
149 -7.66
150 -7.50
151 -7.69
152 -7.58
153 -7.77
154 -7.71
155 -7.67
156 -7.68
157 -7.62
158 -7.68
159 -7.64
160 -7.59
161 -7.54
162 -7.72
163 -7.59
164 -7.75
165 -7.64
166 -5.17
167 -7.82
168 -7.78
169 -7.70
170 -7.58
171 -7.74
172 -7.75
173 -8.30
174 -7.70
175 -7.78
176 -7.70
177 -7.55
178 -7.67
179 -7.52
180 -7.74
181 -7.57
182 -7.67
183 -7.62
184 -7.64
185 -7.86
186 -7.70
187 -7.68
188 -7.62
189 -7.75
190 -7.63
191 -7.62
192 -5.16
193 -7.59
194 -7.71
195 -7.65
196 -5.26
197 -7.63
198 -5.34
199 -7.68
200 -7.54
201 -5.27
202 -7.69
203 -7.54
204 -5.00
205 -7.79
206 -7.73
207 -7.78
208 -7.71
209 -7.67
210 -7.68
211 -7.62
212 -7.74
213 -7.70
214 -7.80
215 -5.10
216 -7.71
217 -7.60
218 -7.72
219 -7.73
220 -7.61
221 -7.60
222 -7.67
223 -7.75
224 -7.58
225 -7.60
226 -7.49
227 -7.63
228 -7.65
229 -7.57
230 -7.76
231 -7.67
232 -8.03
233 -7.69
234 -7.82
235 -7.77
236 -7.54
237 -6.03
238 -7.57
239 -5.18
240 -7.66
241 -7.75
242 -7.49
243 -7.83
244 -7.56
245 -7.68
246 -7.66
247 -7.71
248 -7.46
249 -7.56
250 -5.04
251 -7.60
252 -7.77
253 -7.61
254 -7.54
255 -7.70
256 -7.67
257 -7.75
258 -7.73
259 -7.69
260 -7.69
261 -7.57
262 -7.60
263 -7.78
264 -7.69
265 -5.07
266 -7.68
267 -7.77
268 -7.69
269 -7.60
270 -7.55
271 -7.69
272 -7.77
273 -7.75
274 -7.60
275 -7.63
276 -7.64
277 -7.57
278 -7.70
279 -7.64
280 -7.68
281 -7.68
282 -7.69
283 -7.61
284 -5.32
285 -7.71
286 -5.14
287 -7.75
288 -7.64
289 -7.66
290 -7.64
291 -7.61
292 -7.82
293 -7.59
294 -8.25
295 -5.15
296 -7.80
297 -7.81
298 -7.69
299 -7.72
300 -7.52
301 -7.72
302 -7.57
303 -7.64
304 -7.67
305 -7.73
306 -7.73
307 -7.63
308 -7.58
309 -7.71
310 -7.59
311 -7.61
312 -7.71
313 -7.69
314 -7.78
315 -7.69
316 -7.63
317 -7.65
318 -7.67
319 -7.75
320 -7.68
321 -7.63
322 -7.80
323 -7.51
324 -7.58
325 -7.72
326 -7.61
327 -7.58
328 -7.80
329 -5.02
330 -7.56
331 -7.57
332 -7.70
333 -7.68
334 -7.78
335 -7.46
336 -7.57
337 -7.71
338 -5.20
339 -7.81
340 -7.58
341 -7.76
342 -7.75
343 -7.55
344 -5.06
345 -7.74
346 -7.83
347 -7.55
348 -7.65
349 -7.63
350 -5.30
351 -7.57
352 -7.76
353 -7.51
354 -7.69
355 -7.59
356 -7.50
357 -7.60
358 -7.46
359 -7.64
360 -7.73
361 -5.06
362 -7.79
363 -7.62
364 -7.65
365 -7.72
366 -7.59
367 -7.76
368 -7.57
369 -7.67
370 -7.74
371 -7.81
372 -7.54
373 -7.61
374 -7.51
375 -7.69
376 -7.70
377 -5.22
378 -7.71
379 -7.57
380 -7.84
381 -7.68
382 -7.64
383 -7.73
384 -7.56
385 -7.64
386 -7.55
387 -7.78
388 -5.32
389 -7.63
390 -7.69
391 -7.73
392 -8.43
393 -7.58
394 -7.52
395 -7.70
396 -7.72
397 -7.59
398 -7.66
399 -7.74
400 -7.64
401 -7.58
402 -7.73
403 -7.58
404 -7.55
405 -7.62
406 -7.80
407 -7.60
408 -7.73
409 -7.56
410 -7.71
411 -7.51
412 -7.77
413 -7.84
414 -7.81
415 -7.62
416 -7.80
417 -7.73
418 -7.68
419 -7.61
420 -7.69
421 -7.70
422 -7.74
423 -7.67
424 -7.70
425 -7.75
426 -7.76
427 -7.61
428 -5.28
429 -7.83
430 -7.66
431 -7.71
432 -7.82
433 -7.73
434 -7.63
435 -7.72
436 -7.67
437 -7.65
438 -7.78
439 -7.64
440 -7.68
441 -7.56
442 -7.76
443 -7.70
444 -7.62
445 -7.56
446 -7.76
447 -7.63
448 -7.53
449 -7.74
450 -7.64
451 -7.78
452 -7.63
453 -8.43
454 -7.69
455 -7.54
456 -7.65
457 -7.66
458 -7.77
459 -7.57
460 -7.64
461 -7.80
462 -7.77
463 -7.65
464 -7.72
465 -7.55
466 -7.54
467 -7.60
468 -7.52
469 -7.68
470 -7.63
471 -8.35
472 -7.47
473 -5.22
474 -7.91
475 -7.77
476 -7.70
477 -7.68
478 -7.76
479 -7.61
480 -7.59
481 -7.78
482 -7.74
483 -7.60
484 -7.67
485 -7.79
486 -8.61
487 -5.06
488 -7.66
489 -7.58
490 -5.10
491 -7.58
492 -7.61
493 -7.60
494 -7.64
495 -7.51
496 -7.78
497 -7.78
498 -7.51
499 -7.68
500 -7.62
501 -7.77
502 -7.75
503 -5.23
504 -7.71
505 -7.86
506 -5.16
507 -7.80
508 -7.70
509 -7.76
510 -7.74
511 -5.15
512 -7.74
513 -7.53
514 -7.79
515 -7.64
516 -5.16
517 -7.80
518 -7.54
519 -7.78
520 -7.72
521 -7.76
522 -5.28
523 -7.84
524 -7.56
525 -7.60
526 -7.68
527 -5.12
528 -7.62
529 -7.65
530 -2.59
531 -7.65
532 -7.81
533 -7.70
534 -5.16
535 -7.71
536 -7.74
537 -7.67
538 -7.71
539 -7.80
540 -7.67
541 -7.57
542 -5.27
543 -7.59
544 -7.57
545 -7.51
546 -7.65
547 -5.12
548 -7.73
549 -7.76
550 -7.54
551 -7.74
552 -7.79
553 -7.70
554 -7.65
555 -7.68
556 -7.70
557 -7.78
558 -7.70
559 -7.77
560 -7.63
561 -7.70
562 -7.69
563 -7.74
564 -7.71
565 -7.56
566 -7.70
567 -7.71
568 -5.11
569 -7.62
570 -7.60
571 -3.30
572 -7.64
573 -7.61
574 -7.74
575 -7.61
576 -7.75
577 -7.56
578 -7.64
579 -7.66
580 -7.56
581 -7.69
582 -7.50
583 -7.42
584 -7.68
585 -7.71
586 -7.66
587 -7.76
588 -7.81
589 -7.63
590 -7.68
591 -7.76
592 -7.50
593 -7.63
594 -5.00
595 -7.83
596 -7.68
597 -7.63
598 -7.70
599 -7.69
600 -7.63
601 -7.62
602 -7.73
603 -7.54
604 -7.62
605 -5.13
606 -7.59
607 -7.76
608 -7.74
609 -7.83
610 -7.65
611 -7.72
612 -7.72
613 -7.71
614 -7.79
615 -7.68
616 -7.70
617 -7.66
618 -7.60
619 -7.71
620 -7.61
621 -7.67
622 -7.69
623 -7.82
624 -7.73
625 -7.63
626 -7.63
627 -7.74
628 -7.80
629 -7.64
630 -7.62
631 -7.72
632 -7.68
633 -7.63
634 -7.59
635 -7.66
636 -7.67
637 -7.68
638 -7.65
639 -7.66
640 -7.82
641 -7.80
642 -7.65
643 -7.63
644 -7.64
645 -7.70
646 -7.71
647 -7.62
648 -7.81
649 -7.71
650 -7.54
651 -7.50
652 -7.75
653 -7.67
654 -7.68
655 -7.80
656 -2.58
657 -7.72
658 -7.76
659 -7.75
660 -7.86
661 -7.58
662 -7.65
663 -7.64
664 -7.71
665 -7.69
666 -7.75
667 -7.65
668 -7.78
669 -7.71
670 -7.78
671 -7.64
672 -7.65
673 -7.62
674 -7.58
675 -7.58
676 -7.63
677 -7.67
678 -7.71
679 -7.70
680 -7.65
681 -7.61
682 -7.54
683 -7.70
684 -7.70
685 -7.60
686 -5.27
687 -5.18
688 -2.80
689 -7.67
690 -5.08
691 -7.60
692 -7.80
693 -7.72
694 -7.65
695 -7.65
696 -7.73
697 -7.67
698 -7.83
699 -7.58
700 -7.76
701 -7.75
702 -7.60
703 -5.22
704 -7.54
705 -7.46
706 -7.61
707 -7.67
708 -7.60
709 -5.06
710 -7.61
711 -5.20
712 -7.65
713 -7.61
714 -7.61
715 -7.55
716 -7.48
717 -7.68
718 -7.61
719 -7.67
720 -7.48
721 -7.56
722 -7.73
723 -7.61
724 -7.76
725 -7.70
726 -7.69
727 -7.60
728 -7.64
729 -7.70
730 -7.67
731 -7.64
732 -7.56
733 -7.56
734 -7.71
735 -8.45
736 -4.99
737 -5.11
738 -7.86
739 -7.68
740 -7.72
741 -7.63
742 -7.73
743 -7.71
744 -8.25
745 -7.67
746 -7.66
747 -8.49
748 -7.69
749 -5.16
750 -7.88
751 -5.06
752 -7.68
753 -7.58
754 -7.68
755 -7.68
756 -7.56
757 -7.70
758 -7.79
759 -7.66
760 -7.72
761 -7.62
762 -5.10
763 -7.73
764 -7.51
765 -7.61
766 -7.66
767 -7.56
768 -7.69
769 -7.73
770 -7.54
771 -7.57
772 -7.67
773 -5.07
774 -7.64
775 -7.71
776 -7.61
777 -7.60
778 -8.58
779 -7.81
780 -7.63
781 -7.71
782 -7.72
783 -7.48
784 -7.56
785 -7.72
786 -7.59
787 -7.83
788 -5.19
789 -7.59
790 -7.69
791 -7.59
792 -7.78
793 -7.56
794 -7.64
795 -7.71
796 -7.67
797 -7.71
798 -7.79
799 -7.72
800 -7.81
801 -7.76
802 -7.75
803 -7.70
804 -7.68
805 -7.54
806 -7.73
807 -7.72
808 -7.69
809 -7.67
810 -7.88
811 -7.66
812 -7.53
813 -7.57
814 -7.88
815 -7.73
816 -7.70
817 -7.65
818 -7.57
819 -7.58
820 -7.75
821 -7.57
822 -7.74
823 -7.62
824 -7.75
825 -5.20
826 -7.86
827 -7.61
828 -7.58
829 -7.79
830 -7.81
831 -7.52
832 -7.56
833 -7.60
834 -7.68
835 -5.22
836 -7.74
837 -7.61
838 -5.29
839 -7.53
840 -7.70
841 -7.78
842 -7.81
843 -7.64
844 -7.52
845 -7.57
846 -7.59
847 -5.24
848 -7.70
849 -7.61
850 -7.66
851 -7.72
852 -7.80
853 -5.00
854 -7.76
855 -7.70
856 -5.17
857 -5.29
858 -7.57
859 -7.79
860 -7.68
861 -5.11
862 -7.74
863 -7.64
864 -7.68
865 -7.86
866 -7.81
867 -7.80
868 -7.66
869 -7.65
870 -7.61
871 -7.61
872 -7.76
873 -7.77
874 -7.72
875 -7.74
876 -7.79
877 -7.81
878 -7.67
879 -7.73
880 -7.75
881 -5.13
882 -7.71
883 -7.80
884 -7.65
885 -5.21
886 -7.83
887 -7.63
888 -7.79
889 -7.65
890 -7.75
891 -7.74
892 -7.58
893 -7.53
894 -7.72
895 -7.66
896 -7.59
897 -7.81
898 -7.67
899 -7.77
900 -7.70
901 -7.68
902 -7.61
903 -7.68
904 -7.71
905 -4.97
906 -7.66
907 -7.49
908 -7.68
909 -7.79
910 -7.63
911 -7.56
912 -5.21
913 -7.64
914 -5.20
915 -7.69
916 -7.64
917 -7.56
918 -7.73
919 -7.57
920 -7.78
921 -7.48
922 -7.72
923 -7.65
924 -7.44
925 -7.75
926 -7.58
927 -7.75
928 -7.73
929 -5.13
930 -7.58
931 -5.07
932 -7.68
933 -7.71
934 -7.69
935 -7.68
936 -7.68
937 -7.42
938 -7.80
939 -7.80
940 -7.67
941 -7.52
942 -7.57
943 -7.70
944 -5.19
945 -7.65
946 -7.67
947 -7.58
948 -5.04
949 -5.09
950 -7.75
951 -7.69
952 -7.60
953 -7.75
954 -7.63
955 -7.73
956 -7.70
957 -7.66
958 -7.64
959 -7.81
960 -5.27
961 -7.75
962 -7.63
963 -7.67
964 -7.61
965 -7.52
966 -5.06
967 -7.73
968 -7.64
969 -7.63
970 -7.54
971 -7.62
972 -7.59
973 -7.69
974 -5.02
975 -7.61
976 -7.67
977 -7.81
978 -7.83
979 -7.72
980 -7.86
981 -7.56
982 -7.65
983 -7.65
984 -7.65
985 -5.11
986 -7.75
987 -7.65
988 -7.70
989 -7.68
990 -7.70
991 -7.75
992 -7.67
993 -7.62
994 -7.63
995 -7.68
996 -7.75
997 -7.71
998 -5.29
999 -8.66
3367.6598715782166
