0 -7.66
1 -5.16
2 -7.75
3 -7.74
4 -0.30
5 -7.55
6 -5.14
7 -7.62
8 -5.21
9 -7.67
10 -5.22
11 2.27
12 -0.21
13 -2.58
14 -6.10
15 -7.69
16 -2.65
17 -7.57
18 -2.58
19 -7.75
20 -2.67
21 -7.70
22 -7.68
23 -7.80
24 -5.01
25 -5.19
26 -5.08
27 -7.52
28 -2.51
29 -2.76
30 -0.02
31 -7.62
32 2.36
33 -0.06
34 -5.03
35 -5.24
36 -7.55
37 -2.49
38 -5.24
39 7.40
40 5.69
41 -2.66
42 2.38
43 -5.04
44 -0.11
45 -7.60
46 -5.10
47 -5.23
48 2.39
49 -5.17
50 -0.17
51 -5.91
52 -2.74
53 -2.72
54 -7.82
55 -7.66
56 -7.59
57 -5.16
58 -5.18
59 -7.64
60 -5.15
61 -5.22
62 -5.25
63 0.03
64 -7.70
65 -2.58
66 -2.55
67 -2.58
68 -2.79
69 -2.62
70 -4.98
71 2.41
72 -7.51
73 -7.54
74 -0.12
75 7.36
76 -7.70
77 -7.73
78 -7.64
79 4.89
80 -7.80
81 -5.05
82 -5.09
83 -2.69
84 -5.04
85 -7.75
86 2.43
87 -5.28
88 -0.18
89 -5.32
90 -5.09
91 -7.69
92 -7.72
93 -3.34
94 -5.20
95 -0.04
96 -5.15
97 -7.59
98 -7.58
99 -5.11
100 -2.63
101 -2.43
102 -7.66
103 -5.19
104 -5.29
105 -7.76
106 -5.16
107 -2.86
108 -2.53
109 2.00
110 -5.13
111 -0.06
112 -5.26
113 -5.07
114 -7.55
115 -5.16
116 -2.58
117 -5.18
118 -7.68
119 -5.19
120 -0.11
121 -2.63
122 -5.16
123 -5.14
124 -7.65
125 -7.64
126 2.25
127 -0.08
128 -2.64
129 -0.21
130 -2.76
131 -5.38
132 -7.67
133 -7.67
134 -7.50
135 -5.11
136 -0.15
137 -2.75
138 -7.64
139 -0.19
140 -5.16
141 2.32
142 -5.08
143 -0.12
144 -5.27
145 4.87
146 -2.58
147 -2.72
148 2.43
149 -2.55
150 7.50
151 -2.47
152 -2.65
153 -3.37
154 2.46
155 -0.15
156 -5.26
157 -2.57
158 -5.01
159 -7.55
160 4.75
161 -5.27
162 -7.68
163 -7.66
164 7.40
165 -7.75
166 -2.71
167 -2.68
168 7.27
169 9.95
170 -5.12
171 -2.66
172 -2.65
173 -0.04
174 -5.16
175 -2.60
176 -0.50
177 2.38
178 -5.04
179 -5.26
180 -0.07
181 -2.63
182 -5.22
183 -7.51
184 2.24
185 -7.50
186 -2.73
187 -5.29
188 -7.64
189 -5.29
190 -5.30
191 -5.10
192 -5.04
193 -2.38
194 2.32
195 4.87
196 -2.65
197 -3.57
198 6.48
199 -5.16
200 -2.51
201 7.24
202 -2.71
203 6.61
204 -7.70
205 4.92
206 4.88
207 -2.73
208 -0.17
209 -7.59
210 -2.75
211 -0.15
212 7.49
213 -5.09
214 -5.19
215 -5.07
216 2.37
217 -2.65
218 -5.23
219 4.77
220 -0.21
221 -4.99
222 -5.20
223 -7.76
224 -0.02
225 4.84
226 -2.66
227 -7.73
228 2.29
229 -2.74
230 -5.10
231 -5.38
232 -4.98
233 -2.75
234 -7.61
235 -7.68
236 -5.12
237 -5.16
238 -7.72
239 -5.21
240 -5.18
241 -0.04
242 7.35
243 -5.03
244 -0.18
245 -0.04
246 4.85
247 -0.15
248 -1.87
249 1.43
250 4.89
251 12.37
252 9.90
253 -5.23
254 2.40
255 2.53
256 -5.14
257 4.90
258 2.26
259 -0.27
260 -5.17
261 -0.19
262 4.77
263 2.26
264 4.96
265 2.22
266 9.83
267 -0.04
268 -7.57
269 -7.67
270 -7.72
271 -2.57
272 -7.53
273 4.89
274 -2.54
275 9.98
276 -2.73
277 -7.61
278 -7.72
279 -5.14
280 -7.81
281 -5.13
282 -7.67
283 -0.08
284 2.28
285 -0.06
286 2.42
287 2.26
288 -1.02
289 -5.14
290 2.25
291 -2.74
292 -2.41
293 -2.74
294 7.28
295 4.87
296 -0.27
297 10.01
298 2.42
299 19.90
300 -5.05
301 4.87
302 -0.05
303 -2.80
304 2.21
305 -2.62
306 -0.26
307 -5.16
308 -0.15
309 8.10
310 -5.20
311 -5.04
312 7.51
313 -5.10
314 -7.76
315 2.47
316 -7.70
317 12.37
318 -5.15
319 2.60
320 9.97
321 24.93
322 -0.07
323 9.83
324 -5.19
325 -2.61
326 4.73
327 -0.05
328 4.87
329 -0.12
330 2.34
331 7.40
332 9.87
333 -5.14
334 11.70
335 12.46
336 -2.61
337 19.99
338 4.87
339 20.15
340 -2.66
341 -0.21
342 12.47
343 -0.02
344 -5.22
345 -0.07
346 -2.70
347 -0.08
348 -0.09
349 9.93
350 -5.10
351 9.84
352 -5.07
353 -0.14
354 -7.64
355 -2.71
356 -2.62
357 2.27
358 4.90
359 -5.21
360 -0.35
361 2.34
362 -5.26
363 7.31
364 -0.11
365 7.34
366 14.91
367 17.50
368 -5.27
369 -5.16
370 7.34
371 4.86
372 -0.22
373 4.99
374 -7.57
375 12.39
376 -5.04
377 -5.11
378 -5.22
379 -0.14
380 -0.17
381 9.90
382 -7.72
383 -2.65
384 -2.69
385 14.87
386 -0.13
387 -5.17
388 7.44
389 -2.78
390 -2.56
391 4.89
392 9.81
393 9.75
394 -5.25
395 4.81
396 -2.62
397 7.51
398 -2.53
399 7.41
400 2.38
401 7.56
402 7.41
403 -7.77
404 -5.13
405 2.39
406 -2.57
407 10.02
408 -7.84
409 21.02
410 9.79
411 4.02
412 20.09
413 -5.17
414 28.68
415 22.40
416 2.36
417 -5.21
418 7.53
419 9.83
420 4.98
421 -0.23
422 4.90
423 -0.21
424 10.05
425 27.35
426 28.89
427 9.76
428 7.38
429 9.87
430 -0.11
431 17.33
432 -2.14
433 -0.16
434 7.33
435 -0.08
436 -0.04
437 14.74
438 29.90
439 12.39
440 -0.26
441 -2.65
442 9.86
443 -2.57
444 7.31
445 2.39
446 7.46
447 17.48
448 -5.30
449 9.96
450 12.38
451 27.49
452 5.00
453 -0.09
454 -5.22
455 14.93
456 16.32
457 -0.21
458 27.42
459 2.29
460 22.30
461 7.39
462 -2.64
463 -2.63
464 8.21
465 1.81
466 7.42
467 4.90
468 -2.46
469 4.74
470 -2.84
471 0.08
472 9.86
473 4.97
474 -5.17
475 -2.62
476 -7.75
477 9.97
478 7.47
479 17.37
480 19.93
481 25.19
482 9.87
483 17.35
484 4.87
485 19.84
486 2.40
487 -0.18
488 2.41
489 2.47
490 14.86
491 7.43
492 9.95
493 19.94
494 2.47
495 17.39
496 12.57
497 4.93
498 -5.15
499 7.41
500 7.48
501 5.05
502 19.89
503 17.43
504 0.02
505 12.46
506 18.48
507 -2.54
508 0.11
509 4.93
510 17.40
511 24.95
512 19.94
513 -2.53
514 14.96
515 26.33
516 9.95
517 -2.66
518 19.93
519 20.13
520 12.34
521 9.46
522 30.09
523 27.40
524 39.92
525 9.86
526 4.79
527 24.99
528 4.76
529 2.53
530 27.51
531 24.95
532 9.79
533 2.42
534 32.34
535 14.88
536 -5.16
537 15.02
538 14.80
539 7.22
540 15.06
541 12.53
542 22.43
543 19.79
544 12.40
545 12.47
546 11.53
547 12.46
548 12.50
549 32.48
550 -5.16
551 4.94
552 14.99
553 19.59
554 14.93
555 4.97
556 9.66
557 4.85
558 15.06
559 27.50
560 7.36
561 2.48
562 37.59
563 19.94
564 22.40
565 45.02
566 -5.25
567 9.81
568 -2.80
569 33.38
570 7.36
571 9.98
572 4.80
573 25.06
574 22.44
575 35.17
576 37.33
577 22.40
578 20.01
579 9.99
580 29.89
581 5.82
582 12.42
583 24.89
584 22.54
585 35.08
586 3.39
587 14.71
588 22.40
589 17.65
590 19.84
591 2.35
592 -5.16
593 17.44
594 9.85
595 24.90
596 14.80
597 64.09
598 -2.54
599 20.01
600 22.51
601 28.60
602 -0.16
603 22.62
604 45.17
605 20.45
606 17.40
607 37.72
608 9.83
609 32.41
610 15.01
611 30.03
612 27.07
613 24.20
614 32.44
615 12.51
616 25.11
617 2.42
618 47.21
619 14.87
620 1.99
621 14.93
622 32.45
623 41.99
624 9.99
625 41.74
626 14.51
627 29.90
628 21.18
629 27.57
630 15.97
631 24.46
632 13.65
633 17.32
634 24.97
635 32.56
636 9.87
637 24.97
638 35.04
639 29.97
640 38.79
641 25.06
642 14.94
643 42.59
644 37.54
645 39.60
646 9.94
647 30.06
648 30.80
649 37.44
650 30.00
651 37.55
652 42.59
653 31.57
654 45.17
655 17.49
656 31.42
657 30.70
658 24.85
659 30.00
660 34.60
661 37.55
662 54.99
663 52.63
664 47.58
665 35.56
666 19.89
667 37.71
668 39.98
669 40.07
670 25.08
671 42.52
672 36.37
673 37.53
674 27.57
675 30.06
676 50.00
677 29.84
678 55.19
679 39.89
680 46.17
681 24.94
682 51.69
683 53.89
684 19.94
685 22.56
686 52.57
687 10.05
688 42.59
689 35.19
690 41.72
691 47.55
692 47.57
693 57.40
694 40.17
695 37.62
696 41.07
697 27.53
698 35.51
699 24.96
700 34.28
701 55.22
702 44.96
703 22.51
704 52.33
705 22.39
706 50.08
707 42.18
708 34.47
709 39.95
710 60.13
711 30.08
712 43.03
713 50.10
714 55.00
715 42.50
716 65.27
717 48.65
718 48.04
719 49.33
720 29.21
721 64.08
722 27.43
723 32.38
724 40.01
725 32.54
726 44.98
727 47.48
728 39.96
729 62.63
730 42.46
731 30.05
732 50.15
733 67.64
734 40.13
735 47.63
736 27.64
737 42.49
738 27.47
739 25.10
740 22.03
741 71.09
742 37.40
743 74.22
744 60.09
745 67.63
746 29.99
747 49.81
748 54.99
749 44.99
750 45.00
751 52.42
752 43.20
753 39.60
754 42.46
755 46.05
756 34.38
757 35.86
758 29.96
759 37.70
760 42.58
761 49.94
762 22.39
763 37.48
764 42.55
765 32.50
766 43.69
767 44.99
768 65.10
769 37.67
770 55.18
771 53.81
772 51.16
773 40.04
774 61.97
775 64.31
776 24.97
777 45.07
778 52.60
779 53.97
780 40.16
781 39.98
782 44.69
783 43.12
784 80.51
785 55.15
786 45.01
787 78.35
788 52.38
789 42.49
790 59.96
791 62.33
792 52.47
793 59.37
794 59.89
795 74.74
796 38.42
797 30.07
798 60.08
799 39.95
800 47.71
801 64.59
802 28.43
803 59.66
804 60.09
805 30.00
806 65.06
807 45.18
808 42.95
809 27.43
810 55.16
811 32.48
812 39.79
813 56.68
814 54.77
815 32.61
816 74.87
817 52.02
818 47.53
819 50.05
820 47.49
821 70.14
822 39.68
823 50.08
824 47.53
825 38.92
826 34.88
827 50.19
828 57.98
829 62.97
830 57.54
831 57.59
832 37.46
833 70.04
834 60.95
835 65.02
836 65.13
837 34.10
838 45.18
839 65.03
840 75.12
841 37.50
842 65.11
843 49.92
844 43.77
845 54.73
846 50.20
847 35.01
848 47.61
849 41.17
850 61.76
851 66.56
852 34.94
853 62.50
854 35.02
855 57.55
856 42.57
857 54.77
858 40.04
859 55.06
860 52.66
861 65.06
862 75.36
863 62.44
864 45.05
865 64.01
866 62.53
867 61.31
868 42.76
869 52.49
870 24.56
871 64.81
872 32.48
873 54.60
874 87.56
875 44.99
876 57.61
877 54.15
878 67.28
879 51.62
880 60.08
881 44.67
882 65.19
883 22.38
884 40.07
885 55.01
886 52.63
887 55.01
888 39.78
889 45.01
890 73.32
891 44.33
892 56.73
893 34.97
894 54.15
895 35.07
896 66.88
897 56.82
898 47.64
899 32.10
900 62.50
901 52.41
902 61.20
903 37.35
904 27.58
905 39.80
906 44.84
907 37.43
908 62.71
909 60.07
910 60.08
911 37.38
912 54.99
913 50.03
914 62.60
915 55.18
916 51.56
917 60.22
918 52.48
919 44.91
920 64.71
921 60.06
922 37.59
923 39.28
924 40.07
925 67.65
926 55.13
927 64.01
928 47.55
929 50.48
930 46.06
931 37.59
932 77.19
933 47.55
934 55.83
935 37.54
936 54.86
937 57.53
938 35.62
939 50.05
940 79.11
941 57.48
942 46.82
943 59.75
944 32.46
945 55.11
946 56.65
947 34.79
948 51.26
949 49.58
950 75.65
951 58.42
952 42.57
953 47.49
954 42.48
955 68.21
956 50.04
957 52.56
958 64.44
959 70.81
960 51.25
961 71.19
962 56.69
963 65.19
964 53.29
965 42.54
966 34.91
967 39.90
968 52.50
969 60.12
970 24.84
971 74.76
972 52.12
973 53.84
974 52.58
975 55.24
976 53.18
977 25.03
978 60.41
979 19.95
980 55.15
981 47.76
982 42.47
983 50.03
984 22.46
985 46.91
986 71.73
987 34.24
988 44.73
989 46.95
990 65.51
991 52.55
992 40.05
993 52.44
994 47.84
995 77.24
996 49.17
997 42.51
998 72.66
999 70.12
1515.072610616684
