0 52.44
1 34.98
2 35.11
3 37.58
4 37.52
5 45.15
6 40.06
7 55.13
8 52.58
9 24.80
10 50.06
11 44.16
12 23.41
13 37.54
14 44.73
15 50.04
16 19.80
17 47.57
18 37.48
19 37.07
20 58.97
21 42.47
22 42.59
23 50.04
24 24.90
25 19.80
26 22.48
27 34.95
28 29.88
29 39.99
30 34.51
31 54.12
32 32.50
33 58.61
34 40.79
35 30.17
36 33.32
37 32.53
38 36.58
39 39.25
40 62.59
41 30.02
42 27.45
43 42.55
44 42.72
45 47.59
46 31.69
47 32.45
48 57.45
49 40.03
50 29.98
51 40.02
52 29.98
53 36.74
54 59.49
55 37.14
56 37.55
57 30.06
58 19.99
59 40.01
60 60.56
61 32.37
62 37.51
63 32.61
64 26.21
65 40.07
66 55.12
67 34.96
68 62.52
69 40.03
70 65.76
71 64.90
72 32.49
73 24.90
74 53.89
75 45.00
76 49.87
77 34.18
78 32.54
79 40.00
80 39.93
81 27.25
82 39.95
83 52.46
84 52.60
85 49.98
86 37.58
87 35.25
88 52.61
89 50.27
90 25.14
91 57.61
92 37.51
93 50.14
94 34.88
95 39.53
96 49.99
97 47.62
98 40.15
99 40.25
100 42.50
101 44.95
102 37.46
103 25.02
104 47.63
105 24.86
106 57.64
107 42.65
108 45.96
109 38.79
110 73.74
111 39.96
112 29.87
113 35.09
114 42.56
115 47.45
116 29.90
117 59.72
118 49.00
119 45.15
120 42.24
121 42.63
122 27.07
123 39.98
124 37.53
125 37.49
126 40.09
127 49.68
128 59.19
129 54.17
130 42.72
131 47.17
132 19.87
133 24.96
134 47.50
135 34.83
136 40.00
137 42.52
138 30.10
139 41.41
140 32.49
141 42.47
142 56.92
143 57.66
144 30.09
145 52.63
146 32.62
147 55.20
148 39.89
149 34.57
150 47.18
151 29.97
152 37.65
153 41.60
154 36.80
155 57.33
156 37.54
157 40.02
158 37.46
159 42.50
160 40.04
161 32.66
162 52.66
163 39.97
164 35.00
165 34.95
166 30.95
167 34.91
168 34.13
169 32.43
170 17.54
171 44.96
172 47.49
173 37.51
174 55.03
175 50.23
176 29.78
177 46.71
178 24.95
179 42.48
180 69.83
181 37.45
182 59.99
183 40.04
184 29.96
185 36.12
186 32.41
187 60.86
188 50.72
189 65.18
190 50.04
191 37.55
192 50.04
193 45.05
194 55.95
195 24.91
196 40.07
197 40.01
198 37.44
199 39.70
200 41.91
201 40.28
202 34.86
203 19.93
204 57.50
205 30.07
206 9.86
207 42.15
208 39.34
209 40.10
210 51.71
211 22.57
212 49.11
213 47.06
214 27.56
215 47.54
216 29.76
217 50.94
218 32.57
219 43.87
220 35.21
221 47.56
222 40.06
223 54.70
224 39.93
225 32.43
226 42.48
227 39.97
228 54.90
229 50.01
230 49.95
231 50.27
232 38.48
233 43.02
234 70.14
235 39.71
236 34.99
237 57.61
238 32.56
239 33.06
240 39.05
241 37.49
242 60.95
243 49.52
244 45.48
245 45.02
246 52.61
247 47.52
248 41.22
249 29.02
250 42.68
251 47.64
252 38.73
253 70.27
254 54.01
255 55.12
256 42.47
257 37.65
258 36.45
259 40.14
260 40.66
261 42.58
262 42.37
263 36.90
264 29.14
265 40.12
266 30.00
267 35.23
268 36.32
269 34.13
270 30.03
271 37.63
272 30.15
273 26.39
274 40.02
275 47.45
276 24.92
277 31.30
278 60.02
279 29.12
280 32.45
281 39.02
282 27.25
283 41.14
284 57.65
285 57.57
286 57.59
287 58.21
288 60.45
289 29.30
290 27.52
291 35.01
292 44.49
293 24.65
294 42.62
295 44.40
296 32.49
297 32.46
298 50.14
299 34.81
300 40.12
301 47.52
302 44.91
303 47.60
304 29.68
305 64.11
306 51.58
307 45.12
308 50.02
309 55.07
310 40.04
311 40.03
312 52.54
313 65.12
314 40.03
315 17.37
316 47.66
317 28.06
318 27.49
319 35.99
320 66.24
321 65.07
322 33.47
323 29.94
324 42.52
325 52.58
326 50.15
327 39.76
328 39.89
329 52.21
330 30.06
331 47.58
332 51.70
333 46.88
334 45.05
335 27.52
336 37.46
337 42.62
338 37.46
339 37.25
340 56.42
341 43.95
342 45.17
343 29.69
344 57.64
345 55.08
346 46.86
347 40.03
348 48.33
349 32.06
350 65.96
351 28.47
352 39.24
353 47.54
354 64.61
355 40.76
356 24.87
357 44.29
358 35.01
359 37.01
360 42.58
361 27.45
362 63.63
363 49.24
364 52.53
365 32.46
366 24.92
367 64.14
368 32.32
369 61.45
370 45.07
371 50.96
372 50.00
373 32.21
374 37.48
375 68.93
376 27.49
377 30.08
378 37.55
379 41.79
380 36.45
381 25.03
382 33.17
383 27.50
384 39.18
385 45.03
386 36.75
387 42.51
388 32.55
389 42.51
390 49.97
391 32.47
392 55.58
393 60.11
394 47.50
395 42.59
396 25.01
397 40.02
398 45.09
399 42.48
400 39.93
401 44.07
402 42.52
403 32.56
404 43.92
405 51.81
406 45.73
407 54.91
408 75.39
409 62.44
410 50.67
411 37.54
412 49.73
413 37.42
414 47.53
415 32.56
416 48.78
417 57.54
418 42.49
419 17.52
420 60.09
421 52.01
422 29.92
423 78.30
424 54.23
425 48.35
426 35.05
427 57.71
428 40.07
429 45.04
430 40.14
431 43.76
432 50.17
433 45.15
434 44.13
435 30.04
436 47.46
437 39.94
438 44.94
439 53.53
440 40.05
441 37.42
442 40.08
443 42.55
444 40.07
445 52.39
446 48.32
447 36.12
448 45.12
449 39.63
450 39.97
451 29.24
452 47.58
453 26.92
454 32.57
455 64.76
456 57.61
457 68.02
458 50.83
459 50.09
460 32.28
461 27.14
462 42.48
463 44.20
464 52.17
465 37.44
466 29.54
467 42.57
468 42.27
469 30.44
470 42.43
471 70.17
472 57.44
473 37.51
474 42.54
475 52.50
476 32.50
477 24.07
478 17.40
479 46.15
480 60.16
481 37.47
482 39.27
483 37.52
484 41.69
485 57.57
486 52.24
487 57.65
488 52.48
489 37.51
490 33.01
491 43.94
492 32.46
493 47.10
494 55.04
495 57.57
496 39.33
497 22.50
498 37.46
499 57.60
500 45.14
501 45.68
502 60.08
503 25.07
504 33.05
505 57.59
506 39.69
507 39.91
508 47.47
509 44.05
510 32.40
511 27.54
512 32.59
513 65.75
514 36.46
515 44.72
516 60.81
517 40.06
518 45.25
519 52.54
520 56.72
521 60.11
522 47.61
523 77.26
524 45.15
525 46.43
526 35.60
527 65.06
528 44.81
529 19.90
530 42.36
531 33.95
532 41.58
533 39.54
534 49.20
535 32.41
536 52.60
537 22.31
538 25.08
539 49.60
540 52.49
541 42.59
542 24.92
543 42.42
544 37.42
545 56.05
546 36.73
547 40.85
548 19.57
549 34.57
550 40.04
551 32.55
552 64.51
553 42.23
554 46.83
555 42.59
556 37.46
557 45.11
558 22.51
559 52.86
560 45.09
561 32.37
562 22.52
563 32.50
564 39.98
565 47.41
566 47.50
567 44.62
568 39.73
569 42.46
570 49.97
571 27.41
572 54.59
573 62.60
574 42.66
575 27.43
576 36.95
577 34.89
578 45.92
579 43.60
580 47.56
581 55.05
582 29.16
583 60.19
584 49.95
585 32.57
586 35.10
587 44.19
588 57.58
589 35.13
590 24.91
591 42.56
592 65.47
593 32.55
594 50.08
595 27.42
596 39.85
597 30.05
598 37.64
599 32.52
600 52.51
601 42.44
602 45.00
603 62.52
604 25.02
605 32.61
606 42.59
607 52.55
608 45.01
609 42.43
610 42.50
611 52.58
612 52.88
613 30.00
614 39.98
615 51.70
616 42.58
617 31.60
618 32.47
619 37.57
620 45.11
621 29.97
622 41.99
623 55.06
624 59.51
625 35.08
626 71.97
627 39.85
628 42.18
629 37.43
630 47.44
631 41.86
632 22.43
633 37.39
634 45.14
635 62.51
636 62.53
637 48.16
638 45.23
639 47.66
640 32.49
641 26.61
642 37.62
643 37.57
644 33.88
645 45.10
646 29.97
647 39.60
648 32.07
649 37.31
650 32.61
651 47.14
652 50.21
653 46.74
654 42.62
655 29.43
656 37.10
657 37.47
658 69.23
659 19.91
660 57.60
661 56.09
662 42.46
663 42.65
664 45.53
665 35.04
666 45.14
667 37.54
668 27.44
669 37.53
670 69.93
671 39.76
672 57.24
673 60.24
674 37.64
675 75.01
676 47.77
677 43.85
678 35.01
679 56.18
680 48.91
681 45.13
682 55.18
683 62.20
684 42.50
685 47.57
686 25.00
687 35.14
688 39.94
689 32.46
690 45.04
691 37.52
692 29.59
693 32.58
694 74.85
695 62.93
696 77.01
697 44.24
698 31.37
699 34.96
700 64.35
701 42.63
702 40.15
703 47.10
704 32.60
705 37.65
706 45.10
707 42.51
708 44.97
709 22.09
710 27.67
711 30.04
712 48.88
713 45.13
714 44.93
715 48.94
716 37.47
717 70.16
718 29.89
719 50.10
720 55.14
721 42.47
722 35.32
723 43.18
724 44.92
725 52.20
726 43.25
727 47.49
728 52.50
729 51.79
730 60.15
731 65.47
732 46.67
733 34.63
734 42.48
735 29.96
736 19.90
737 30.02
738 60.38
739 44.42
740 45.00
741 63.68
742 44.96
743 32.46
744 60.11
745 58.57
746 58.10
747 39.99
748 31.84
749 35.02
750 36.11
751 39.58
752 49.78
753 47.55
754 35.04
755 19.94
756 37.43
757 17.48
758 31.99
759 45.15
760 40.11
761 37.50
762 23.51
763 27.64
764 46.56
765 49.22
766 38.59
767 32.49
768 32.47
769 37.27
770 60.22
771 40.08
772 32.42
773 42.41
774 35.04
775 57.68
776 50.21
777 42.57
778 41.01
779 34.95
780 59.60
781 22.45
782 24.91
783 29.97
784 55.60
785 25.05
786 55.28
787 52.38
788 31.63
789 40.01
790 29.96
791 65.16
792 52.43
793 29.95
794 50.68
795 57.40
796 68.21
797 55.21
798 26.31
799 39.96
800 47.54
801 52.52
802 37.57
803 41.04
804 40.00
805 37.63
806 45.73
807 40.10
808 60.09
809 32.51
810 24.99
811 54.70
812 50.12
813 40.04
814 42.63
815 42.40
816 40.07
817 30.10
818 36.48
819 27.52
820 47.51
821 30.08
822 52.58
823 31.72
824 51.50
825 55.17
826 42.47
827 32.55
828 44.17
829 37.62
830 42.55
831 50.26
832 52.74
833 52.60
834 37.23
835 27.18
836 34.90
837 62.59
838 40.06
839 39.23
840 37.65
841 40.00
842 32.46
843 57.63
844 54.40
845 16.53
846 49.92
847 54.90
848 40.06
849 33.60
850 19.99
851 32.40
852 41.64
853 37.47
854 32.39
855 55.18
856 40.04
857 52.63
858 45.08
859 37.42
860 57.55
861 42.56
862 37.47
863 39.60
864 37.48
865 39.95
866 32.11
867 43.52
868 60.06
869 52.59
870 42.50
871 34.51
872 30.11
873 49.96
874 49.31
875 22.40
876 71.70
877 36.59
878 47.54
879 55.05
880 27.58
881 32.52
882 52.74
883 39.63
884 32.49
885 35.02
886 42.48
887 42.47
888 36.50
889 49.65
890 47.65
891 44.04
892 48.11
893 24.93
894 50.07
895 27.62
896 45.10
897 32.39
898 42.01
899 38.29
900 56.59
901 34.89
902 45.03
903 32.43
904 29.95
905 67.52
906 25.11
907 49.99
908 40.04
909 46.71
910 27.48
911 27.43
912 27.56
913 65.14
914 45.15
915 47.58
916 33.77
917 33.51
918 30.02
919 33.60
920 51.71
921 27.42
922 45.92
923 29.87
924 57.55
925 45.02
926 57.23
927 37.55
928 34.97
929 35.08
930 57.52
931 59.84
932 57.60
933 47.58
934 24.88
935 55.16
936 40.02
937 35.11
938 42.56
939 62.57
940 56.36
941 37.52
942 24.98
943 37.58
944 38.52
945 29.94
946 34.46
947 49.97
948 57.64
949 47.67
950 32.26
951 29.94
952 50.02
953 44.97
954 30.00
955 52.58
956 51.64
957 47.60
958 42.52
959 68.25
960 34.73
961 37.61
962 67.70
963 55.12
964 55.00
965 75.52
966 40.13
967 39.96
968 27.53
969 71.60
970 44.94
971 12.40
972 49.60
973 36.73
974 39.77
975 44.67
976 34.09
977 29.99
978 50.09
979 19.45
980 47.24
981 45.15
982 47.60
983 39.45
984 43.42
985 57.48
986 17.36
987 31.39
988 49.99
989 16.38
990 43.29
991 43.32
992 27.41
993 55.18
994 29.92
995 57.50
996 51.89
997 39.98
998 22.39
999 40.02
3495.6647231578827
