0 -7.829999999999869
1 -7.679999999999872
2 -7.569999999999874
3 -7.659999999999872
4 -7.659999999999872
5 -7.5999999999998735
6 -7.989999999999865
7 -7.539999999999875
8 -7.704999999999871
9 -7.564999999999874
10 -7.679999999999872
11 -7.549999999999875
12 -7.559999999999874
13 -7.709999999999871
14 -7.639999999999873
15 -7.77999999999987
16 -7.6499999999998725
17 -7.729999999999871
18 -7.7399999999998705
19 -7.699999999999871
20 -7.77999999999987
21 -7.629999999999873
22 -7.5549999999998745
23 -7.5999999999998735
24 -7.674999999999871
25 -5.119999999999872
26 -7.644999999999873
27 -7.629999999999873
28 -7.7399999999998705
29 -7.669999999999872
30 -7.724999999999871
31 -7.494999999999875
32 -7.669999999999872
33 -7.669999999999872
34 -7.719999999999871
35 -7.734999999999871
36 -5.219999999999871
37 -7.594999999999874
38 -7.639999999999873
39 -7.75999999999987
40 -7.6499999999998725
41 -7.709999999999871
42 -7.674999999999872
43 -7.669999999999872
44 -7.629999999999873
45 -7.719999999999871
46 -7.639999999999873
47 -7.7899999999998695
48 -7.699999999999871
49 -7.709999999999871
50 -7.569999999999874
51 -7.639999999999873
52 -7.709999999999871
53 -7.729999999999871
54 -7.7399999999998705
55 -7.6499999999998725
56 -7.679999999999872
57 -7.74999999999987
58 -7.549999999999875
59 -7.699999999999871
60 -7.654999999999872
61 -7.624999999999873
62 -7.639999999999873
63 -7.624999999999873
64 -7.424999999999876
65 -7.584999999999874
66 -7.689999999999872
67 -7.5999999999998735
68 -7.77999999999987
69 -7.639999999999873
70 -7.644999999999873
71 -7.729999999999871
72 -7.709999999999871
73 -7.729999999999871
74 -7.844999999999868
75 -7.564999999999874
76 -7.489999999999876
77 -7.629999999999873
78 -7.679999999999872
79 -7.839999999999868
80 -7.339999999999878
81 -7.549999999999875
82 -7.509999999999875
83 -7.589999999999874
84 -7.669999999999872
85 -7.679999999999872
86 -5.139999999999873
87 -7.639999999999873
88 -7.674999999999872
89 -7.7399999999998705
90 -7.5999999999998735
91 -7.75999999999987
92 -7.614999999999873
93 -7.714999999999871
94 -7.77999999999987
95 -7.674999999999872
96 -7.654999999999872
97 -7.664999999999872
98 -4.999999999999876
99 -7.669999999999872
100 -7.449999999999877
101 -7.539999999999875
102 -7.74999999999987
103 -7.614999999999873
104 -7.6499999999998725
105 -7.669999999999872
106 -7.564999999999874
107 -7.549999999999875
108 -7.664999999999872
109 -7.564999999999874
110 -7.699999999999871
111 -7.729999999999871
112 -7.669999999999872
113 -7.694999999999871
114 -7.639999999999873
115 -7.639999999999873
116 -7.524999999999875
117 -7.584999999999874
118 -7.679999999999872
119 -7.719999999999871
120 -7.559999999999874
121 -7.74999999999987
122 -7.559999999999874
123 -7.6499999999998725
124 -7.74499999999987
125 -7.589999999999874
126 -7.614999999999873
127 -7.679999999999872
128 -7.729999999999871
129 -7.689999999999872
130 -7.5999999999998735
131 -7.489999999999876
132 -7.76999999999987
133 -7.7399999999998705
134 -7.604999999999873
135 -7.684999999999872
136 -7.529999999999875
137 -7.534999999999874
138 -7.469999999999875
139 -7.654999999999872
140 -7.679999999999872
141 -7.594999999999874
142 -7.77999999999987
143 -7.559999999999874
144 -7.644999999999873
145 -7.614999999999873
146 -7.659999999999872
147 -7.629999999999873
148 -7.839999999999868
149 -7.634999999999873
150 -7.75999999999987
151 -7.589999999999874
152 -7.609999999999873
153 -7.6499999999998725
154 -7.684999999999872
155 -7.704999999999871
156 -7.509999999999875
157 -7.529999999999874
158 -7.629999999999873
159 -5.074999999999874
160 -7.589999999999874
161 -7.569999999999874
162 -7.714999999999871
163 -7.634999999999873
164 -7.729999999999871
165 -7.859999999999868
166 -7.699999999999871
167 -7.669999999999872
168 -7.609999999999873
169 -7.77999999999987
170 -7.679999999999872
171 -7.74999999999987
172 -7.5049999999998755
173 -7.689999999999872
174 -7.619999999999873
175 -7.5549999999998745
176 -7.584999999999874
177 -7.76999999999987
178 -7.5999999999998735
179 -7.629999999999873
180 -5.129999999999873
181 -7.734999999999871
182 -5.069999999999874
183 -7.75499999999987
184 -7.4599999999998765
185 -7.669999999999872
186 -7.664999999999872
187 -7.8349999999998685
188 -7.629999999999873
189 -7.839999999999868
190 -7.594999999999873
191 -7.539999999999875
192 -7.74999999999987
193 -7.6499999999998725
194 -7.639999999999873
195 -7.5999999999998735
196 -7.76499999999987
197 -7.579999999999874
198 -7.544999999999875
199 -7.609999999999873
200 -7.619999999999873
201 -5.159999999999872
202 -7.709999999999871
203 -7.544999999999875
204 -7.514999999999875
205 -7.539999999999875
206 -7.74999999999987
207 -7.689999999999871
208 -7.719999999999871
209 -7.76999999999987
210 -7.674999999999872
211 -7.664999999999872
212 -7.629999999999873
213 -7.609999999999873
214 -7.669999999999872
215 -7.594999999999874
216 -7.5049999999998755
217 -7.634999999999873
218 -7.704999999999871
219 -7.519999999999874
220 -7.704999999999871
221 -7.629999999999873
222 -7.494999999999876
223 -7.74499999999987
224 -7.509999999999875
225 -7.579999999999874
226 -7.7899999999998695
227 -7.6949999999998715
228 -5.114999999999873
229 -7.7399999999998705
230 -7.76999999999987
231 -7.529999999999875
232 -7.549999999999875
233 -7.699999999999871
234 -7.569999999999874
235 -7.399999999999877
236 -7.704999999999871
237 -7.654999999999872
238 -7.699999999999871
239 -7.5199999999998735
240 -7.399999999999878
241 -7.729999999999871
242 -7.519999999999874
243 -7.619999999999873
244 -7.574999999999873
245 -7.644999999999873
246 -7.699999999999871
247 -7.7899999999998695
248 -7.6499999999998725
249 -7.839999999999868
250 -7.469999999999876
251 -7.614999999999873
252 -7.819999999999869
253 -7.664999999999872
254 -7.304999999999877
255 -7.589999999999874
256 -7.594999999999874
257 -7.669999999999872
258 -7.77999999999987
259 -7.859999999999868
260 -5.1499999999998725
261 -7.704999999999871
262 -7.379999999999876
263 -7.729999999999871
264 -7.78499999999987
265 -7.684999999999872
266 -5.204999999999871
267 -7.639999999999873
268 -7.364999999999878
269 -7.584999999999874
270 -7.579999999999874
271 -7.584999999999874
272 -7.639999999999873
273 -7.689999999999872
274 -7.77999999999987
275 -7.699999999999871
276 -7.634999999999873
277 -7.499999999999876
278 -7.659999999999872
279 -7.76499999999987
280 -7.619999999999873
281 -7.494999999999875
282 -7.574999999999874
283 -7.489999999999876
284 -7.619999999999873
285 -7.629999999999873
286 -7.5049999999998755
287 -7.614999999999873
288 -7.729999999999871
289 -7.664999999999872
290 -7.634999999999873
291 -7.76999999999987
292 -7.429999999999876
293 -7.314999999999878
294 -7.549999999999875
295 -7.609999999999873
296 -7.709999999999871
297 -7.629999999999873
298 -7.604999999999873
299 -7.524999999999875
300 -7.644999999999873
301 -7.7399999999998705
302 -7.564999999999874
303 -7.7399999999998705
304 -7.524999999999874
305 -7.5999999999998735
306 -7.514999999999875
307 -7.78499999999987
308 -7.609999999999873
309 -7.72499999999987
310 -7.329999999999878
311 -7.559999999999874
312 -7.5999999999998735
313 -7.699999999999871
314 -7.589999999999874
315 -7.659999999999872
316 -7.5999999999998735
317 -7.609999999999873
318 -7.7899999999998695
319 -7.729999999999871
320 -7.669999999999872
321 -7.819999999999869
322 -7.674999999999872
323 -7.549999999999875
324 -7.5149999999998744
325 -7.689999999999872
326 -7.699999999999871
327 -7.624999999999873
328 -7.794999999999869
329 -7.674999999999872
330 -7.7399999999998705
331 -7.484999999999875
332 -7.579999999999873
333 -7.624999999999872
334 -7.584999999999874
335 -7.584999999999874
336 -7.679999999999872
337 -7.729999999999871
338 -7.7899999999998695
339 -7.559999999999874
340 -7.74999999999987
341 -7.734999999999871
342 -7.474999999999876
343 -5.119999999999873
344 -7.7399999999998705
345 -7.294999999999878
346 -7.74999999999987
347 -5.27999999999987
348 -7.6499999999998725
349 -7.674999999999872
350 -7.4599999999998765
351 -5.1049999999998725
352 -7.649999999999872
353 -7.849999999999868
354 -7.604999999999873
355 -7.669999999999872
356 -7.569999999999874
357 -7.159999999999882
358 -7.719999999999871
359 -7.679999999999872
360 -7.5999999999998735
361 -7.849999999999868
362 -7.569999999999874
363 -7.539999999999875
364 -7.729999999999871
365 -7.534999999999875
366 -7.589999999999874
367 -7.534999999999874
368 -7.76999999999987
369 -7.584999999999874
370 -7.714999999999871
371 -7.699999999999871
372 -5.1049999999998725
373 -7.674999999999871
374 -7.654999999999872
375 -7.299999999999879
376 -7.574999999999874
377 -7.639999999999873
378 -7.289999999999878
379 -7.75999999999987
380 -7.454999999999877
381 -7.2849999999998785
382 -7.564999999999874
383 -7.75999999999987
384 -7.74499999999987
385 -7.679999999999872
386 -7.7399999999998705
387 -7.679999999999872
388 -7.444999999999876
389 -7.674999999999872
390 -7.77499999999987
391 -7.729999999999871
392 -7.679999999999872
393 -7.644999999999873
394 -7.704999999999871
395 -7.579999999999874
396 -7.569999999999874
397 -7.6949999999998715
398 -5.174999999999872
399 -7.729999999999871
400 -5.049999999999875
401 -7.544999999999875
402 -7.76499999999987
403 -7.614999999999873
404 -7.5149999999998744
405 -7.519999999999874
406 -7.684999999999872
407 -7.74999999999987
408 -7.76999999999987
409 -7.7899999999998695
410 -7.549999999999875
411 -7.549999999999875
412 -7.699999999999871
413 -7.724999999999871
414 -7.574999999999874
415 -7.699999999999871
416 -7.75999999999987
417 -7.6499999999998725
418 -7.679999999999872
419 -7.729999999999871
420 -7.624999999999873
421 -7.659999999999872
422 -7.519999999999875
423 -7.624999999999872
424 -7.78499999999987
425 -7.634999999999872
426 -4.929999999999876
427 -7.604999999999873
428 -7.539999999999875
429 -7.529999999999874
430 -7.5999999999998735
431 -7.529999999999874
432 -7.679999999999872
433 -7.5049999999998755
434 -7.689999999999872
435 -7.604999999999873
436 -7.704999999999871
437 -7.519999999999875
438 -7.299999999999879
439 -7.529999999999875
440 -7.719999999999871
441 -7.489999999999876
442 -7.609999999999872
443 -7.499999999999875
444 -7.729999999999871
445 -7.659999999999872
446 -7.504999999999875
447 -7.609999999999873
448 -7.6499999999998725
449 -7.644999999999872
450 -7.484999999999875
451 -7.609999999999873
452 -7.609999999999873
453 -7.719999999999871
454 -7.519999999999875
455 -6.949999999999884
456 -7.634999999999873
457 -7.724999999999871
458 -5.159999999999872
459 -5.094999999999874
460 -7.504999999999875
461 -7.539999999999875
462 -7.74499999999987
463 -7.639999999999873
464 -7.589999999999874
465 -7.77999999999987
466 -7.644999999999873
467 -5.404999999999867
468 -7.7399999999998705
469 -7.5999999999998735
470 -7.5049999999998755
471 -7.584999999999874
472 -7.149999999999881
473 -7.719999999999871
474 -7.674999999999872
475 -7.829999999999869
476 -7.434999999999876
477 -7.464999999999876
478 -7.219999999999881
479 -7.479999999999876
480 -7.354999999999879
481 -7.559999999999874
482 -7.519999999999875
483 -7.579999999999874
484 -7.679999999999872
485 -7.549999999999875
486 -7.489999999999875
487 -7.714999999999871
488 -7.594999999999874
489 -7.609999999999873
490 -7.669999999999872
491 -7.624999999999873
492 -7.684999999999872
493 -7.74999999999987
494 -7.604999999999873
495 -7.854999999999868
496 -7.664999999999872
497 -7.729999999999871
498 -7.499999999999876
499 -7.609999999999873
500 -7.644999999999873
501 -7.639999999999873
502 -7.534999999999875
503 -7.3749999999998765
504 -7.469999999999876
505 -7.629999999999873
506 -7.669999999999872
507 -7.659999999999872
508 -7.294999999999878
509 -7.494999999999876
510 -7.624999999999873
511 -7.724999999999871
512 -7.604999999999873
513 -7.514999999999875
514 -7.2849999999998785
515 -7.429999999999877
516 -7.619999999999873
517 -7.689999999999872
518 -7.679999999999872
519 -7.6499999999998725
520 -7.584999999999873
521 -7.679999999999872
522 -7.864999999999868
523 -7.329999999999878
524 -7.454999999999876
525 -7.679999999999872
526 -7.5599999999998735
527 -7.629999999999873
528 -7.75999999999987
529 -7.719999999999871
530 -7.76999999999987
531 -7.719999999999871
532 -7.74999999999987
533 -7.74999999999987
534 -7.644999999999873
535 -7.529999999999874
536 -7.569999999999874
537 -7.449999999999877
538 -7.614999999999873
539 -7.679999999999872
540 -7.639999999999873
541 -5.229999999999871
542 -7.439999999999876
543 -7.629999999999873
544 -7.689999999999872
545 -7.5999999999998735
546 -7.634999999999872
547 -7.619999999999873
548 -7.589999999999874
549 -7.659999999999872
550 -7.5049999999998755
551 -7.629999999999872
552 -7.799999999999869
553 -7.6949999999998715
554 -7.734999999999871
555 -7.679999999999872
556 -7.579999999999874
557 -7.454999999999876
558 -7.124999999999881
559 -5.159999999999872
560 -7.129999999999881
561 -7.589999999999873
562 -7.664999999999872
563 -7.509999999999875
564 -7.7899999999998695
565 -7.634999999999873
566 -7.619999999999873
567 -5.219999999999871
568 -7.574999999999874
569 -7.699999999999871
570 -7.7399999999998705
571 -7.549999999999875
572 -7.734999999999871
573 -7.619999999999873
574 -7.609999999999872
575 -4.789999999999878
576 -7.544999999999874
577 -7.539999999999874
578 -7.579999999999874
579 -7.709999999999871
580 -7.604999999999873
581 -7.684999999999872
582 -7.614999999999872
583 -7.719999999999871
584 -7.679999999999872
585 -7.484999999999875
586 -7.479999999999876
587 -7.75499999999987
588 -7.664999999999872
589 -7.659999999999872
590 -7.5999999999998735
591 -7.574999999999873
592 -7.549999999999874
593 -7.729999999999871
594 -7.564999999999873
595 -7.569999999999874
596 -7.124999999999881
597 -7.4199999999998765
598 -7.699999999999871
599 -7.2899999999998775
600 -7.674999999999872
601 -7.679999999999872
602 -4.894999999999877
603 -7.539999999999875
604 -6.869999999999884
605 -7.824999999999869
606 -7.564999999999874
607 -7.6499999999998725
608 -7.74499999999987
609 -7.609999999999873
610 -7.719999999999871
611 -7.404999999999877
612 -7.479999999999875
613 -7.404999999999877
614 -7.574999999999874
615 -7.514999999999875
616 -7.619999999999872
617 -7.704999999999871
618 -6.994999999999883
619 -7.564999999999873
620 -7.594999999999874
621 -7.5149999999998744
622 -7.684999999999872
623 -7.529999999999875
624 -5.074999999999874
625 -7.629999999999873
626 -7.634999999999873
627 -7.474999999999874
628 -7.609999999999873
629 -7.454999999999877
630 -7.669999999999872
631 -7.024999999999883
632 -7.714999999999871
633 -7.524999999999875
634 -4.799999999999879
635 -7.519999999999875
636 -5.0549999999998745
637 -7.669999999999872
638 -7.5549999999998745
639 -7.719999999999871
640 -7.544999999999875
641 -7.704999999999871
642 -5.114999999999873
643 -7.7399999999998705
644 -7.619999999999873
645 -7.244999999999879
646 -7.254999999999879
647 -6.449999999999893
648 -7.574999999999874
649 -7.584999999999874
650 -7.534999999999874
651 -7.15999999999988
652 -6.654999999999888
653 -6.879999999999884
654 -5.109999999999873
655 -6.63499999999989
656 -6.704999999999888
657 -7.579999999999873
658 -7.489999999999876
659 -4.509999999999883
660 -7.7399999999998705
661 -7.719999999999871
662 -7.404999999999876
663 -7.549999999999875
664 -7.524999999999874
665 -7.7399999999998705
666 -7.629999999999873
667 -7.8349999999998685
668 -7.524999999999875
669 -7.74999999999987
670 -7.6499999999998725
671 -7.614999999999873
672 -7.604999999999873
673 -7.564999999999873
674 -7.584999999999874
675 -7.144999999999881
676 -6.949999999999884
677 -7.669999999999872
678 -7.664999999999872
679 -7.599999999999873
680 -7.724999999999871
681 -7.619999999999872
682 -7.659999999999872
683 -7.684999999999872
684 -6.754999999999888
685 -7.559999999999874
686 -7.489999999999876
687 -7.034999999999883
688 -7.314999999999878
689 -7.21499999999988
690 -7.384999999999877
691 -7.089999999999882
692 -7.714999999999871
693 -7.5599999999998735
694 -7.594999999999873
695 -7.639999999999873
696 -6.954999999999884
697 -7.674999999999872
698 -7.614999999999873
699 -7.539999999999875
700 -7.5549999999998745
701 -6.834999999999887
702 -6.544999999999891
703 -7.519999999999875
704 -7.089999999999883
705 -7.589999999999873
706 -7.3749999999998765
707 -7.689999999999872
708 -7.729999999999871
709 -6.929999999999884
710 -6.549999999999891
711 -7.459999999999875
712 -7.729999999999871
713 -7.609999999999872
714 -7.399999999999877
715 -7.26499999999988
716 -7.3749999999998765
717 -7.714999999999871
718 -7.219999999999879
719 -7.669999999999872
720 -7.199999999999879
721 -7.539999999999874
722 -7.654999999999872
723 -4.049999999999891
724 -7.679999999999872
725 -5.034999999999874
726 -7.16999999999988
727 -7.884999999999867
728 -7.684999999999872
729 -7.559999999999874
730 -7.729999999999871
731 -7.204999999999878
732 -2.464999999999875
733 -7.039999999999882
734 -7.249999999999878
735 -7.584999999999874
736 -6.929999999999885
737 -7.584999999999874
738 -7.514999999999875
739 -7.10999999999988
740 -7.574999999999873
741 -6.344999999999894
742 -7.2849999999998785
743 -7.544999999999875
744 -7.364999999999877
745 -6.309999999999895
746 -7.5549999999998745
747 -6.404999999999894
748 -7.334999999999878
749 -7.0599999999998815
750 -6.339999999999894
751 -7.579999999999874
752 -7.599999999999873
753 -6.58999999999989
754 -7.609999999999873
755 -7.0999999999998815
756 -7.644999999999873
757 -7.389999999999877
758 -6.954999999999885
759 -6.659999999999887
760 -7.77999999999987
761 -7.594999999999873
762 -7.4599999999998765
763 -7.004999999999883
764 -7.134999999999882
765 -7.489999999999876
766 -6.244999999999894
767 -7.524999999999875
768 -6.849999999999886
769 -7.4199999999998765
770 -7.119999999999881
771 -7.429999999999876
772 -7.5149999999998744
773 -7.3699999999998775
774 -7.684999999999872
775 -6.414999999999892
776 -7.019999999999883
777 -6.58499999999989
778 -7.529999999999875
779 -7.664999999999871
780 -7.624999999999873
781 -6.409999999999893
782 -6.494999999999891
783 -7.20999999999988
784 -6.344999999999894
785 -6.629999999999889
786 -7.499999999999875
787 -6.724999999999889
788 -7.359999999999877
789 -7.349999999999878
790 -6.664999999999889
791 -6.399999999999893
792 -7.639999999999872
793 -6.8699999999998855
794 -7.6099999999998715
795 -3.874999999999893
796 -7.6049999999998725
797 -7.169999999999879
798 -6.8699999999998855
799 -6.944999999999885
800 -7.504999999999875
801 -6.774999999999887
802 -7.014999999999884
803 -6.849999999999886
804 -7.239999999999879
805 -7.609999999999873
806 -7.009999999999883
807 -6.334999999999893
808 -7.339999999999877
809 -6.084999999999899
810 -7.529999999999874
811 -7.414999999999876
812 -7.2849999999998785
813 -7.499999999999875
814 -7.439999999999876
815 -7.489999999999874
816 -7.024999999999882
817 -6.894999999999884
818 -7.299999999999879
819 -6.694999999999888
820 -6.979999999999883
821 -7.474999999999875
822 -7.399999999999876
823 -7.444999999999875
824 -6.49999999999989
825 -7.5149999999998744
826 -7.454999999999876
827 -7.074999999999882
828 -7.4199999999998765
829 -6.609999999999889
830 -7.049999999999883
831 -6.454999999999893
832 -6.1849999999998975
833 -6.239999999999894
834 -6.669999999999887
835 -7.629999999999872
836 -7.394999999999875
837 -6.5549999999998905
838 -7.549999999999874
839 -7.469999999999875
840 -6.8699999999998855
841 -6.879999999999884
842 -5.859999999999901
843 -7.299999999999879
844 -7.514999999999874
845 -6.944999999999885
846 -6.874999999999886
847 -3.9199999999998933
848 -6.54999999999989
849 -6.454999999999892
850 -7.2799999999998795
851 -5.9049999999999
852 -6.57499999999989
853 -7.269999999999879
854 -6.269999999999893
855 -7.4199999999998765
856 -6.809999999999885
857 -4.359999999999887
858 -6.489999999999891
859 -6.144999999999897
860 -6.249999999999894
861 -6.994999999999884
862 -6.959999999999884
863 -6.749999999999889
864 -6.324999999999893
865 -6.8749999999998845
866 -5.8649999999999025
867 -5.9849999999999
868 -6.989999999999884
869 -7.134999999999881
870 -6.3699999999998935
871 -6.159999999999897
872 -6.144999999999897
873 -5.8099999999999
874 -7.129999999999882
875 -6.224999999999897
876 -7.269999999999878
877 -3.4049999999999017
878 -7.114999999999881
879 -5.9399999999999
880 -6.554999999999889
881 -6.389999999999893
882 -7.0999999999998815
883 -5.8999999999999
884 -6.699999999999888
885 -6.884999999999884
886 -5.8049999999999
887 -6.639999999999889
888 -6.414999999999893
889 -6.119999999999896
890 -5.569999999999907
891 -6.239999999999894
892 -6.799999999999887
893 -6.639999999999889
894 -6.949999999999884
895 -6.604999999999891
896 -5.749999999999901
897 -5.829999999999901
898 -5.6049999999999045
899 -6.6899999999998885
900 -5.524999999999905
901 -6.244999999999894
902 -6.779999999999887
903 -5.8699999999999
904 -6.264999999999895
905 -5.569999999999905
906 -6.054999999999899
907 -5.484999999999906
908 -5.9099999999999016
909 -6.819999999999886
910 -2.744999999999912
911 -3.6649999999998957
912 -5.454999999999907
913 -5.709999999999904
914 -6.419999999999892
915 -5.7899999999999014
916 -5.504999999999906
917 -6.134999999999897
918 -6.149999999999896
919 -6.509999999999891
920 -5.844999999999899
921 -5.9299999999999
922 -5.304999999999911
923 -3.389999999999901
924 -3.0499999999999057
925 -5.634999999999905
926 -6.47499999999989
927 -6.224999999999895
928 -6.439999999999892
929 -5.424999999999908
930 -6.044999999999898
931 -5.5099999999999065
932 -5.679999999999903
933 -5.809999999999903
934 -5.1899999999999125
935 -5.9249999999999
936 -2.9799999999999063
937 -5.7399999999999025
938 -5.234999999999911
939 -5.559999999999906
940 -5.41499999999991
941 -5.689999999999904
942 -5.399999999999907
943 -5.509999999999906
944 -5.534999999999905
945 -5.424999999999907
946 -5.469999999999906
947 -5.2449999999999095
948 -5.699999999999903
949 -5.154999999999911
950 -5.22499999999991
951 -5.1099999999999115
952 -5.229999999999909
953 -5.3399999999999075
954 -5.254999999999911
955 -5.3699999999999095
956 -5.124999999999914
957 -5.354999999999909
958 -5.239999999999909
959 -5.189999999999912
960 -5.0999999999999135
961 -5.18999999999991
962 -2.4849999999999137
963 -5.0599999999999135
964 -5.154999999999911
965 -5.069999999999913
966 -5.11999999999991
967 -5.1099999999999115
968 -5.044999999999913
969 -5.134999999999911
970 -5.064999999999912
971 -5.029999999999911
972 -4.8299999999999175
973 -4.61999999999992
974 -4.944999999999917
975 -5.18499999999991
976 -5.064999999999911
977 -2.5499999999999092
978 -5.0699999999999115
979 -4.964999999999912
980 -4.769999999999915
981 -4.62999999999992
982 -4.869999999999917
983 -4.65499999999992
984 -4.629999999999918
985 -5.129999999999912
986 -4.704999999999916
987 -4.919999999999913
988 -4.5649999999999205
989 -4.884999999999912
990 -4.234999999999924
991 -4.269999999999923
992 -4.609999999999917
993 -4.53499999999992
994 -4.764999999999916
995 -5.004999999999912
996 -4.794999999999915
997 -4.384999999999919
998 -4.269999999999922
999 -2.509999999999913
1000 -4.714999999999918
1001 -4.429999999999918
1002 -4.064999999999923
1003 -4.924999999999914
1004 -4.414999999999919
1005 -1.7249999999999195
1006 -4.409999999999921
1007 -4.594999999999919
1008 -4.569999999999918
1009 -4.819999999999915
1010 -4.809999999999915
1011 -4.684999999999917
1012 -4.124999999999923
1013 -4.694999999999918
1014 -4.104999999999925
1015 -4.7399999999999185
1016 -4.4599999999999165
1017 -4.469999999999919
1018 -3.999999999999925
1019 -4.859999999999912
1020 -3.744999999999927
1021 -4.854999999999915
1022 -4.5999999999999215
1023 -4.284999999999922
1024 -4.424999999999922
1025 -4.089999999999925
1026 -3.734999999999929
1027 -3.699999999999929
1028 -3.8849999999999265
1029 -3.8999999999999275
1030 -4.734999999999917
1031 -4.704999999999916
1032 -3.689999999999929
1033 -3.5249999999999284
1034 -3.919999999999924
1035 -3.8799999999999275
1036 -4.839999999999915
1037 -3.739999999999927
1038 -4.624999999999917
1039 -4.009999999999926
1040 -4.504999999999916
1041 -3.6699999999999275
1042 -1.7199999999999214
1043 -4.584999999999917
1044 -3.4999999999999303
1045 -4.729999999999916
1046 -3.4199999999999324
1047 -3.8999999999999257
1048 -3.504999999999931
1049 -4.049999999999925
1050 -4.214999999999925
1051 -4.299999999999922
1052 -4.494999999999921
1053 -1.3749999999999194
1054 -3.3449999999999322
1055 -4.369999999999922
1056 -4.754999999999915
1057 -4.1249999999999245
1058 -1.644999999999921
1059 -3.2399999999999327
1060 -3.47499999999993
1061 -3.474999999999928
1062 -4.6799999999999145
1063 -4.0099999999999225
1064 -3.6999999999999282
1065 -3.429999999999929
1066 -3.819999999999927
1067 -4.259999999999924
1068 -3.50999999999993
1069 -3.919999999999925
1070 -3.1349999999999354
1071 -3.7899999999999268
1072 -3.314999999999931
1073 -3.309999999999932
1074 -3.304999999999932
1075 -4.654999999999916
1076 -4.104999999999924
1077 -3.8199999999999257
1078 -4.469999999999921
1079 -3.5249999999999293
1080 -4.109999999999924
1081 -3.6249999999999276
1082 -4.279999999999921
1083 -3.849999999999927
1084 -3.3899999999999317
1085 -3.4099999999999318
1086 -3.1399999999999326
1087 -3.37999999999993
1088 -4.4449999999999195
1089 -3.984999999999925
1090 -3.2749999999999346
1091 -4.139999999999925
1092 -3.7649999999999273
1093 -3.5199999999999303
1094 -3.1249999999999334
1095 -4.379999999999923
1096 -3.264999999999933
1097 -4.024999999999924
1098 -4.54999999999992
1099 -4.284999999999923
1100 -4.3499999999999215
1101 -2.079999999999918
1102 -3.1449999999999316
1103 -4.389999999999921
1104 -1.214999999999922
1105 -3.224999999999931
1106 -4.249999999999922
1107 -3.859999999999929
1108 -4.379999999999922
1109 -4.179999999999922
1110 -4.51499999999992
1111 -3.689999999999928
1112 -4.269999999999921
1113 -3.179999999999933
1114 -3.6449999999999276
1115 -3.1899999999999307
1116 -4.069999999999925
1117 -3.8199999999999266
1118 -3.299999999999932
1119 -4.569999999999919
1120 -3.369999999999928
1121 -3.384999999999932
1122 -4.344999999999918
1123 -3.719999999999928
1124 -3.9649999999999253
1125 -4.434999999999918
1126 -3.51499999999993
1127 -3.7249999999999286
1128 -3.6499999999999297
1129 -4.069999999999926
1130 -3.334999999999933
1131 -3.2849999999999295
1132 -4.669999999999917
1133 -3.0799999999999326
1134 -3.9049999999999274
1135 -3.5099999999999287
1136 -3.934999999999926
1137 -3.609999999999929
1138 -2.9099999999999344
1139 -4.349999999999921
1140 -3.3799999999999306
1141 -3.2999999999999314
1142 -3.3199999999999297
1143 -4.004999999999924
1144 -3.199999999999932
1145 -3.9749999999999264
1146 -2.959999999999933
1147 -3.3799999999999297
1148 -2.8849999999999354
1149 -3.134999999999931
1150 -4.294999999999923
1151 -2.844999999999935
1152 -3.43499999999993
1153 -3.2899999999999303
1154 -3.6549999999999296
1155 -3.019999999999934
1156 -4.3049999999999224
1157 -3.759999999999928
1158 -3.8499999999999264
1159 -4.269999999999921
1160 -4.109999999999924
1161 -3.0299999999999336
1162 -3.5849999999999267
1163 -4.284999999999923
1164 -4.309999999999922
1165 -3.36499999999993
1166 -3.064999999999933
1167 -3.844999999999926
1168 -3.1249999999999325
1169 -4.424999999999922
1170 -3.2449999999999326
1171 -3.9199999999999253
1172 -2.9449999999999337
1173 -4.40999999999992
1174 -4.024999999999922
1175 -3.594999999999929
1176 -4.084999999999924
1177 -4.4399999999999205
1178 -3.999999999999925
1179 -2.9399999999999333
1180 -3.1349999999999314
1181 -4.324999999999919
1182 -0.8399999999999224
1183 -3.47499999999993
1184 -2.9649999999999337
1185 -4.2999999999999226
1186 -2.8599999999999333
1187 -3.5949999999999296
1188 -2.949999999999936
1189 -3.0199999999999343
1190 -2.9349999999999334
1191 -2.889999999999936
1192 -4.284999999999923
1193 -2.934999999999934
1194 -4.409999999999921
1195 -2.8499999999999344
1196 -3.0099999999999354
1197 -3.6799999999999287
1198 -3.7499999999999254
1199 -3.3499999999999295
1200 -2.799999999999935
1201 -2.819999999999935
1202 -4.549999999999919
1203 -4.169999999999923
1204 -4.46499999999992
1205 -4.0849999999999245
1206 -3.3399999999999315
1207 -4.474999999999921
1208 -3.634999999999928
1209 -3.124999999999932
1210 -3.694999999999928
1211 -3.099999999999933
1212 -2.9699999999999305
1213 -4.019999999999926
1214 -3.4399999999999276
1215 -3.1099999999999324
1216 -3.224999999999932
1217 -2.8249999999999353
1218 -2.974999999999934
1219 -3.164999999999931
1220 -4.054999999999926
1221 -2.989999999999934
1222 -3.6099999999999266
1223 -2.9899999999999345
1224 -4.334999999999922
1225 -3.074999999999934
1226 -4.42499999999992
1227 -0.6899999999999205
1228 -0.7149999999999209
1229 -2.779999999999934
1230 -4.519999999999918
1231 -2.8249999999999353
1232 -3.59999999999993
1233 -3.9149999999999276
1234 -2.824999999999936
1235 -4.219999999999923
1236 -3.3049999999999318
1237 -2.9099999999999353
1238 -4.104999999999926
1239 -3.1749999999999305
1240 -4.089999999999924
1241 -4.219999999999924
1242 -3.6599999999999278
1243 -3.4599999999999302
1244 -3.4399999999999293
1245 -3.7799999999999265
1246 -1.3449999999999211
1247 -2.9649999999999337
1248 -4.309999999999922
1249 -3.799999999999927
1250 -4.074999999999924
1251 -3.3999999999999297
1252 -3.249999999999932
1253 -3.41499999999993
1254 -2.9999999999999334
1255 -4.034999999999925
1256 -3.4499999999999282
1257 -2.969999999999935
1258 -3.339999999999932
1259 -3.304999999999931
1260 -3.249999999999933
1261 -3.7049999999999295
1262 -3.4299999999999278
1263 -3.46499999999993
1264 -3.199999999999931
1265 -3.194999999999931
1266 -3.699999999999928
1267 -3.014999999999934
1268 -2.8199999999999354
1269 -4.514999999999919
1270 -2.739999999999935
1271 -3.5099999999999296
1272 -2.7449999999999353
1273 -4.389999999999922
1274 -4.289999999999921
1275 -2.944999999999934
1276 -3.7999999999999257
1277 -4.47499999999992
1278 -2.9899999999999314
1279 -3.444999999999932
1280 -3.6049999999999294
1281 -4.094999999999923
1282 -3.1149999999999323
1283 -3.2849999999999318
1284 -3.034999999999933
1285 -2.7149999999999364
1286 -3.0199999999999325
1287 -3.3199999999999292
1288 -2.7999999999999363
1289 -3.1949999999999323
1290 -2.954999999999935
1291 -3.639999999999927
1292 -3.23499999999993
1293 -2.684999999999936
1294 -2.764999999999935
1295 -1.9199999999999189
1296 -3.199999999999932
1297 -2.759999999999935
1298 -2.7849999999999344
1299 -3.174999999999934
1300 -4.099999999999924
1301 -3.3749999999999316
1302 -3.6049999999999294
1303 -4.014999999999925
1304 -3.3999999999999306
1305 -3.5099999999999296
1306 -3.29999999999993
1307 -0.8749999999999206
1308 -3.484999999999928
1309 -3.474999999999931
1310 -3.9899999999999256
1311 -3.0399999999999343
1312 -3.2349999999999333
1313 -3.0099999999999323
1314 -3.494999999999931
1315 -3.5849999999999267
1316 -4.249999999999922
1317 -3.8299999999999255
1318 -4.319999999999925
1319 -3.6249999999999276
1320 -2.8549999999999347
1321 -2.6799999999999367
1322 -4.3099999999999214
1323 -3.2949999999999298
1324 -3.0649999999999347
1325 -4.089999999999923
1326 -2.809999999999935
1327 -3.2549999999999337
1328 -3.54999999999993
1329 -3.124999999999933
1330 -2.884999999999935
1331 -2.824999999999934
1332 -2.714999999999937
1333 -3.7949999999999258
1334 -2.669999999999936
1335 -2.879999999999936
1336 -3.139999999999933
1337 -4.014999999999924
1338 -1.2699999999999212
1339 -3.649999999999928
1340 -3.014999999999932
1341 -2.7499999999999343
1342 -3.534999999999931
1343 -3.4299999999999295
1344 -3.40999999999993
1345 -3.5449999999999298
1346 -0.6299999999999208
1347 -3.7199999999999287
1348 -2.7749999999999355
1349 -3.139999999999932
1350 -2.7149999999999355
1351 -2.9699999999999322
1352 -3.4249999999999283
1353 -2.6649999999999356
1354 -3.084999999999932
1355 -0.3749999999999187
1356 2.3050000000001107
1357 -0.4349999999999184
1358 -2.879999999999936
1359 -3.119999999999933
1360 -3.3999999999999315
1361 -2.7599999999999354
1362 -0.36499999999991867
1363 -2.774999999999934
1364 -4.364999999999919
1365 -3.9699999999999265
1366 -2.8399999999999346
1367 -3.6699999999999267
1368 -2.984999999999935
1369 -2.9349999999999326
1370 -2.879999999999933
1371 -3.1649999999999316
1372 -0.5299999999999192
1373 -2.749999999999936
1374 -3.724999999999927
1375 -1.5599999999999201
1376 -0.18499999999991698
1377 -2.734999999999935
1378 -2.9499999999999336
1379 -3.6149999999999274
1380 -3.434999999999928
1381 -2.7649999999999353
1382 -2.879999999999935
1383 -2.7899999999999383
1384 -2.799999999999935
1385 -2.7299999999999356
1386 -2.944999999999933
1387 -3.3749999999999294
1388 -2.849999999999933
1389 -0.5549999999999203
1390 -2.754999999999935
1391 -2.714999999999937
1392 -2.804999999999934
1393 -3.0649999999999347
1394 -3.759999999999926
1395 -4.3899999999999215
1396 -3.58499999999993
1397 -3.4449999999999315
1398 -2.8199999999999346
1399 -3.0949999999999354
1400 -2.629999999999937
1401 -2.9799999999999343
1402 -2.959999999999935
1403 -4.044999999999924
1404 -2.7399999999999354
1405 -3.404999999999931
1406 -3.029999999999934
1407 -2.754999999999936
1408 -2.694999999999935
1409 -2.644999999999937
1410 -2.8099999999999357
1411 -2.699999999999934
1412 -2.6799999999999344
1413 -3.7799999999999283
1414 -4.1299999999999235
1415 -2.6399999999999366
1416 -2.8699999999999357
1417 -3.4199999999999307
1418 -2.649999999999936
1419 -2.729999999999936
1420 -2.7649999999999353
1421 -2.649999999999936
1422 -2.844999999999935
1423 -2.669999999999935
1424 -3.2149999999999324
1425 -3.839999999999926
1426 -2.6699999999999355
1427 -2.614999999999938
1428 -2.849999999999935
1429 -3.9749999999999255
1430 -2.9599999999999334
1431 -2.7049999999999352
1432 -2.869999999999934
1433 -2.819999999999934
1434 -3.6199999999999286
1435 -3.404999999999928
1436 -2.694999999999936
1437 -2.784999999999934
1438 -3.5599999999999308
1439 -2.7599999999999363
1440 -3.009999999999933
1441 -2.624999999999936
1442 -2.7499999999999334
1443 -2.944999999999933
1444 -2.999999999999934
1445 -2.734999999999935
1446 -2.8399999999999346
1447 -3.859999999999927
1448 -2.874999999999934
1449 -2.8449999999999327
1450 -0.7899999999999214
1451 -3.5199999999999316
1452 -3.089999999999933
1453 -2.9599999999999325
1454 -4.224999999999924
1455 -3.574999999999929
1456 -2.6849999999999365
1457 -4.209999999999922
1458 -3.244999999999932
1459 -3.074999999999934
1460 -2.7099999999999347
1461 -2.6749999999999354
1462 -3.124999999999931
1463 -2.714999999999935
1464 -2.6149999999999367
1465 -2.704999999999937
1466 -2.7249999999999344
1467 -2.904999999999933
1468 -2.7299999999999347
1469 -2.8349999999999347
1470 -3.094999999999932
1471 -2.784999999999933
1472 -3.0699999999999332
1473 -3.1299999999999324
1474 -3.6299999999999284
1475 -3.7049999999999255
1476 -3.079999999999935
1477 -3.1649999999999308
1478 -3.424999999999929
1479 -2.864999999999934
1480 -2.6099999999999364
1481 -3.404999999999932
1482 -2.749999999999933
1483 -2.6749999999999354
1484 -2.9699999999999327
1485 -3.8099999999999286
1486 -3.8699999999999255
1487 -2.5699999999999372
1488 -3.109999999999935
1489 -2.7549999999999346
1490 -3.124999999999932
1491 -1.1549999999999216
1492 -3.819999999999927
1493 -2.9649999999999337
1494 -3.7449999999999277
1495 -2.6649999999999356
1496 -3.3199999999999323
1497 -2.9549999999999335
1498 -4.214999999999923
1499 -3.629999999999927
1500 -4.009999999999925
1501 -3.6649999999999308
1502 -2.6999999999999345
1503 -2.684999999999936
1504 -2.7499999999999347
1505 -3.139999999999932
1506 -2.6849999999999348
1507 -0.1799999999999164
1508 -2.9699999999999336
1509 -3.8299999999999264
1510 -2.719999999999935
1511 -3.074999999999933
1512 -2.7549999999999346
1513 -2.849999999999933
1514 -2.7049999999999343
1515 -0.7699999999999201
1516 -3.6249999999999276
1517 -3.0349999999999344
1518 -2.7849999999999357
1519 -3.9249999999999274
1520 -3.184999999999933
1521 -2.589999999999937
1522 -3.604999999999928
1523 -2.8699999999999353
1524 -2.9499999999999327
1525 -2.799999999999936
1526 -3.6599999999999295
1527 -2.964999999999935
1528 -2.789999999999935
1529 -2.6349999999999367
1530 -2.5699999999999363
1531 -2.849999999999933
1532 -3.3599999999999306
1533 -2.779999999999936
1534 -2.629999999999937
1535 -2.754999999999935
1536 -3.839999999999926
1537 -2.684999999999936
1538 -3.7599999999999274
1539 -3.7849999999999264
1540 -2.9449999999999323
1541 -2.9099999999999335
1542 -3.6349999999999305
1543 -3.949999999999927
1544 -2.7049999999999352
1545 -4.154999999999924
1546 -3.589999999999929
1547 -2.724999999999937
1548 -3.7899999999999276
1549 -2.7049999999999357
1550 -2.664999999999935
1551 -2.7249999999999357
1552 -3.2149999999999306
1553 -0.20999999999991723
1554 -4.199999999999924
1555 -2.6899999999999378
1556 -3.0099999999999345
1557 -4.244999999999922
1558 -0.6399999999999212
1559 -2.7649999999999357
1560 -3.4049999999999296
1561 -2.6649999999999348
1562 -4.149999999999924
1563 -2.7749999999999355
1564 -2.994999999999933
1565 -2.6399999999999353
1566 -2.714999999999934
1567 -3.0099999999999336
1568 -3.33999999999993
1569 -3.304999999999928
1570 -2.7299999999999356
1571 -4.289999999999922
1572 -3.7749999999999284
1573 -3.2149999999999332
1574 -2.654999999999936
1575 -3.0449999999999333
1576 -2.9649999999999332
1577 -2.7249999999999353
1578 -2.7099999999999365
1579 -3.2699999999999325
1580 -3.6399999999999286
1581 -3.3249999999999313
1582 -2.7899999999999348
1583 -2.624999999999936
1584 -3.49499999999993
1585 -0.4499999999999187
1586 -2.644999999999936
1587 -3.4899999999999305
1588 -2.6199999999999357
1589 -2.7899999999999348
1590 -2.6999999999999345
1591 -2.6849999999999348
1592 -3.304999999999931
1593 -0.24999999999991657
1594 -3.1699999999999315
1595 -3.734999999999928
1596 -3.164999999999933
1597 -2.7299999999999365
1598 -2.6799999999999344
1599 -3.714999999999928
1600 -2.644999999999936
1601 -2.664999999999935
1602 -2.609999999999936
1603 -2.9749999999999344
1604 -2.8599999999999346
1605 -2.8449999999999354
1606 -2.724999999999935
1607 -0.09999999999991557
1608 -2.634999999999936
1609 -2.7099999999999347
1610 -2.634999999999935
1611 -2.664999999999935
1612 -2.7799999999999345
1613 -2.6299999999999355
1614 -3.1949999999999306
1615 -2.6049999999999356
1616 -2.8049999999999344
1617 -2.6599999999999357
1618 -3.5649999999999267
1619 -2.779999999999935
1620 -3.5199999999999307
1621 -2.594999999999936
1622 -2.7199999999999345
1623 -3.169999999999933
1624 -2.6199999999999357
1625 -2.7599999999999345
1626 -2.664999999999936
1627 -3.2949999999999298
1628 -4.019999999999925
1629 -2.689999999999937
1630 -3.1749999999999323
1631 -2.879999999999932
1632 -2.6999999999999345
1633 -2.7149999999999346
1634 -3.229999999999933
1635 -3.2149999999999297
1636 -3.3649999999999296
1637 -2.864999999999936
1638 -3.024999999999933
1639 -2.6299999999999364
1640 -3.374999999999931
1641 -2.7999999999999337
1642 -2.6799999999999353
1643 -3.429999999999929
1644 -3.359999999999932
1645 -2.629999999999936
1646 -3.299999999999931
1647 -2.664999999999936
1648 -3.069999999999933
1649 -3.839999999999928
1650 -2.624999999999935
1651 -3.539999999999928
1652 -3.979999999999925
1653 -2.709999999999935
1654 -2.6349999999999363
1655 -2.7699999999999356
1656 -2.664999999999935
1657 -4.169999999999922
1658 -2.8249999999999367
1659 -2.739999999999933
1660 -3.3299999999999312
1661 -2.8899999999999344
1662 -3.2049999999999343
1663 -3.044999999999935
1664 -3.5499999999999274
1665 -1.2849999999999213
1666 -2.659999999999936
1667 -3.819999999999927
1668 -2.7349999999999355
1669 -2.6299999999999355
1670 -3.24999999999993
1671 -2.7199999999999336
1672 -2.809999999999933
1673 -3.1749999999999328
1674 -2.649999999999935
1675 -2.669999999999936
1676 -2.6549999999999363
1677 -2.7549999999999337
1678 -2.6599999999999357
1679 -0.8649999999999215
1680 -0.3749999999999171
1681 -2.6449999999999365
1682 -3.1299999999999315
1683 -2.799999999999935
1684 -2.7149999999999337
1685 -2.724999999999934
1686 -2.674999999999935
1687 -2.799999999999935
1688 -3.734999999999926
1689 -3.1099999999999337
1690 -2.6499999999999346
1691 -2.6849999999999343
1692 -3.5599999999999294
1693 -2.7149999999999346
1694 -2.809999999999935
1695 -3.8849999999999265
1696 -3.4949999999999295
1697 -2.6899999999999364
1698 -2.674999999999935
1699 -2.6249999999999356
1700 -2.8899999999999335
1701 -3.6899999999999245
1702 -3.5699999999999292
1703 -2.779999999999935
1704 -2.6399999999999353
1705 -0.23999999999991836
1706 -2.8899999999999326
1707 -2.839999999999935
1708 -2.9699999999999345
1709 -2.864999999999935
1710 -3.3249999999999327
1711 -2.949999999999934
1712 -3.4049999999999336
1713 -2.809999999999937
1714 -3.8949999999999276
1715 -2.7699999999999356
1716 -2.6099999999999355
1717 -2.859999999999934
1718 -3.1199999999999317
1719 -3.499999999999928
1720 -2.8549999999999347
1721 -2.9099999999999335
1722 -2.694999999999934
1723 -2.8899999999999344
1724 -3.459999999999929
1725 -2.7699999999999343
1726 -2.9049999999999314
1727 -2.689999999999934
1728 -2.859999999999934
1729 -3.969999999999925
1730 -2.5899999999999364
1731 -1.2099999999999214
1732 -3.124999999999934
1733 -3.35499999999993
1734 -3.7349999999999293
1735 -3.099999999999933
1736 -3.3199999999999323
1737 -3.0199999999999343
1738 -2.9299999999999344
1739 -3.2699999999999316
1740 -2.759999999999935
1741 -2.749999999999935
1742 -3.5399999999999316
1743 -3.629999999999928
1744 -2.6649999999999348
1745 -3.0649999999999324
1746 -3.5099999999999296
1747 -2.7499999999999356
1748 -2.759999999999934
1749 -2.7999999999999345
1750 -2.949999999999934
1751 -2.7299999999999334
1752 -3.0549999999999335
1753 -3.504999999999929
1754 -0.4599999999999194
1755 -2.7549999999999346
1756 -0.1899999999999172
1757 -2.594999999999936
1758 -4.009999999999926
1759 -2.804999999999934
1760 -3.0349999999999326
1761 -2.804999999999935
1762 -2.584999999999936
1763 -3.259999999999932
1764 -3.0499999999999323
1765 -2.644999999999935
1766 -3.3249999999999313
1767 -2.7049999999999357
1768 -2.6999999999999336
1769 -3.0699999999999323
1770 -3.704999999999927
1771 -2.7099999999999342
1772 -2.7099999999999356
1773 -3.194999999999933
1774 -3.0649999999999324
1775 -4.049999999999924
1776 -3.0299999999999336
1777 -2.549999999999937
1778 -2.759999999999936
1779 -3.954999999999925
1780 -3.4299999999999318
1781 -2.6549999999999354
1782 -2.6049999999999356
1783 -3.4049999999999327
1784 -2.7549999999999346
1785 -3.5299999999999296
1786 -3.5699999999999306
1787 -2.6399999999999357
1788 -2.584999999999937
1789 -2.649999999999935
1790 -2.8349999999999342
1791 -2.5799999999999366
1792 -3.514999999999929
1793 -2.694999999999935
1794 -3.1449999999999334
1795 -2.6449999999999356
1796 -3.5049999999999293
1797 -0.9549999999999222
1798 -3.2599999999999327
1799 -2.9649999999999346
1800 -2.6449999999999347
1801 -3.639999999999927
1802 -3.314999999999932
1803 -2.619999999999936
1804 -2.5949999999999362
1805 -3.054999999999933
1806 -3.27999999999993
1807 -2.6749999999999345
1808 -2.619999999999936
1809 -2.5949999999999362
1810 -2.754999999999936
1811 -3.3199999999999332
1812 -3.864999999999928
1813 -2.964999999999935
1814 -2.6899999999999356
1815 -2.699999999999935
1816 -2.6199999999999366
1817 -2.739999999999935
1818 -2.784999999999934
1819 -3.4499999999999273
1820 -2.9749999999999326
1821 -2.5999999999999357
1822 -3.614999999999928
1823 -2.6249999999999356
1824 -2.8199999999999337
1825 -2.689999999999935
1826 -1.2149999999999221
1827 -3.3499999999999317
1828 -2.624999999999936
1829 -2.6449999999999356
1830 -3.3299999999999317
1831 -2.864999999999934
1832 -3.0749999999999336
1833 -3.35999999999993
1834 -2.859999999999933
1835 -3.829999999999925
1836 -2.954999999999934
1837 -0.869999999999922
1838 -3.354999999999932
1839 -2.779999999999934
1840 -2.6249999999999374
1841 -2.719999999999934
1842 -2.6499999999999355
1843 -3.0749999999999345
1844 -2.609999999999936
1845 -3.1599999999999313
1846 -2.739999999999936
1847 -2.594999999999936
1848 -2.604999999999936
1849 -3.0099999999999345
1850 -3.1849999999999334
1851 -2.6349999999999354
1852 -2.6399999999999353
1853 -2.7799999999999363
1854 -2.834999999999933
1855 -2.804999999999935
1856 -3.779999999999928
1857 -2.614999999999936
1858 -2.609999999999936
1859 -2.8549999999999374
1860 -3.0199999999999356
1861 -2.749999999999935
1862 -2.7999999999999354
1863 -2.839999999999934
1864 -3.9049999999999248
1865 -2.7349999999999346
1866 -2.7499999999999343
1867 -3.0649999999999316
1868 -2.6099999999999364
1869 -2.6149999999999363
1870 -0.24499999999991615
1871 -2.709999999999934
1872 -3.244999999999932
1873 -3.3849999999999305
1874 -3.4599999999999294
1875 -2.694999999999934
1876 -3.1549999999999336
1877 -2.574999999999937
1878 -2.6399999999999357
1879 -2.8249999999999345
1880 -0.2149999999999159
1881 -2.639999999999935
1882 -2.899999999999934
1883 -2.689999999999934
1884 -2.7649999999999366
1885 -3.4749999999999317
1886 -2.5399999999999374
1887 -2.634999999999936
1888 -3.1699999999999324
1889 -3.28999999999993
1890 -2.629999999999936
1891 -0.36499999999991845
1892 -2.6499999999999355
1893 -3.2449999999999317
1894 -2.5999999999999366
1895 -3.5449999999999284
1896 -3.389999999999931
1897 -1.0349999999999224
1898 -2.5649999999999364
1899 -3.1049999999999316
1900 -2.754999999999935
1901 -2.7849999999999353
1902 -2.5949999999999362
1903 -2.5999999999999357
1904 -2.8849999999999336
1905 -3.9749999999999237
1906 -2.8999999999999346
1907 -3.7649999999999277
1908 -2.7299999999999347
1909 -3.1899999999999307
1910 -3.2649999999999313
1911 -2.819999999999936
1912 -2.8549999999999343
1913 -2.624999999999935
1914 -3.1199999999999317
1915 -2.8549999999999347
1916 -2.564999999999937
1917 -2.7749999999999346
1918 -2.679999999999934
1919 -3.1349999999999327
1920 -2.679999999999936
1921 -2.5749999999999362
1922 -2.8299999999999343
1923 -2.809999999999934
1924 -2.584999999999936
1925 -2.919999999999935
1926 -2.7899999999999356
1927 -2.644999999999935
1928 -2.649999999999936
1929 -3.179999999999932
1930 -0.26999999999991703
1931 -2.819999999999935
1932 -3.5949999999999283
1933 -3.4449999999999283
1934 -2.7149999999999346
1935 -3.1549999999999323
1936 -2.7749999999999346
1937 -3.9249999999999248
1938 -2.9349999999999357
1939 -3.1749999999999305
1940 -2.8649999999999336
1941 -2.6249999999999365
1942 -2.8099999999999348
1943 -2.534999999999937
1944 -2.824999999999935
1945 -3.1899999999999307
1946 -2.9949999999999313
1947 -2.8049999999999335
1948 -2.8399999999999346
1949 -0.9349999999999229
1950 -2.904999999999936
1951 -2.899999999999933
1952 -2.7949999999999338
1953 -2.709999999999934
1954 -2.5649999999999364
1955 -2.6399999999999353
1956 -2.6049999999999365
1957 -2.949999999999933
1958 -3.504999999999929
1959 -3.059999999999934
1960 -2.8099999999999343
1961 -3.579999999999929
1962 -2.594999999999936
1963 -2.879999999999932
1964 -2.654999999999936
1965 -2.654999999999935
1966 -2.5949999999999367
1967 -3.629999999999931
1968 -4.094999999999924
1969 -2.6999999999999345
1970 -2.659999999999935
1971 -2.7249999999999344
1972 -4.069999999999925
1973 -2.6449999999999347
1974 -2.584999999999936
1975 -2.6199999999999353
1976 -2.6549999999999345
1977 -2.589999999999936
1978 -0.08999999999991579
1979 -2.924999999999934
1980 -2.764999999999935
1981 -2.7399999999999354
1982 -2.854999999999936
1983 -2.5449999999999378
1984 -2.7149999999999346
1985 -3.8799999999999257
1986 -2.644999999999935
1987 -3.1099999999999315
1988 -2.604999999999936
1989 -2.7149999999999337
1990 -2.5449999999999373
1991 -2.9199999999999346
1992 -3.6749999999999274
1993 -3.7949999999999284
1994 -2.6049999999999365
1995 -2.979999999999933
1996 -3.1699999999999315
1997 -2.6149999999999354
1998 -2.7249999999999353
1999 -2.7249999999999357
5051.04155755043
