0 -7.50
1 -7.62
2 -8.69
3 -7.72
4 -7.55
5 -8.62
6 -8.32
7 -5.13
8 -7.75
9 -7.69
10 -8.00
11 -7.76
12 -7.81
13 -7.81
14 -7.71
15 -7.94
16 -7.75
17 -7.72
18 -7.81
19 -5.26
20 -7.66
21 -7.76
22 -7.63
23 -7.66
24 -8.37
25 -8.10
26 -7.70
27 -7.68
28 -7.64
29 -7.57
30 -7.66
31 -5.62
32 -7.48
33 -8.10
34 -7.67
35 -7.81
36 -7.71
37 -8.22
38 -7.73
39 -8.11
40 -7.62
41 -5.15
42 -7.55
43 -7.70
44 -7.65
45 -7.72
46 -7.76
47 -7.68
48 -8.08
49 -8.18
50 -7.72
51 -7.66
52 -13.90
53 -7.54
54 -7.87
55 -7.66
56 -7.73
57 -5.33
58 -7.59
59 -7.33
60 -7.75
61 -7.62
62 -7.67
63 -8.15
64 -8.13
65 -7.71
66 -8.31
67 -8.07
68 -7.75
69 -7.65
70 -7.62
71 -7.75
72 -8.03
73 -7.64
74 -7.73
75 -8.30
76 -5.29
77 -7.77
78 -7.74
79 -7.72
80 -7.64
81 -7.72
82 -7.71
83 -7.92
84 -7.69
85 -8.17
86 -7.77
87 -7.79
88 -7.99
89 -7.74
90 -7.79
91 -5.19
92 -8.28
93 -7.66
94 -7.69
95 -7.76
96 -7.68
97 -7.78
98 -7.78
99 -7.65
100 -7.68
101 -7.78
102 -7.78
103 -7.62
104 -7.78
105 -7.71
106 -7.65
107 -6.21
108 -7.65
109 -8.14
110 -7.74
111 -7.68
112 -8.13
113 -7.62
114 -5.11
115 -7.53
116 -7.63
117 -8.49
118 -7.45
119 -7.50
120 -7.69
121 -7.74
122 -8.34
123 -7.72
124 -6.20
125 -7.51
126 -7.71
127 -5.80
128 -7.72
129 -5.11
130 -7.67
131 -7.63
132 -7.63
133 -7.65
134 -7.68
135 -7.62
136 -7.78
137 -7.54
138 -7.77
139 -8.47
140 -7.64
141 -8.00
142 -7.79
143 -7.88
144 -7.66
145 -9.00
146 -5.30
147 -7.68
148 -5.11
149 -7.64
150 -7.69
151 -7.65
152 -7.62
153 -7.56
154 -7.75
155 -7.72
156 -7.64
157 -7.61
158 -7.81
159 -7.81
160 -8.32
161 -7.78
162 -7.69
163 -7.50
164 -8.31
165 -7.97
166 -7.79
167 -7.55
168 -7.72
169 -7.57
170 -8.11
171 -8.44
172 -7.54
173 -5.13
174 -8.34
175 -4.98
176 -7.50
177 -7.65
178 -7.61
179 -7.57
180 -7.57
181 -7.57
182 -7.70
183 -7.70
184 -8.44
185 -7.71
186 -7.89
187 -7.70
188 -7.74
189 -7.70
190 -7.78
191 -7.85
192 -8.73
193 -7.47
194 -7.46
195 -8.55
196 -7.73
197 -7.72
198 -7.72
199 -5.25
200 -8.05
201 -7.56
202 -7.73
203 -7.65
204 -8.15
205 -7.56
206 -7.65
207 -8.34
208 -7.65
209 -7.77
210 -7.76
211 -7.62
212 -8.03
213 -7.63
214 -7.70
215 -7.46
216 -7.62
217 -7.80
218 -7.74
219 -7.70
220 -7.63
221 -7.67
222 -7.67
223 -7.52
224 -7.82
225 -7.72
226 -8.10
227 -7.72
228 -5.06
229 -8.17
230 -7.63
231 -5.40
232 -7.80
233 -8.10
234 -7.78
235 -7.59
236 -8.31
237 -7.78
238 -8.44
239 -7.80
240 -8.33
241 -7.90
242 -7.60
243 -7.67
244 -7.60
245 -7.73
246 -7.67
247 -7.53
248 -7.56
249 -7.60
250 -5.13
251 -7.62
252 -7.62
253 -7.76
254 -7.49
255 -7.66
256 -8.02
257 -7.75
258 -7.92
259 -7.84
260 -7.80
261 -8.15
262 -7.84
263 -7.75
264 -8.11
265 -7.64
266 -7.59
267 -7.59
268 -7.64
269 -7.72
270 -7.66
271 -8.08
272 -7.67
273 -7.70
274 -8.73
275 -7.75
276 -8.19
277 -8.05
278 -7.83
279 -7.71
280 -7.70
281 -7.68
282 -7.60
283 -8.05
284 -7.65
285 -7.95
286 -7.76
287 -7.59
288 -7.54
289 -6.22
290 -7.86
291 -7.80
292 -8.05
293 -8.18
294 -7.80
295 -7.73
296 -7.62
297 -7.63
298 -7.71
299 -8.22
300 -7.73
301 -8.17
302 -7.76
303 -5.16
304 -7.56
305 -8.20
306 -9.00
307 -7.66
308 -7.63
309 -7.53
310 -8.29
311 -7.63
312 -7.70
313 -8.70
314 -8.14
315 -8.56
316 -7.73
317 -7.62
318 -7.78
319 -7.66
320 -7.54
321 -7.68
322 -5.51
323 -7.76
324 -7.74
325 -7.65
326 -7.56
327 -7.78
328 -7.53
329 -7.71
330 -7.54
331 -7.67
332 -7.67
333 -7.72
334 -7.63
335 -5.68
336 -8.21
337 -8.87
338 -8.05
339 -8.29
340 -7.66
341 -7.68
342 -7.76
343 -8.45
344 -7.62
345 -7.69
346 -7.63
347 -7.96
348 -7.96
349 -7.70
350 -7.68
351 -8.60
352 -7.84
353 -7.67
354 -8.28
355 -7.75
356 -8.16
357 -7.60
358 -7.70
359 -7.65
360 -7.77
361 -7.72
362 -5.26
363 -7.76
364 -7.79
365 -5.29
366 -7.65
367 -7.62
368 -8.38
369 -7.65
370 -7.82
371 -7.73
372 -7.61
373 -7.68
374 -7.56
375 -8.08
376 -5.77
377 -7.75
378 -7.66
379 -7.59
380 -7.61
381 -7.68
382 -7.93
383 -7.63
384 -7.87
385 -7.70
386 -7.70
387 -7.69
388 -7.77
389 -8.62
390 -7.68
391 -7.65
392 -7.60
393 -7.78
394 -8.83
395 -7.50
396 -7.61
397 -7.65
398 -7.69
399 -7.52
400 -7.70
401 -7.62
402 -8.03
403 -8.24
404 -8.02
405 -7.58
406 -7.73
407 -7.80
408 -7.71
409 -8.15
410 -8.23
411 -7.58
412 -7.77
413 -7.61
414 -7.74
415 -7.71
416 -7.65
417 -7.76
418 -7.63
419 -8.07
420 -7.48
421 -8.04
422 -7.60
423 -7.70
424 -5.21
425 -7.68
426 -7.76
427 -7.95
428 -7.69
429 -7.78
430 -7.61
431 -8.35
432 -7.63
433 -8.17
434 -7.64
435 -8.04
436 -13.09
437 -7.57
438 -8.14
439 -7.47
440 -7.63
441 -7.71
442 -5.18
443 -7.73
444 -7.57
445 -7.99
446 -7.66
447 -7.63
448 -7.79
449 -7.73
450 -8.72
451 -8.04
452 -8.03
453 -7.66
454 -7.64
455 -7.75
456 -7.58
457 -7.71
458 -7.71
459 -7.71
460 -7.82
461 -7.70
462 -7.84
463 -5.08
464 -7.65
465 -7.72
466 -7.54
467 -7.62
468 -7.70
469 -7.60
470 -7.61
471 -7.72
472 -7.63
473 -7.68
474 -7.70
475 -7.63
476 -7.62
477 -7.77
478 -7.72
479 -7.51
480 -7.78
481 -7.60
482 -8.08
483 -8.00
484 -7.62
485 -5.64
486 -7.96
487 -7.68
488 -7.61
489 -7.76
490 -7.73
491 -7.56
492 -5.21
493 -5.26
494 -5.05
495 -7.71
496 -8.00
497 -8.39
498 -7.61
499 -7.60
500 -7.58
501 -7.70
502 -8.07
503 -7.69
504 -7.77
505 -7.77
506 -8.37
507 -7.65
508 -7.69
509 -8.73
510 -7.98
511 -7.70
512 -7.76
513 -7.84
514 -7.65
515 -7.62
516 -7.69
517 -7.60
518 -8.11
519 -7.63
520 -7.71
521 -5.22
522 -8.74
523 -7.72
524 -7.76
525 -7.72
526 -7.56
527 -7.60
528 -7.69
529 -7.56
530 -7.66
531 -7.68
532 -8.09
533 -7.60
534 -8.05
535 -7.61
536 -7.76
537 -8.30
538 -7.86
539 -8.47
540 -7.47
541 -5.15
542 -8.23
543 -8.67
544 -8.07
545 -7.66
546 -7.85
547 -8.16
548 -7.98
549 -7.52
550 -7.73
551 -7.68
552 -7.68
553 -7.66
554 -7.67
555 -7.71
556 -8.64
557 -7.65
558 -7.75
559 -7.73
560 -7.66
561 -7.72
562 -8.21
563 -7.75
564 -8.36
565 -7.90
566 -7.67
567 -5.02
568 -7.72
569 -8.06
570 -7.64
571 -5.49
572 -8.09
573 -7.59
574 -7.81
575 -7.97
576 -7.60
577 -8.26
578 -7.82
579 -7.71
580 -5.13
581 -8.17
582 -8.04
583 -7.86
584 -7.96
585 -7.66
586 -7.75
587 -7.65
588 -8.05
589 -2.57
590 -7.55
591 -8.00
592 -7.51
593 -7.67
594 -7.74
595 -7.79
596 -5.07
597 -8.10
598 -7.71
599 -7.65
600 -8.78
601 -7.83
602 -7.73
603 -5.60
604 -5.19
605 -8.69
606 -7.83
607 -7.67
608 -7.61
609 -8.01
610 -7.58
611 -7.72
612 -7.68
613 -7.67
614 -7.58
615 -7.63
616 -7.78
617 -7.72
618 -7.70
619 -7.49
620 -7.75
621 -7.63
622 -7.56
623 -5.13
624 -7.80
625 -7.62
626 -8.75
627 -8.91
628 -7.67
629 -7.82
630 -7.77
631 -7.61
632 -7.64
633 -7.77
634 -7.58
635 -7.55
636 -5.15
637 -7.72
638 -8.67
639 -7.63
640 -7.75
641 -7.69
642 -8.37
643 -7.57
644 -8.22
645 -7.62
646 -7.73
647 -5.17
648 -7.67
649 -7.73
650 -7.65
651 -7.66
652 -7.59
653 -8.14
654 -7.76
655 -8.18
656 -8.15
657 -7.68
658 -7.71
659 -8.52
660 -5.44
661 -7.56
662 -7.54
663 -7.69
664 -7.95
665 -7.61
666 -8.08
667 -7.71
668 -7.64
669 -7.72
670 -8.54
671 -7.57
672 -7.71
673 -7.81
674 -7.73
675 -8.51
676 -7.64
677 -7.73
678 -7.79
679 -7.51
680 -7.73
681 -7.64
682 -7.58
683 -5.26
684 -7.89
685 -7.62
686 -8.07
687 -7.79
688 -7.56
689 -7.57
690 -7.78
691 -7.71
692 -7.67
693 -7.61
694 -7.68
695 -7.61
696 -7.69
697 -7.57
698 -7.95
699 -7.66
700 -8.22
701 -8.65
702 -7.77
703 -8.80
704 -7.66
705 -7.69
706 -8.81
707 -8.11
708 -7.65
709 -8.02
710 -7.72
711 -7.54
712 -8.12
713 -8.49
714 -7.52
715 -7.63
716 -7.57
717 -7.85
718 -7.70
719 -7.69
720 -7.73
721 -7.64
722 -8.72
723 -7.67
724 -7.62
725 -7.62
726 -8.27
727 -7.73
728 -7.76
729 -8.06
730 -7.72
731 -7.71
732 -7.62
733 -7.69
734 -7.77
735 -7.65
736 -7.72
737 -5.14
738 -7.62
739 -7.57
740 -7.67
741 -7.55
742 -7.61
743 -5.11
744 -7.66
745 -7.57
746 -7.99
747 -8.10
748 -7.70
749 -7.62
750 -5.21
751 -7.81
752 -7.49
753 -7.78
754 -7.86
755 -7.68
756 -7.81
757 -7.65
758 -7.75
759 -7.67
760 -7.71
761 -8.84
762 -7.42
763 -7.66
764 -8.25
765 -7.56
766 -7.79
767 -7.67
768 -7.61
769 -7.64
770 -5.08
771 -7.61
772 -8.58
773 -8.06
774 -7.80
775 -7.62
776 -3.06
777 -7.70
778 -5.48
779 -8.11
780 -7.69
781 -8.05
782 -7.85
783 -7.70
784 -7.76
785 -7.56
786 -7.99
787 -7.54
788 -7.51
789 -5.39
790 -7.66
791 -7.99
792 -8.00
793 -5.39
794 -7.98
795 -7.60
796 -7.98
797 -7.79
798 -5.12
799 -7.58
800 -7.70
801 -8.85
802 -7.63
803 -8.63
804 -7.80
805 -7.78
806 -7.61
807 -7.72
808 -7.74
809 -7.70
810 -7.66
811 -7.70
812 -8.29
813 -7.74
814 -7.77
815 -7.77
816 -7.78
817 -0.23
818 -7.69
819 -7.59
820 -7.64
821 -5.26
822 -7.62
823 -7.88
824 -8.06
825 -7.77
826 -7.59
827 -5.61
828 -7.50
829 -8.32
830 -8.15
831 -7.65
832 -7.63
833 -7.71
834 -5.14
835 -7.79
836 -5.16
837 -7.64
838 -7.65
839 -7.71
840 -5.28
841 -7.65
842 -18.18
843 -7.64
844 -7.65
845 -8.25
846 -7.68
847 -7.78
848 -8.07
849 -7.79
850 -7.70
851 -8.61
852 -7.67
853 -5.57
854 -7.96
855 -5.11
856 -8.41
857 -7.64
858 -7.62
859 -7.71
860 -7.59
861 -8.13
862 -7.67
863 -7.54
864 -7.82
865 -7.76
866 -7.65
867 -5.20
868 -7.67
869 -7.59
870 -7.58
871 -7.70
872 -7.73
873 -7.63
874 -7.62
875 -7.75
876 -7.51
877 -7.77
878 -19.40
879 -7.78
880 -7.82
881 -7.55
882 -7.72
883 -7.91
884 -7.75
885 -7.93
886 -7.62
887 -7.80
888 -7.68
889 -7.69
890 -5.05
891 -8.10
892 -7.63
893 -7.52
894 -7.83
895 -7.79
896 -7.84
897 -7.62
898 -7.66
899 -7.65
900 -7.78
901 -7.74
902 -7.63
903 -7.87
904 -8.75
905 -7.52
906 -7.68
907 -8.10
908 -7.83
909 -8.78
910 -7.69
911 -7.80
912 -5.17
913 -7.64
914 -7.69
915 -7.80
916 -7.70
917 -7.68
918 -7.73
919 -7.61
920 -7.54
921 -7.74
922 -7.63
923 -7.78
924 -7.69
925 -8.14
926 -7.69
927 -7.76
928 -7.70
929 -7.81
930 -7.71
931 -7.85
932 -7.69
933 -8.23
934 -7.76
935 -8.09
936 -7.72
937 -7.77
938 -8.19
939 -8.11
940 -8.10
941 -7.78
942 -7.65
943 -7.75
944 -7.59
945 -8.26
946 -5.25
947 -8.64
948 -7.62
949 -7.69
950 -7.84
951 -7.69
952 -7.64
953 -7.67
954 -7.65
955 -8.12
956 -7.77
957 -8.88
958 -7.69
959 -7.61
960 -7.50
961 -7.79
962 -7.63
963 -7.74
964 -7.67
965 -7.67
966 -7.72
967 -7.57
968 -8.09
969 -7.68
970 -7.64
971 -7.57
972 -7.52
973 -7.88
974 -7.55
975 -8.09
976 -5.32
977 -7.61
978 -5.32
979 -7.55
980 -8.26
981 -7.69
982 -7.69
983 -7.84
984 -7.69
985 -5.15
986 -7.69
987 -7.73
988 -5.53
989 -5.05
990 -8.26
991 -7.59
992 -8.77
993 -8.02
994 -7.67
995 -7.66
996 -7.67
997 -7.71
998 -7.58
999 -8.11
3399.25705909729
