0 -4.75
1 -8.21
2 -8.39
3 -8.52
4 -7.69
5 -7.70
6 -5.04
7 -7.75
8 -9.30
9 -7.70
10 -7.84
11 -7.66
12 -23.69
13 -5.22
14 0.26
15 -5.14
16 -7.64
17 -7.39
18 -7.81
19 -7.89
20 -8.56
21 -8.53
22 -9.84
23 -5.31
24 -5.18
25 -7.64
26 -8.40
27 1.60
28 -3.48
29 -5.28
30 -7.21
31 -0.33
32 -9.77
33 -7.71
34 -5.10
35 -7.58
36 -8.60
37 -7.76
38 -9.79
39 -7.65
40 -5.97
41 -0.02
42 -7.64
43 -7.34
44 -5.16
45 -5.23
46 -8.57
47 -1.35
48 -8.52
49 -15.23
50 -4.98
51 -6.65
52 -5.21
53 -5.13
54 -7.32
55 -8.44
56 -3.49
57 -8.53
58 -9.17
59 -3.41
60 -6.47
61 -7.80
62 -5.99
63 -7.66
64 -7.75
65 -8.52
66 -2.62
67 -8.50
68 -8.33
69 -5.09
70 -8.68
71 -8.42
72 -0.19
73 -8.36
74 -7.74
75 -9.50
76 -9.79
77 -7.77
78 -8.55
79 -4.72
80 -8.35
81 -5.18
82 -5.14
83 -6.72
84 -5.15
85 -9.28
86 -7.58
87 -7.85
88 -7.77
89 -5.24
90 -23.90
91 -7.53
92 -7.65
93 -5.21
94 -9.16
95 -5.10
96 -7.63
97 -9.62
98 -8.45
99 -7.77
100 -6.10
101 -3.40
102 -9.83
103 -7.71
104 -6.07
105 -7.59
106 -7.75
107 -23.72
108 -7.73
109 -9.68
110 -18.64
111 -5.11
112 -7.65
113 -5.98
114 -5.26
115 -3.54
116 -7.69
117 -8.43
118 -5.13
119 -9.98
120 -69.44
121 -5.87
122 -9.83
123 -8.40
124 -2.65
125 -23.84
126 -5.19
127 -13.72
128 -6.83
129 -7.73
130 -7.67
131 -8.37
132 -0.80
133 -5.10
134 -8.58
135 -6.68
136 -8.49
137 -5.06
138 -7.90
139 -5.19
140 -8.48
141 -9.30
142 -7.98
143 -8.55
144 -7.54
145 -6.49
146 -7.69
147 -5.24
148 -7.72
149 -7.66
150 -9.76
151 -14.83
152 -3.86
153 -23.65
154 -9.90
155 -7.04
156 -2.61
157 -5.30
158 -2.74
159 -20.99
160 -7.07
161 -9.81
162 -8.41
163 -5.14
164 -8.58
165 -5.12
166 -8.69
167 -7.50
168 -7.63
169 -7.26
170 -7.27
171 -8.41
172 -6.02
173 2.47
174 -7.63
175 -2.77
176 -7.74
177 -1.66
178 -71.62
179 -7.65
180 -7.62
181 -7.47
182 -5.10
183 -7.71
184 -4.98
185 -5.28
186 -7.57
187 -3.47
188 -5.26
189 -7.72
190 -5.28
191 -9.80
192 -7.66
193 -7.66
194 -7.68
195 -6.66
196 -21.21
197 -7.16
198 -5.03
199 -2.61
200 -7.69
201 -9.75
202 -71.19
203 -3.23
204 -5.00
205 -6.01
206 -23.99
207 -7.52
208 -2.73
209 -5.95
210 -7.63
211 -71.41
212 -8.29
213 -7.10
214 -7.66
215 -5.24
216 -8.67
217 -7.64
218 -7.66
219 -7.63
220 -23.76
221 -8.63
222 -6.73
223 2.72
224 -9.87
225 -7.79
226 -7.58
227 -7.10
228 -2.66
229 -6.69
230 -5.92
231 -5.29
232 -7.74
233 -9.51
234 -7.57
235 -7.24
236 -7.53
237 -7.37
238 -5.18
239 -5.10
240 -5.22
241 -5.83
242 -73.86
243 -3.33
244 -3.82
245 -2.61
246 -6.07
247 -5.12
248 -5.26
249 -7.65
250 -7.60
251 -7.80
252 -7.57
253 -7.67
254 -3.87
255 -7.64
256 -30.70
257 -7.55
258 -0.13
259 -7.75
260 -23.87
261 -7.55
262 -7.52
263 -7.09
264 -7.73
265 -4.77
266 -7.62
267 -7.93
268 -5.13
269 -5.20
270 -5.12
271 -7.66
272 -7.64
273 -9.76
274 -2.49
275 -9.25
276 -2.52
277 -41.80
278 -6.78
279 -3.44
280 -14.77
281 -8.40
282 -0.10
283 -3.42
284 -5.15
285 -23.79
286 -1.76
287 -7.58
288 -5.16
289 -7.72
290 -7.66
291 -7.86
292 -7.61
293 -1.34
294 -74.07
295 -8.11
296 -8.49
297 -13.18
298 -5.27
299 8.62
300 -2.63
301 -7.67
302 -9.76
303 -2.55
304 -3.53
305 -7.62
306 -8.49
307 -7.59
308 -2.66
309 -5.11
310 -73.62
311 -7.72
312 -7.67
313 -5.08
314 -7.74
315 -2.70
316 -8.52
317 -7.63
318 -5.15
319 -6.71
320 -26.51
321 -9.36
322 -5.13
323 -3.35
324 -5.16
325 -20.69
326 2.38
327 -8.38
328 -7.17
329 -7.72
330 -14.70
331 -7.77
332 -5.19
333 -5.10
334 -81.32
335 -4.79
336 -5.23
337 -2.18
338 -7.58
339 0.86
340 -2.61
341 -5.13
342 -7.65
343 -6.74
344 -7.27
345 -12.79
346 4.89
347 -7.66
348 -7.73
349 -5.15
350 -7.65
351 -0.22
352 -7.35
353 -6.05
354 -9.75
355 -2.83
356 -5.28
357 -2.82
358 -7.64
359 -6.83
360 -4.12
361 -5.96
362 -8.52
363 -9.36
364 -8.11
365 -8.54
366 -5.98
367 -7.68
368 -7.81
369 -8.21
370 -6.94
371 -2.66
372 -9.74
373 -7.56
374 -7.74
375 -5.92
376 -7.65
377 -7.71
378 -2.74
379 -9.88
380 -2.61
381 -6.81
382 -5.19
383 -7.86
384 -8.57
385 -2.60
386 -9.71
387 2.46
388 -9.31
389 -9.77
390 -9.22
391 -8.43
392 -7.70
393 2.30
394 -8.47
395 -9.58
396 -7.58
397 -5.14
398 -7.82
399 -5.94
400 -5.05
401 -23.64
402 -7.58
403 -6.15
404 2.22
405 -5.42
406 -8.40
407 -0.93
408 -8.39
409 -5.15
410 -5.09
411 -8.48
412 -7.61
413 -7.71
414 -8.48
415 1.62
416 -2.77
417 -7.65
418 -9.90
419 -9.74
420 -71.75
421 -3.54
422 -2.72
423 -3.44
424 -8.52
425 -2.62
426 -7.56
427 1.74
428 -16.43
429 -7.62
430 -0.08
431 -5.31
432 -7.71
433 -4.12
434 -7.72
435 -5.08
436 -7.70
437 -9.23
438 -5.16
439 -12.17
440 -4.12
441 -3.07
442 -6.00
443 -7.66
444 -8.50
445 -6.75
446 -7.79
447 -7.73
448 -0.91
449 -2.79
450 -7.53
451 -5.24
452 -5.10
453 -2.73
454 -7.69
455 -3.52
456 -6.91
457 -7.36
458 -71.32
459 -8.54
460 -7.41
461 -7.60
462 -11.59
463 -5.20
464 -5.24
465 -71.51
466 -3.39
467 -3.54
468 -9.86
469 -0.17
470 -6.03
471 -23.53
472 -7.78
473 -0.87
474 -2.71
475 -2.17
476 -0.19
477 -1.53
478 -7.61
479 -7.49
480 -3.47
481 -7.58
482 -9.68
483 -7.83
484 -5.89
485 -8.66
486 -3.32
487 -5.96
488 -9.16
489 -16.15
490 -8.46
491 -4.32
492 -0.20
493 -0.21
494 -6.71
495 -5.24
496 -7.70
497 -9.36
498 -8.49
499 -7.76
500 -7.50
501 -8.52
502 -1.77
503 1.61
504 -8.44
505 -8.52
506 -71.52
507 -8.48
508 -5.28
509 -2.71
510 -0.28
511 -5.27
512 -4.37
513 -8.84
514 6.53
515 -8.46
516 -9.88
517 -8.46
518 -23.58
519 -3.42
520 -5.86
521 -74.04
522 -2.64
523 -6.03
524 -0.25
525 -8.39
526 -7.64
527 -23.73
528 -7.76
529 -2.62
530 -0.91
531 -4.36
532 -7.65
533 -5.32
534 -9.40
535 -6.04
536 -2.68
537 -5.24
538 -7.15
539 -6.06
540 -9.30
541 -7.78
542 -9.99
543 -7.70
544 -18.72
545 3.54
546 -6.53
547 -5.16
548 -15.64
549 -5.95
550 6.06
551 2.33
552 -8.55
553 -5.07
554 -7.67
555 -7.73
556 -6.87
557 -14.19
558 -7.78
559 -3.34
560 -7.68
561 -6.12
562 -3.33
563 -8.45
564 -7.55
565 -5.23
566 -5.05
567 2.44
568 -0.92
569 12.23
570 -7.61
571 -5.98
572 4.87
573 -7.54
574 -5.16
575 -8.41
576 -3.39
577 -7.57
578 -69.50
579 -8.35
580 -5.25
581 -7.54
582 -5.14
583 2.48
584 -6.20
585 -5.87
586 -4.56
587 -5.93
588 -5.13
589 -5.26
590 -8.49
591 -6.74
592 -4.31
593 8.60
594 -3.03
595 -2.64
596 -7.79
597 -5.95
598 -5.13
599 -6.56
600 -2.65
601 -9.51
602 -4.17
603 -3.42
604 -5.90
605 -5.90
606 -5.18
607 -1.24
608 -7.54
609 -9.79
610 -0.19
611 6.48
612 -51.14
613 -5.03
614 -6.08
615 -5.07
616 -5.18
617 -7.21
618 -5.97
619 -1.88
620 -0.89
621 -7.52
622 -0.20
623 -3.52
624 -5.07
625 -3.93
626 -5.84
627 2.34
628 -2.52
629 -8.81
630 4.06
631 -2.71
632 -5.21
633 4.83
634 0.12
635 6.44
636 -2.54
637 -2.78
638 -0.83
639 -9.17
640 -5.92
641 -7.70
642 -1.84
643 -2.63
644 -7.76
645 -7.71
646 -7.04
647 -3.54
648 -0.10
649 -5.11
650 -3.30
651 -4.23
652 -7.38
653 -5.86
654 -7.78
655 0.66
656 1.52
657 -1.00
658 -0.18
659 2.29
660 -5.99
661 2.30
662 -6.86
663 -0.89
664 -4.80
665 -5.28
666 -2.56
667 -2.69
668 -6.89
669 -0.99
670 -1.83
671 -3.98
672 -2.20
673 -9.29
674 -7.61
675 -4.32
676 -5.03
677 -9.78
678 -2.54
679 -7.65
680 -0.27
681 1.44
682 -5.24
683 -0.12
684 -1.16
685 -5.26
686 -2.27
687 -9.17
688 2.32
689 4.99
690 -0.07
691 -8.38
692 -0.23
693 1.62
694 -3.39
695 -5.15
696 -2.61
697 -7.12
698 4.84
699 -2.74
700 -2.61
701 -4.21
702 -10.23
703 -4.79
704 -9.09
705 -3.41
706 2.55
707 -0.20
708 -3.74
709 -5.13
710 -5.89
711 -0.20
712 3.13
713 -5.95
714 -5.19
715 -5.25
716 11.69
717 -0.30
718 -8.13
719 -7.83
720 -3.37
721 1.82
722 9.21
723 9.14
724 -7.18
725 -7.17
726 -3.44
727 -5.29
728 -3.52
729 6.71
730 -0.07
731 -0.87
732 -7.19
733 -5.86
734 -5.41
735 11.75
736 -5.13
737 3.33
738 -5.14
739 -8.06
740 -2.67
741 -3.41
742 -2.56
743 -2.63
744 -2.75
745 4.93
746 -6.64
747 3.92
748 -7.35
749 -6.01
750 -1.82
751 4.04
752 -7.65
753 -7.73
754 -1.75
755 -8.45
756 -9.82
757 -9.71
758 -1.30
759 -1.02
760 -6.68
761 -5.23
762 0.02
763 -2.63
764 -5.96
765 -0.92
766 4.78
767 -6.01
768 -0.14
769 -7.88
770 -0.59
771 -6.56
772 -5.23
773 2.41
774 -6.41
775 -2.74
776 -0.09
777 -8.76
778 -11.94
779 7.46
780 -7.67
781 6.46
782 4.90
783 -4.31
784 -7.68
785 4.96
786 -5.12
787 -0.18
788 -5.20
789 -5.94
790 -3.14
791 -2.55
792 12.92
793 0.96
794 7.35
795 -7.62
796 34.20
797 -1.64
798 7.39
799 2.40
800 -8.43
801 5.21
802 -2.61
803 1.54
804 -5.11
805 3.04
806 -3.42
807 3.15
808 -6.02
809 12.43
810 -4.03
811 9.98
812 7.48
813 2.34
814 4.93
815 2.42
816 -5.96
817 9.42
818 -1.42
819 9.29
820 13.12
821 -7.64
822 -2.61
823 -7.80
824 1.58
825 0.00
826 9.95
827 8.24
828 -8.14
829 2.28
830 3.25
831 -0.98
832 -7.20
833 1.70
834 -5.37
835 4.14
836 19.95
837 -9.61
838 3.22
839 -2.70
840 5.04
841 3.31
842 9.10
843 -2.54
844 1.75
845 5.75
846 2.24
847 -1.07
848 1.63
849 0.74
850 -9.65
851 -4.03
852 4.91
853 -4.41
854 -2.64
855 2.29
856 -3.37
857 -3.41
858 9.94
859 7.09
860 4.58
861 -6.11
862 2.34
863 12.40
864 -2.52
865 -2.72
866 9.37
867 -2.70
868 -1.71
869 2.43
870 4.86
871 -0.83
872 10.31
873 14.10
874 -4.25
875 -3.62
876 2.36
877 4.93
878 7.29
879 22.48
880 10.84
881 4.04
882 18.35
883 2.29
884 1.10
885 -3.43
886 8.18
887 1.56
888 10.80
889 3.57
890 2.27
891 21.00
892 3.40
893 5.78
894 -0.77
895 20.00
896 6.62
897 14.19
898 -2.65
899 -7.60
900 -0.23
901 -7.12
902 9.11
903 4.01
904 12.44
905 14.20
906 10.02
907 15.01
908 -6.05
909 8.95
910 6.76
911 -2.49
912 -1.45
913 -0.99
914 -7.80
915 2.53
916 1.90
917 -5.85
918 13.47
919 -1.42
920 -1.08
921 14.12
922 -6.11
923 21.50
924 -9.82
925 5.35
926 -0.48
927 9.97
928 3.20
929 17.56
930 -2.68
931 1.06
932 -3.03
933 20.77
934 22.02
935 30.56
936 9.91
937 12.35
938 -0.98
939 1.14
940 9.00
941 15.02
942 22.40
943 9.93
944 18.18
945 0.05
946 31.67
947 -0.07
948 25.45
949 13.64
950 12.49
951 17.46
952 5.90
953 17.29
954 19.09
955 2.18
956 12.71
957 16.63
958 2.32
959 -1.69
960 31.86
961 7.40
962 -5.08
963 6.67
964 -5.28
965 13.79
966 22.47
967 11.67
968 13.97
969 1.27
970 21.29
971 7.39
972 27.88
973 6.33
974 34.93
975 -1.78
976 -0.88
977 11.91
978 11.59
979 7.27
980 2.77
981 12.48
982 -5.41
983 16.70
984 3.81
985 19.02
986 24.19
987 14.77
988 29.99
989 17.48
990 14.06
991 16.54
992 10.43
993 7.57
994 10.71
995 -2.68
996 20.31
997 2.45
998 27.08
999 -2.63
3807.082990169525
