0 -2.5249999999999373
1 -2.589999999999936
2 -2.5749999999999362
3 -2.6099999999999355
4 -2.584999999999936
5 -2.624999999999935
6 -2.589999999999936
7 -2.594999999999936
8 -2.5599999999999365
9 -2.579999999999936
10 -2.5249999999999373
11 -2.594999999999936
12 -2.6199999999999353
13 -2.629999999999935
14 -2.5599999999999365
15 -2.534999999999937
16 -2.584999999999936
17 -2.539999999999937
18 -2.5699999999999363
19 -2.6149999999999354
20 -2.6549999999999345
21 -2.589999999999936
22 -2.634999999999935
23 -2.5749999999999362
24 -2.534999999999937
25 -2.629999999999935
26 -0.03499999999991556
27 -2.6199999999999353
28 -2.6599999999999344
29 -2.5549999999999367
30 -2.6199999999999353
31 -2.534999999999937
32 -2.5649999999999364
33 -2.594999999999936
34 -2.579999999999936
35 -2.579999999999936
36 -2.5149999999999375
37 -2.6149999999999354
38 -2.589999999999936
39 -2.584999999999936
40 -2.6099999999999355
41 -2.5699999999999363
42 -0.10999999999991558
43 -2.579999999999936
44 -2.6049999999999356
45 -2.5249999999999373
46 -2.5599999999999365
47 -2.5599999999999365
48 -2.629999999999935
49 -2.6049999999999356
50 -2.594999999999936
51 -2.579999999999936
52 -2.629999999999935
53 -2.5749999999999362
54 -2.5549999999999367
55 -2.5549999999999367
56 -2.6049999999999356
57 -0.02499999999991556
58 -2.629999999999935
59 -2.5499999999999368
60 -2.5149999999999375
61 -2.5599999999999365
62 -2.5549999999999367
63 -2.5549999999999367
64 -2.5499999999999368
65 -2.6149999999999354
66 -2.579999999999936
67 -2.5599999999999365
68 -2.529999999999937
69 -2.5599999999999365
70 -2.5999999999999357
71 -2.5999999999999357
72 -2.6199999999999353
73 -2.6449999999999347
74 -2.544999999999937
75 -2.624999999999935
76 -2.589999999999936
77 -2.529999999999937
78 -2.6049999999999356
79 -2.6599999999999344
80 -2.544999999999937
81 -2.5699999999999363
82 -0.10499999999991558
83 -2.5199999999999374
84 -2.5199999999999374
85 -2.5999999999999357
86 -2.5749999999999362
87 -2.5999999999999357
88 -2.639999999999935
89 -2.6099999999999355
90 -0.10999999999991558
91 -2.624999999999935
92 -2.6199999999999353
93 -2.5199999999999374
94 -2.6199999999999353
95 -2.6199999999999353
96 -2.534999999999937
97 -2.639999999999935
98 -2.634999999999935
99 -2.579999999999936
100 -2.6099999999999355
101 -2.539999999999937
102 -2.5999999999999357
103 -2.6449999999999347
104 -2.5199999999999374
105 -2.594999999999936
106 -2.589999999999936
107 -2.589999999999936
108 -0.09499999999991557
109 -2.5749999999999362
110 -2.5649999999999364
111 -2.5649999999999364
112 -2.5749999999999362
113 -2.5649999999999364
114 -2.589999999999936
115 -2.5049999999999377
116 -2.669999999999934
117 -2.6599999999999344
118 -2.544999999999937
119 -2.584999999999936
120 -2.5499999999999368
121 -2.629999999999935
122 -2.579999999999936
123 -2.5049999999999377
124 -2.6199999999999353
125 -2.584999999999936
126 -2.6199999999999353
127 -2.5099999999999376
128 -2.5149999999999375
129 -2.629999999999935
130 -2.5649999999999364
131 -2.529999999999937
132 -2.634999999999935
133 -2.5699999999999363
134 -2.679999999999934
135 -2.6499999999999346
136 -2.5599999999999365
137 -2.5199999999999374
138 -2.5249999999999373
139 -2.584999999999936
140 -2.589999999999936
141 -2.584999999999936
142 -2.6199999999999353
143 -2.579999999999936
144 -2.594999999999936
145 -2.544999999999937
146 -2.579999999999936
147 -2.6549999999999345
148 -0.1349999999999156
149 -0.03499999999991556
150 -2.594999999999936
151 -2.6199999999999353
152 -2.5999999999999357
153 -2.584999999999936
154 -2.594999999999936
155 -2.5649999999999364
156 -2.6049999999999356
157 -2.584999999999936
158 -2.5749999999999362
159 -2.579999999999936
160 -2.6099999999999355
161 -2.5649999999999364
162 -2.534999999999937
163 -2.5749999999999362
164 -2.584999999999936
165 -2.6149999999999354
166 -2.5749999999999362
167 -2.6599999999999344
168 -2.594999999999936
169 -2.5649999999999364
170 -2.5149999999999375
171 -2.629999999999935
172 -2.5599999999999365
173 -2.5199999999999374
174 -2.5999999999999357
175 -2.6549999999999345
176 -2.5649999999999364
177 -2.594999999999936
178 -2.579999999999936
179 -3.0899999999999253
180 -2.5499999999999368
181 -2.499999999999938
182 -2.5499999999999368
183 -2.5249999999999373
184 -2.5999999999999357
185 -2.589999999999936
186 -2.5499999999999368
187 -2.594999999999936
188 -2.5749999999999362
189 -2.539999999999937
190 -2.529999999999937
191 -2.634999999999935
192 -2.6199999999999353
193 -2.6199999999999353
194 -2.5549999999999367
195 -2.579999999999936
196 -2.5999999999999357
197 -2.629999999999935
198 -0.04499999999991555
199 -2.5649999999999364
200 -2.584999999999936
201 -2.5249999999999373
202 -2.544999999999937
203 -2.5999999999999357
204 -2.624999999999935
205 -2.584999999999936
206 -2.5599999999999365
207 -2.584999999999936
208 -2.534999999999937
209 -2.634999999999935
210 -2.594999999999936
211 -2.6599999999999344
212 -2.534999999999937
213 -2.584999999999936
214 -2.579999999999936
215 -2.529999999999937
216 -2.6499999999999346
217 -2.5499999999999368
218 -2.579999999999936
219 -2.539999999999937
220 -2.6049999999999356
221 -2.584999999999936
222 -0.03499999999991556
223 -2.5549999999999367
224 -2.594999999999936
225 -2.6149999999999354
226 -2.639999999999935
227 -2.594999999999936
228 -2.6149999999999354
229 -2.5699999999999363
230 -2.539999999999937
231 -2.6199999999999353
232 -2.5749999999999362
233 -2.6199999999999353
234 -2.584999999999936
235 -2.579999999999936
236 -2.5549999999999367
237 -2.5999999999999357
238 -2.534999999999937
239 -2.5149999999999375
240 -2.5549999999999367
241 -2.539999999999937
242 -2.6049999999999356
243 -2.5699999999999363
244 -2.5749999999999362
245 -2.7099999999999334
246 -2.634999999999935
247 -2.584999999999936
248 -2.6199999999999353
249 -2.594999999999936
250 -2.594999999999936
251 -2.639999999999935
252 -2.5999999999999357
253 -2.6149999999999354
254 -2.584999999999936
255 -2.6149999999999354
256 -2.534999999999937
257 -2.6099999999999355
258 -2.5699999999999363
259 -2.669999999999934
260 -2.584999999999936
261 -2.589999999999936
262 -2.539999999999937
263 -2.6499999999999346
264 -2.5749999999999362
265 -2.5999999999999357
266 -2.624999999999935
267 -2.5249999999999373
268 -2.579999999999936
269 -2.6549999999999345
270 -2.669999999999934
271 -2.5249999999999373
272 -2.5499999999999368
273 -2.594999999999936
274 -2.6099999999999355
275 -2.6049999999999356
276 -2.5499999999999368
277 -2.589999999999936
278 -2.5999999999999357
279 -2.589999999999936
280 -0.10499999999991558
281 -2.544999999999937
282 -2.6599999999999344
283 -2.579999999999936
284 -2.4749999999999384
285 -0.06499999999991554
286 -2.5699999999999363
287 -2.594999999999936
288 -2.639999999999935
289 -2.5699999999999363
290 -2.6099999999999355
291 -2.489999999999938
292 -2.6599999999999344
293 -2.529999999999937
294 -2.5599999999999365
295 -0.039999999999915554
296 -0.10499999999991558
297 -2.5149999999999375
298 -2.6099999999999355
299 -2.5549999999999367
300 -2.5599999999999365
301 -2.589999999999936
302 -2.584999999999936
303 -2.5749999999999362
304 -2.6049999999999356
305 -2.529999999999937
306 -2.639999999999935
307 -2.5149999999999375
308 -2.634999999999935
309 -2.6549999999999345
310 -2.634999999999935
311 -2.5999999999999357
312 -2.6649999999999343
313 -2.5049999999999377
314 2.4050000000001086
315 -2.6199999999999353
316 -2.594999999999936
317 -2.629999999999935
318 -2.5749999999999362
319 -2.589999999999936
320 -2.624999999999935
321 -2.5249999999999373
322 -2.6099999999999355
323 -2.6449999999999347
324 -2.544999999999937
325 -2.6499999999999346
326 -2.6499999999999346
327 -2.5599999999999365
328 -2.539999999999937
329 -2.579999999999936
330 -2.584999999999936
331 -2.5749999999999362
332 -2.6099999999999355
333 -2.534999999999937
334 -2.5749999999999362
335 -2.5699999999999363
336 -2.624999999999935
337 -2.5499999999999368
338 -2.579999999999936
339 -2.589999999999936
340 -0.0049999999999155555
341 -0.06999999999991555
342 -2.639999999999935
343 -2.534999999999937
344 -2.594999999999936
345 -2.634999999999935
346 -2.534999999999937
347 -2.594999999999936
348 -2.6049999999999356
349 -2.6199999999999353
350 -2.594999999999936
351 -2.5599999999999365
352 -2.584999999999936
353 -2.594999999999936
354 -2.584999999999936
355 -2.6099999999999355
356 -2.6049999999999356
357 -2.579999999999936
358 -2.6199999999999353
359 -2.584999999999936
360 -2.5549999999999367
361 -2.624999999999935
362 -2.6149999999999354
363 -2.5999999999999357
364 -2.5649999999999364
365 -2.579999999999936
366 -2.6149999999999354
367 -2.624999999999935
368 -2.624999999999935
369 -2.6449999999999347
370 -2.5749999999999362
371 -2.6099999999999355
372 -2.624999999999935
373 -2.5149999999999375
374 -2.594999999999936
375 -2.5699999999999363
376 -2.584999999999936
377 -2.584999999999936
378 -2.594999999999936
379 -2.5749999999999362
380 -2.5549999999999367
381 -0.2499999999999157
382 -2.6049999999999356
383 -2.5649999999999364
384 -2.624999999999935
385 -2.634999999999935
386 -0.09999999999991557
387 -2.684999999999934
388 -2.6499999999999346
389 -2.5499999999999368
390 -2.529999999999937
391 -2.629999999999935
392 -2.639999999999935
393 -0.07499999999991555
394 -2.584999999999936
395 -2.5649999999999364
396 -2.594999999999936
397 -2.6099999999999355
398 -2.6049999999999356
399 -2.6599999999999344
400 -2.6949999999999337
401 -2.5549999999999367
402 -2.6649999999999343
403 -2.5549999999999367
404 -2.5999999999999357
405 -2.589999999999936
406 -2.589999999999936
407 -2.6049999999999356
408 -2.5649999999999364
409 -0.08999999999991556
410 -2.529999999999937
411 -2.5749999999999362
412 -2.579999999999936
413 -2.539999999999937
414 -2.6049999999999356
415 -2.5099999999999376
416 -2.6199999999999353
417 -2.5699999999999363
418 -2.5749999999999362
419 -2.6099999999999355
420 -2.5249999999999373
421 -2.5999999999999357
422 -0.03499999999991556
423 -2.4749999999999384
424 -2.5149999999999375
425 -2.5499999999999368
426 -2.5999999999999357
427 -2.5749999999999362
428 -2.5599999999999365
429 -2.5599999999999365
430 -2.594999999999936
431 -0.04499999999991555
432 -2.5699999999999363
433 -2.6449999999999347
434 -2.5649999999999364
435 -2.5149999999999375
436 -2.539999999999937
437 -2.529999999999937
438 -2.5749999999999362
439 -2.594999999999936
440 -2.5749999999999362
441 -2.589999999999936
442 -2.534999999999937
443 -2.5599999999999365
444 -2.584999999999936
445 -2.5599999999999365
446 -2.5699999999999363
447 -2.579999999999936
448 0.005000000000084445
449 -2.5549999999999367
450 -2.594999999999936
451 -2.5699999999999363
452 -2.6199999999999353
453 -2.5999999999999357
454 -2.6099999999999355
455 -2.579999999999936
456 -2.5649999999999364
457 -2.5699999999999363
458 -2.6049999999999356
459 -2.5599999999999365
460 -2.534999999999937
461 -2.5249999999999373
462 -2.5699999999999363
463 -2.5599999999999365
464 -2.5099999999999376
465 -0.06499999999991554
466 -2.584999999999936
467 -2.6049999999999356
468 -2.579999999999936
469 -2.589999999999936
470 -2.6599999999999344
471 -2.594999999999936
472 -2.6099999999999355
473 -2.5499999999999368
474 -2.6099999999999355
475 -2.5749999999999362
476 -2.6199999999999353
477 -2.6049999999999356
478 -2.584999999999936
479 -2.579999999999936
480 -2.5599999999999365
481 -2.499999999999938
482 -2.589999999999936
483 -2.6099999999999355
484 -2.579999999999936
485 -2.5199999999999374
486 -2.584999999999936
487 -2.6099999999999355
488 -2.544999999999937
489 -2.6099999999999355
490 -2.5699999999999363
491 -2.684999999999934
492 -2.634999999999935
493 -2.6099999999999355
494 -2.534999999999937
495 -2.579999999999936
496 -2.5549999999999367
497 -2.5999999999999357
498 -2.624999999999935
499 -0.09499999999991557
500 -2.5599999999999365
501 -0.02499999999991556
502 -2.6149999999999354
503 -2.5649999999999364
504 2.390000000000109
505 -2.584999999999936
506 -2.6199999999999353
507 -2.484999999999938
508 -2.594999999999936
509 -2.6049999999999356
510 -2.544999999999937
511 -2.6149999999999354
512 -2.6549999999999345
513 -2.5999999999999357
514 -2.629999999999935
515 -0.059999999999915545
516 -2.5499999999999368
517 -2.5699999999999363
518 -2.589999999999936
519 -0.009999999999915556
520 -2.5499999999999368
521 -2.5149999999999375
522 -2.634999999999935
523 -2.5249999999999373
524 -2.6499999999999346
525 -2.624999999999935
526 -2.579999999999936
527 -2.6599999999999344
528 -2.594999999999936
529 -0.009999999999915556
530 -2.5649999999999364
531 -2.6049999999999356
532 -2.544999999999937
533 -2.579999999999936
534 -2.6149999999999354
535 -2.539999999999937
536 -2.5999999999999357
537 -2.5199999999999374
538 -2.5649999999999364
539 -2.5999999999999357
540 -2.5749999999999362
541 -2.579999999999936
542 -2.629999999999935
543 -2.584999999999936
544 -2.584999999999936
545 -2.5499999999999368
546 -2.5749999999999362
547 -2.5599999999999365
548 -2.5599999999999365
549 -2.639999999999935
550 -2.584999999999936
551 -2.499999999999938
552 -2.5149999999999375
553 -2.5749999999999362
554 -2.5099999999999376
555 -2.539999999999937
556 -2.5649999999999364
557 -2.5699999999999363
558 -2.5999999999999357
559 -2.6149999999999354
560 -2.4699999999999385
561 -2.5599999999999365
562 -2.639999999999935
563 -2.639999999999935
564 -2.5099999999999376
565 -2.6049999999999356
566 -2.584999999999936
567 -2.5499999999999368
568 -2.639999999999935
569 -2.624999999999935
570 -2.5749999999999362
571 -2.624999999999935
572 -2.5599999999999365
573 -2.589999999999936
574 -2.584999999999936
575 -2.579999999999936
576 -2.639999999999935
577 -2.5999999999999357
578 -2.634999999999935
579 -2.579999999999936
580 -2.5999999999999357
581 -2.594999999999936
582 -2.544999999999937
583 -2.6449999999999347
584 -2.6099999999999355
585 -2.6099999999999355
586 -2.5599999999999365
587 -2.6049999999999356
588 -2.6049999999999356
589 -2.6099999999999355
590 -2.5549999999999367
591 -2.589999999999936
592 -2.5999999999999357
593 -2.5749999999999362
594 -2.6099999999999355
595 -0.02999999999991556
596 -2.589999999999936
597 -2.6049999999999356
598 -0.11499999999991559
599 -2.5999999999999357
600 -2.5749999999999362
601 -0.16999999999992896
602 -2.6499999999999346
603 -2.629999999999935
604 -2.594999999999936
605 -2.534999999999937
606 -2.6449999999999347
607 -2.589999999999936
608 -2.484999999999938
609 -0.08499999999991556
610 -2.534999999999937
611 -2.6599999999999344
612 -2.5749999999999362
613 -2.529999999999937
614 -2.589999999999936
615 -2.6199999999999353
616 2.430000000000108
617 -2.674999999999934
618 -2.5549999999999367
619 -2.5999999999999357
620 -2.4799999999999383
621 -2.5699999999999363
622 -2.6599999999999344
623 -2.6049999999999356
624 -2.584999999999936
625 -2.5199999999999374
626 -2.629999999999935
627 -0.08499999999991556
628 -2.594999999999936
629 -2.6199999999999353
630 -2.669999999999934
631 -2.6099999999999355
632 -2.6199999999999353
633 -2.6099999999999355
634 -2.6149999999999354
635 -2.584999999999936
636 -2.5549999999999367
637 -2.534999999999937
638 -2.5749999999999362
639 -2.624999999999935
640 -2.584999999999936
641 -2.639999999999935
642 -2.5549999999999367
643 -2.534999999999937
644 -2.639999999999935
645 -2.5599999999999365
646 -0.039999999999915554
647 -2.6049999999999356
648 -2.539999999999937
649 -2.634999999999935
650 -0.07999999999991556
651 -2.594999999999936
652 -2.639999999999935
653 -2.594999999999936
654 -2.584999999999936
655 -2.589999999999936
656 -2.544999999999937
657 -2.669999999999934
658 -2.584999999999936
659 -2.5649999999999364
660 -2.594999999999936
661 -2.5249999999999373
662 -2.5749999999999362
663 -2.6049999999999356
664 -2.584999999999936
665 -2.6099999999999355
666 -2.6649999999999343
667 -2.5549999999999367
668 -2.5549999999999367
669 -2.529999999999937
670 -2.669999999999934
671 -2.5499999999999368
672 -2.589999999999936
673 -2.584999999999936
674 -2.5049999999999377
675 -2.5699999999999363
676 -0.02499999999991556
677 -2.624999999999935
678 -2.5599999999999365
679 -0.14999999999991562
680 -2.5699999999999363
681 -2.5199999999999374
682 -2.489999999999938
683 -2.589999999999936
684 -2.5249999999999373
685 -2.589999999999936
686 -2.5499999999999368
687 -2.594999999999936
688 -2.5499999999999368
689 -2.669999999999934
690 -2.529999999999937
691 -2.6049999999999356
692 -0.09499999999991557
693 -2.5749999999999362
694 -2.584999999999936
695 -2.5599999999999365
696 -0.08499999999991556
697 -2.5649999999999364
698 -2.6149999999999354
699 -2.5249999999999373
700 -2.5099999999999376
701 -2.5999999999999357
702 -2.6049999999999356
703 -2.584999999999936
704 -2.579999999999936
705 -2.6099999999999355
706 -2.594999999999936
707 -2.5599999999999365
708 -2.624999999999935
709 -2.6599999999999344
710 -2.6599999999999344
711 -0.06999999999991555
712 -2.534999999999937
713 2.3750000000001092
714 -2.589999999999936
715 -2.634999999999935
716 -2.579999999999936
717 -2.639999999999935
718 -2.6599999999999344
719 -2.5499999999999368
720 -2.6099999999999355
721 -2.584999999999936
722 -2.5249999999999373
723 -2.5249999999999373
724 -2.6049999999999356
725 -2.5699999999999363
726 -2.584999999999936
727 -2.594999999999936
728 -2.6099999999999355
729 -2.5649999999999364
730 -2.5649999999999364
731 -2.579999999999936
732 -2.624999999999935
733 -2.6049999999999356
734 -2.629999999999935
735 -2.584999999999936
736 -2.579999999999936
737 -2.5699999999999363
738 -2.6499999999999346
739 -2.584999999999936
740 -2.5049999999999377
741 -2.5749999999999362
742 -2.5649999999999364
743 -2.5549999999999367
744 -2.5549999999999367
745 -2.579999999999936
746 -2.5999999999999357
747 -2.6049999999999356
748 -2.6449999999999347
749 -2.629999999999935
750 -2.5099999999999376
751 -2.6449999999999347
752 -2.5599999999999365
753 -2.5999999999999357
754 -2.6199999999999353
755 -2.5249999999999373
756 -2.6099999999999355
757 -2.5549999999999367
758 -2.5499999999999368
759 -2.584999999999936
760 -2.639999999999935
761 -2.5749999999999362
762 -2.629999999999935
763 -2.5699999999999363
764 -2.5149999999999375
765 -2.5149999999999375
766 -2.624999999999935
767 -2.6149999999999354
768 -2.6199999999999353
769 -2.5649999999999364
770 -2.639999999999935
771 -2.6049999999999356
772 -2.5649999999999364
773 -2.579999999999936
774 -2.5249999999999373
775 -2.5999999999999357
776 -2.5749999999999362
777 -2.5099999999999376
778 -2.529999999999937
779 -2.5549999999999367
780 -2.4649999999999386
781 -2.5649999999999364
782 -2.6149999999999354
783 -2.5199999999999374
784 -2.584999999999936
785 -2.5199999999999374
786 -2.5999999999999357
787 -2.529999999999937
788 -2.5999999999999357
789 -2.6099999999999355
790 -2.6149999999999354
791 -2.579999999999936
792 -0.07999999999991556
793 -2.6099999999999355
794 -2.5549999999999367
795 -2.6099999999999355
796 -2.6049999999999356
797 -2.639999999999935
798 -2.5499999999999368
799 -2.634999999999935
800 -2.534999999999937
801 -2.5649999999999364
802 -2.579999999999936
803 -0.1349999999999156
804 -2.6449999999999347
805 -2.6599999999999344
806 -2.589999999999936
807 -2.634999999999935
808 -2.529999999999937
809 -2.5199999999999374
810 -2.5499999999999368
811 -2.7099999999999334
812 -2.5749999999999362
813 -2.589999999999936
814 -2.534999999999937
815 -2.5549999999999367
816 -2.6999999999999336
817 -2.624999999999935
818 -2.634999999999935
819 -2.5749999999999362
820 -2.629999999999935
821 -2.484999999999938
822 -2.634999999999935
823 -2.6199999999999353
824 -2.5699999999999363
825 -2.6049999999999356
826 -2.6099999999999355
827 -2.5699999999999363
828 -2.5549999999999367
829 -2.539999999999937
830 -2.6049999999999356
831 -2.589999999999936
832 -2.5249999999999373
833 -2.5599999999999365
834 -2.5749999999999362
835 -2.639999999999935
836 -2.5499999999999368
837 -2.529999999999937
838 -2.594999999999936
839 -2.5649999999999364
840 -2.5549999999999367
841 -2.529999999999937
842 -2.5999999999999357
843 -2.494999999999938
844 -2.679999999999934
845 -2.5499999999999368
846 -2.539999999999937
847 -2.629999999999935
848 -2.5599999999999365
849 -2.6149999999999354
850 -2.669999999999934
851 -2.584999999999936
852 -2.594999999999936
853 -2.624999999999935
854 -2.544999999999937
855 -2.639999999999935
856 -2.6449999999999347
857 -2.6099999999999355
858 -2.6199999999999353
859 -2.634999999999935
860 -2.6449999999999347
861 -2.629999999999935
862 -2.5649999999999364
863 -2.5749999999999362
864 -2.5649999999999364
865 -2.624999999999935
866 -0.059999999999915545
867 -2.629999999999935
868 -2.6649999999999343
869 -2.579999999999936
870 -2.639999999999935
871 -2.5649999999999364
872 -2.5999999999999357
873 -2.589999999999936
874 -0.11499999999991559
875 -2.5749999999999362
876 -0.04499999999991555
877 -2.5549999999999367
878 -2.5499999999999368
879 -2.5749999999999362
880 -2.6649999999999343
881 -2.499999999999938
882 -2.4749999999999384
883 -0.10499999999991558
884 -0.09499999999991557
885 -2.5549999999999367
886 -2.544999999999937
887 -2.539999999999937
888 -2.589999999999936
889 -2.5249999999999373
890 -0.039999999999915554
891 -2.5749999999999362
892 -2.594999999999936
893 -2.534999999999937
894 -2.6449999999999347
895 -0.06499999999991554
896 -2.5249999999999373
897 -2.634999999999935
898 -2.5699999999999363
899 -0.10499999999991558
900 -2.669999999999934
901 -0.07999999999995308
902 -2.5099999999999376
903 2.4150000000001084
904 -2.5549999999999367
905 -2.6049999999999356
906 -2.5099999999999376
907 -2.6199999999999353
908 -2.589999999999936
909 -2.579999999999936
910 -2.5549999999999367
911 -2.5549999999999367
912 -2.579999999999936
913 -2.6499999999999346
914 -0.05499999999991555
915 -2.539999999999937
916 -2.639999999999935
917 -0.014999999999915557
918 -2.544999999999937
919 -2.6449999999999347
920 -2.529999999999937
921 -2.539999999999937
922 -2.5649999999999364
923 -2.5649999999999364
924 -2.5499999999999368
925 -0.05499999999991555
926 -2.629999999999935
927 -2.5649999999999364
928 -2.5499999999999368
929 -2.594999999999936
930 -2.6449999999999347
931 -2.529999999999937
932 -2.5699999999999363
933 -2.6049999999999356
934 -2.5549999999999367
935 -2.584999999999936
936 -2.5749999999999362
937 -2.5649999999999364
938 -2.5699999999999363
939 -2.6599999999999344
940 -2.634999999999935
941 -2.5649999999999364
942 -2.6099999999999355
943 -2.5149999999999375
944 -2.5749999999999362
945 -2.5499999999999368
946 -2.5499999999999368
947 -2.5149999999999375
948 -2.634999999999935
949 -2.534999999999937
950 -2.5599999999999365
951 -2.589999999999936
952 -2.579999999999936
953 -2.5999999999999357
954 -2.6199999999999353
955 -2.6049999999999356
956 -2.6049999999999356
957 -2.639999999999935
958 -2.579999999999936
959 -2.4799999999999383
960 -2.6149999999999354
961 -2.539999999999937
962 -2.5599999999999365
963 -0.05499999999991555
964 -2.6099999999999355
965 -2.5549999999999367
966 -2.5099999999999376
967 -2.5549999999999367
968 -0.04999999999991555
969 -2.6099999999999355
970 -2.6449999999999347
971 -2.5499999999999368
972 -2.5699999999999363
973 -2.589999999999936
974 -2.5099999999999376
975 -2.5999999999999357
976 -2.5699999999999363
977 -2.539999999999937
978 -2.5599999999999365
979 -2.6899999999999338
980 -2.5549999999999367
981 -2.5699999999999363
982 -2.589999999999936
983 -2.5549999999999367
984 -2.6199999999999353
985 -2.7099999999999334
986 -2.624999999999935
987 -2.534999999999937
988 -2.594999999999936
989 -2.6099999999999355
990 -2.5999999999999357
991 -2.5499999999999368
992 -2.539999999999937
993 -2.594999999999936
994 -2.629999999999935
995 -2.639999999999935
996 -2.6149999999999354
997 -2.5249999999999373
998 -2.579999999999936
999 -2.589999999999936
1000 -2.624999999999935
1001 -2.6549999999999345
1002 -2.639999999999935
1003 -2.679999999999934
1004 -2.579999999999936
1005 -2.5199999999999374
1006 -2.489999999999938
1007 -2.594999999999936
1008 -2.684999999999934
1009 -2.5749999999999362
1010 -2.5749999999999362
1011 -2.5549999999999367
1012 -2.594999999999936
1013 -2.624999999999935
1014 -2.5099999999999376
1015 -2.6199999999999353
1016 -2.5549999999999367
1017 -2.5999999999999357
1018 -2.4699999999999385
1019 -2.674999999999934
1020 -2.589999999999936
1021 -2.589999999999936
1022 -2.579999999999936
1023 -2.5549999999999367
1024 -2.679999999999934
1025 -2.6049999999999356
1026 -0.10999999999991558
1027 -2.6649999999999343
1028 -2.674999999999934
1029 -2.544999999999937
1030 -2.5749999999999362
1031 -2.4699999999999385
1032 -2.494999999999938
1033 -2.6199999999999353
1034 -2.6199999999999353
1035 -2.594999999999936
1036 -2.6599999999999344
1037 -2.6099999999999355
1038 -2.539999999999937
1039 -2.6099999999999355
1040 -2.5649999999999364
1041 -2.5149999999999375
1042 -2.5649999999999364
1043 -2.5099999999999376
1044 -2.5049999999999377
1045 -2.629999999999935
1046 -2.6199999999999353
1047 -2.5699999999999363
1048 -2.6449999999999347
1049 -2.594999999999936
1050 -0.08999999999991556
1051 -2.594999999999936
1052 -2.6149999999999354
1053 -2.5749999999999362
1054 -2.584999999999936
1055 -0.039999999999915554
1056 -2.5749999999999362
1057 -2.5199999999999374
1058 -2.589999999999936
1059 -2.5099999999999376
1060 -2.5699999999999363
1061 -2.5649999999999364
1062 -2.5649999999999364
1063 -2.5649999999999364
1064 -2.529999999999937
1065 -2.5099999999999376
1066 -2.634999999999935
1067 -2.534999999999937
1068 -2.629999999999935
1069 -2.5499999999999368
1070 -2.589999999999936
1071 -2.589999999999936
1072 -2.5549999999999367
1073 -2.584999999999936
1074 -2.5499999999999368
1075 -2.594999999999936
1076 -2.6499999999999346
1077 -2.6049999999999356
1078 -2.589999999999936
1079 -2.634999999999935
1080 -2.594999999999936
1081 -2.6199999999999353
1082 -2.6899999999999338
1083 -2.5999999999999357
1084 -2.639999999999935
1085 -2.584999999999936
1086 -2.494999999999938
1087 -2.629999999999935
1088 -2.6199999999999353
1089 -2.624999999999935
1090 -0.08999999999991556
1091 -2.6499999999999346
1092 -0.10499999999991558
1093 -2.5499999999999368
1094 -2.6099999999999355
1095 -2.5999999999999357
1096 -0.1349999999999156
1097 -2.579999999999936
1098 -2.589999999999936
1099 -2.5199999999999374
1100 -2.529999999999937
1101 -2.5699999999999363
1102 -2.624999999999935
1103 -0.10499999999991558
1104 -2.5649999999999364
1105 -2.634999999999935
1106 -2.6149999999999354
1107 -0.10499999999991558
1108 -2.584999999999936
1109 -2.539999999999937
1110 -2.6449999999999347
1111 -2.5599999999999365
1112 -2.634999999999935
1113 -2.594999999999936
1114 -2.629999999999935
1115 -2.534999999999937
1116 -2.624999999999935
1117 -2.5649999999999364
1118 -2.6049999999999356
1119 -2.6199999999999353
1120 -0.08499999999991556
1121 -2.639999999999935
1122 -2.6199999999999353
1123 -2.5049999999999377
1124 -2.579999999999936
1125 -2.529999999999937
1126 -2.584999999999936
1127 -2.624999999999935
1128 -2.5549999999999367
1129 -2.594999999999936
1130 -2.5699999999999363
1131 -2.5749999999999362
1132 -2.6099999999999355
1133 -2.5249999999999373
1134 -2.6199999999999353
1135 -2.639999999999935
1136 -2.5199999999999374
1137 -2.594999999999936
1138 -2.5549999999999367
1139 -2.529999999999937
1140 -2.529999999999937
1141 -2.5199999999999374
1142 -2.584999999999936
1143 -2.6049999999999356
1144 -2.5649999999999364
1145 -2.5499999999999368
1146 -2.5649999999999364
1147 -2.6549999999999345
1148 -2.624999999999935
1149 -2.539999999999937
1150 -2.5149999999999375
1151 -2.579999999999936
1152 -2.5999999999999357
1153 -2.594999999999936
1154 -2.6149999999999354
1155 -2.6049999999999356
1156 -2.5649999999999364
1157 -2.6049999999999356
1158 -2.5749999999999362
1159 -2.5749999999999362
1160 -2.6149999999999354
1161 -2.5749999999999362
1162 -2.6049999999999356
1163 -2.489999999999938
1164 -2.629999999999935
1165 -2.5549999999999367
1166 -2.6049999999999356
1167 -2.584999999999936
1168 -2.589999999999936
1169 -2.5199999999999374
1170 -0.07499999999992754
1171 -2.5649999999999364
1172 -2.629999999999935
1173 -2.539999999999937
1174 -2.494999999999938
1175 -0.09999999999991557
1176 -2.634999999999935
1177 -2.539999999999937
1178 -2.6049999999999356
1179 -2.5699999999999363
1180 -2.579999999999936
1181 -2.594999999999936
1182 2.435000000000108
1183 -2.579999999999936
1184 -2.6149999999999354
1185 -2.5549999999999367
1186 -2.6199999999999353
1187 -2.544999999999937
1188 -2.6199999999999353
1189 -2.6649999999999343
1190 -2.544999999999937
1191 -2.5999999999999357
1192 -2.539999999999937
1193 -2.679999999999934
1194 -2.5199999999999374
1195 -2.634999999999935
1196 -2.594999999999936
1197 -2.5499999999999368
1198 -2.584999999999936
1199 -2.624999999999935
1200 -2.6049999999999356
1201 -2.5699999999999363
1202 -2.5549999999999367
1203 -2.5749999999999362
1204 -2.584999999999936
1205 -2.539999999999937
1206 -2.5699999999999363
1207 -2.5599999999999365
1208 -2.5649999999999364
1209 -2.579999999999936
1210 -2.5249999999999373
1211 -2.5549999999999367
1212 -2.5649999999999364
1213 -2.584999999999936
1214 -2.5499999999999368
1215 -2.624999999999935
1216 -2.594999999999936
1217 -2.5699999999999363
1218 -2.6649999999999343
1219 -2.6099999999999355
1220 -2.5499999999999368
1221 -2.5649999999999364
1222 -2.6199999999999353
1223 -2.584999999999936
1224 -2.6099999999999355
1225 -2.594999999999936
1226 -2.584999999999936
1227 -2.584999999999936
1228 -2.629999999999935
1229 -2.5599999999999365
1230 -2.5649999999999364
1231 -2.529999999999937
1232 -2.584999999999936
1233 -2.634999999999935
1234 -2.594999999999936
1235 -2.589999999999936
1236 -0.07499999999991555
1237 -2.579999999999936
1238 -2.5699999999999363
1239 -0.09499999999991557
1240 -0.03499999999991556
1241 -2.629999999999935
1242 -2.6149999999999354
1243 -2.589999999999936
1244 -2.5549999999999367
1245 -2.5699999999999363
1246 -2.534999999999937
1247 -2.5499999999999368
1248 -2.5249999999999373
1249 -2.5499999999999368
1250 -2.5649999999999364
1251 -2.6149999999999354
1252 -2.629999999999935
1253 -2.544999999999937
1254 -2.684999999999934
1255 -2.5699999999999363
1256 -2.544999999999937
1257 -0.07999999999991556
1258 -0.05499999999991555
1259 -2.5599999999999365
1260 -2.594999999999936
1261 -2.6199999999999353
1262 -2.534999999999937
1263 -2.629999999999935
1264 -2.5599999999999365
1265 -2.5699999999999363
1266 -2.584999999999936
1267 -2.624999999999935
1268 -2.5749999999999362
1269 -2.669999999999934
1270 -2.5699999999999363
1271 -2.5749999999999362
1272 -2.6149999999999354
1273 -2.539999999999937
1274 -2.584999999999936
1275 -2.684999999999934
1276 -2.6049999999999356
1277 -2.529999999999937
1278 -2.5549999999999367
1279 -2.6199999999999353
1280 -2.5999999999999357
1281 -2.6499999999999346
1282 -2.5649999999999364
1283 -2.589999999999936
1284 -2.5749999999999362
1285 -2.6099999999999355
1286 -2.5599999999999365
1287 -2.529999999999937
1288 -2.6149999999999354
1289 -0.10999999999991558
1290 -2.634999999999935
1291 -2.5699999999999363
1292 -2.6149999999999354
1293 -2.5599999999999365
1294 -2.5649999999999364
1295 -2.584999999999936
1296 -2.589999999999936
1297 -2.639999999999935
1298 -2.634999999999935
1299 -2.579999999999936
1300 -0.04499999999991555
1301 -2.589999999999936
1302 -2.6049999999999356
1303 -2.5699999999999363
1304 -2.584999999999936
1305 -2.6549999999999345
1306 -2.579999999999936
1307 -2.6149999999999354
1308 -2.5249999999999373
1309 -2.544999999999937
1310 -2.529999999999937
1311 -2.669999999999934
1312 -2.624999999999935
1313 -2.6649999999999343
1314 -2.6099999999999355
1315 -2.539999999999937
1316 -2.6049999999999356
1317 -2.5499999999999368
1318 -2.594999999999936
1319 -2.579999999999936
1320 -2.5249999999999373
1321 -2.629999999999935
1322 -2.544999999999937
1323 -2.594999999999936
1324 -2.5499999999999368
1325 -2.5149999999999375
1326 -2.634999999999935
1327 -2.544999999999937
1328 -2.5649999999999364
1329 -2.584999999999936
1330 -2.6549999999999345
1331 -2.639999999999935
1332 -2.5599999999999365
1333 -2.5749999999999362
1334 -2.584999999999936
1335 -2.5249999999999373
1336 -2.5749999999999362
1337 -2.5599999999999365
1338 -2.589999999999936
1339 -2.674999999999934
1340 -2.6549999999999345
1341 -2.679999999999934
1342 -2.544999999999937
1343 -2.6599999999999344
1344 -2.594999999999936
1345 -2.679999999999934
1346 -2.5549999999999367
1347 -2.624999999999935
1348 -2.6449999999999347
1349 -2.539999999999937
1350 -2.5499999999999368
1351 -2.5749999999999362
1352 -2.589999999999936
1353 -2.529999999999937
1354 -2.624999999999935
1355 -2.624999999999935
1356 -2.5999999999999357
1357 -2.6099999999999355
1358 -2.594999999999936
1359 -2.6049999999999356
1360 -2.589999999999936
1361 -2.5599999999999365
1362 -2.579999999999936
1363 -2.624999999999935
1364 -2.6549999999999345
1365 -2.6199999999999353
1366 -2.6149999999999354
1367 -2.544999999999937
1368 -2.5549999999999367
1369 -2.5699999999999363
1370 -2.639999999999935
1371 -2.5099999999999376
1372 -2.6149999999999354
1373 -2.5249999999999373
1374 -2.584999999999936
1375 -2.5699999999999363
1376 -2.5699999999999363
1377 -2.579999999999936
1378 -2.594999999999936
1379 -2.5749999999999362
1380 -2.544999999999937
1381 -2.629999999999935
1382 -2.534999999999937
1383 -2.579999999999936
1384 -2.6099999999999355
1385 -2.529999999999937
1386 -2.5599999999999365
1387 -2.629999999999935
1388 -2.6549999999999345
1389 -2.5699999999999363
1390 -2.5649999999999364
1391 -2.669999999999934
1392 -2.584999999999936
1393 -2.579999999999936
1394 -0.059999999999915545
1395 -2.629999999999935
1396 -2.629999999999935
1397 -2.6149999999999354
1398 -2.5699999999999363
1399 -2.589999999999936
1400 -2.6199999999999353
1401 -2.624999999999935
1402 -2.589999999999936
1403 -2.5599999999999365
1404 -2.674999999999934
1405 -2.5149999999999375
1406 -2.5549999999999367
1407 -2.5699999999999363
1408 -2.6199999999999353
1409 -2.5999999999999357
1410 -2.5999999999999357
1411 -2.5699999999999363
1412 -2.6049999999999356
1413 -2.4699999999999385
1414 -2.579999999999936
1415 -2.5549999999999367
1416 -2.5249999999999373
1417 -2.5699999999999363
1418 -2.629999999999935
1419 -2.6049999999999356
1420 -2.6199999999999353
1421 -0.11499999999991559
1422 -2.5649999999999364
1423 -2.6099999999999355
1424 -0.1349999999999156
1425 -2.579999999999936
1426 -2.589999999999936
1427 -2.6099999999999355
1428 -2.5549999999999367
1429 -0.07499999999991555
1430 -2.584999999999936
1431 -2.579999999999936
1432 -2.529999999999937
1433 -2.534999999999937
1434 -2.639999999999935
1435 -2.6149999999999354
1436 -2.584999999999936
1437 -2.6049999999999356
1438 -0.1249999999999156
1439 -2.544999999999937
1440 -2.624999999999935
1441 -2.5649999999999364
1442 -2.639999999999935
1443 0.005000000000084445
1444 -2.544999999999937
1445 -2.6149999999999354
1446 -2.6049999999999356
1447 -2.6099999999999355
1448 -2.6149999999999354
1449 -2.5499999999999368
1450 -2.5499999999999368
1451 -2.594999999999936
1452 -2.589999999999936
1453 -0.04499999999991555
1454 -2.5549999999999367
1455 -2.5699999999999363
1456 -2.5549999999999367
1457 -2.589999999999936
1458 -2.6649999999999343
1459 -2.5999999999999357
1460 -2.5649999999999364
1461 -2.5749999999999362
1462 -2.5599999999999365
1463 -2.6599999999999344
1464 -2.634999999999935
1465 -2.6449999999999347
1466 -2.5649999999999364
1467 -2.5199999999999374
1468 -2.634999999999935
1469 -0.039999999999915554
1470 -2.6199999999999353
1471 -2.529999999999937
1472 -2.5599999999999365
1473 -2.6049999999999356
1474 -2.5649999999999364
1475 -2.5549999999999367
1476 -2.5199999999999374
1477 -2.6449999999999347
1478 -2.624999999999935
1479 -2.494999999999938
1480 -2.584999999999936
1481 -2.624999999999935
1482 -2.679999999999934
1483 -2.5549999999999367
1484 -2.5649999999999364
1485 -2.5549999999999367
1486 -2.5599999999999365
1487 -2.6649999999999343
1488 -2.589999999999936
1489 -2.5749999999999362
1490 -2.6049999999999356
1491 -2.679999999999934
1492 -2.494999999999938
1493 -2.5599999999999365
1494 -2.5549999999999367
1495 -2.499999999999938
1496 -2.4749999999999384
1497 -2.594999999999936
1498 -2.499999999999938
1499 -2.589999999999936
1500 -2.489999999999938
1501 -2.6549999999999345
1502 -2.5499999999999368
1503 -0.11499999999991559
1504 -2.5099999999999376
1505 -2.6549999999999345
1506 -2.5699999999999363
1507 -2.5649999999999364
1508 -2.5599999999999365
1509 -2.5999999999999357
1510 -2.5699999999999363
1511 -2.624999999999935
1512 -2.5749999999999362
1513 -2.6549999999999345
1514 -2.5999999999999357
1515 -2.594999999999936
1516 -2.6049999999999356
1517 -0.09999999999991557
1518 -2.5499999999999368
1519 -2.5699999999999363
1520 -2.5749999999999362
1521 -2.5699999999999363
1522 -2.584999999999936
1523 -2.579999999999936
1524 -2.624999999999935
1525 -2.589999999999936
1526 -2.5649999999999364
1527 -2.589999999999936
1528 -2.5499999999999368
1529 -2.594999999999936
1530 -2.634999999999935
1531 -2.5149999999999375
1532 -2.539999999999937
1533 -2.6599999999999344
1534 -2.5549999999999367
1535 -2.594999999999936
1536 -2.594999999999936
1537 -2.6099999999999355
1538 -2.6049999999999356
1539 -2.594999999999936
1540 -2.579999999999936
1541 -2.5499999999999368
1542 -2.634999999999935
1543 -2.5499999999999368
1544 -2.539999999999937
1545 -2.6149999999999354
1546 -2.5049999999999377
1547 -2.5499999999999368
1548 -2.634999999999935
1549 -2.6199999999999353
1550 -2.579999999999936
1551 -2.5699999999999363
1552 -2.579999999999936
1553 -2.629999999999935
1554 -2.584999999999936
1555 -2.624999999999935
1556 -2.6449999999999347
1557 -2.6099999999999355
1558 -2.6599999999999344
1559 -0.06999999999991555
1560 -2.534999999999937
1561 -2.584999999999936
1562 -2.594999999999936
1563 -2.6499999999999346
1564 -2.5249999999999373
1565 -2.6199999999999353
1566 -2.544999999999937
1567 -2.489999999999938
1568 -2.5549999999999367
1569 -2.6149999999999354
1570 -2.5049999999999377
1571 -2.634999999999935
1572 -2.6049999999999356
1573 -2.594999999999936
1574 -2.5999999999999357
1575 -2.5499999999999368
1576 -2.584999999999936
1577 -2.5749999999999362
1578 -2.5549999999999367
1579 -2.5599999999999365
1580 -2.589999999999936
1581 -2.624999999999935
1582 -2.5649999999999364
1583 -2.584999999999936
1584 -2.6049999999999356
1585 -2.6199999999999353
1586 -2.589999999999936
1587 -2.584999999999936
1588 -2.589999999999936
1589 -2.5549999999999367
1590 -2.6649999999999343
1591 -2.5649999999999364
1592 2.435000000000108
1593 -2.589999999999936
1594 -2.5649999999999364
1595 -2.6199999999999353
1596 -2.6199999999999353
1597 -2.5749999999999362
1598 -2.5999999999999357
1599 -2.634999999999935
1600 -2.6099999999999355
1601 -2.634999999999935
1602 -2.5499999999999368
1603 -0.07999999999991556
1604 -2.534999999999937
1605 -2.639999999999935
1606 -2.5599999999999365
1607 -2.6049999999999356
1608 -2.534999999999937
1609 2.5000000000001066
1610 -2.6549999999999345
1611 -0.07999999999991556
1612 -2.6649999999999343
1613 -2.6099999999999355
1614 -2.5199999999999374
1615 -2.6099999999999355
1616 -2.634999999999935
1617 -0.1399999999999156
1618 -2.5699999999999363
1619 -2.6149999999999354
1620 -2.6199999999999353
1621 -0.09499999999991557
1622 -2.5699999999999363
1623 -2.5999999999999357
1624 -2.589999999999936
1625 2.4650000000001073
1626 -2.6149999999999354
1627 -2.6449999999999347
1628 -2.629999999999935
1629 -2.5599999999999365
1630 -2.484999999999938
1631 -2.5199999999999374
1632 -2.529999999999937
1633 -2.6099999999999355
1634 -2.5499999999999368
1635 -2.629999999999935
1636 -2.5099999999999376
1637 -2.5199999999999374
1638 -2.5749999999999362
1639 -2.634999999999935
1640 -2.674999999999934
1641 -2.6199999999999353
1642 -2.5499999999999368
1643 -2.5049999999999377
1644 -2.539999999999937
1645 -2.5649999999999364
1646 -0.09999999999995776
1647 -2.584999999999936
1648 -2.5599999999999365
1649 -2.5549999999999367
1650 -2.589999999999936
1651 -2.5499999999999368
1652 -2.5499999999999368
1653 -2.5549999999999367
1654 -2.639999999999935
1655 -0.23999999999992724
1656 -2.6149999999999354
1657 -2.5649999999999364
1658 -2.6049999999999356
1659 -2.6149999999999354
1660 -2.579999999999936
1661 -2.5549999999999367
1662 -2.5549999999999367
1663 -2.539999999999937
1664 -2.5699999999999363
1665 -2.5749999999999362
1666 -2.589999999999936
1667 -0.06999999999991555
1668 -2.624999999999935
1669 -2.5499999999999368
1670 -2.5049999999999377
1671 -2.589999999999936
1672 -2.589999999999936
1673 -2.5999999999999357
1674 -2.544999999999937
1675 -2.544999999999937
1676 -2.5999999999999357
1677 -2.539999999999937
1678 -2.6199999999999353
1679 -2.6099999999999355
1680 -2.5199999999999374
1681 -0.11999999999991559
1682 -2.5999999999999357
1683 -2.5549999999999367
1684 -2.589999999999936
1685 -2.6199999999999353
1686 -2.5099999999999376
1687 -2.6099999999999355
1688 -2.5699999999999363
1689 -2.5499999999999368
1690 -2.5699999999999363
1691 -2.6949999999999337
1692 -2.589999999999936
1693 -2.5499999999999368
1694 -2.534999999999937
1695 -2.544999999999937
1696 -2.6549999999999345
1697 2.435000000000108
1698 -2.584999999999936
1699 -2.539999999999937
1700 -2.539999999999937
1701 -2.6049999999999356
1702 -2.4249999999999394
1703 -2.544999999999937
1704 -2.624999999999935
1705 -2.5499999999999368
1706 -2.594999999999936
1707 -2.5499999999999368
1708 -2.6199999999999353
1709 -2.624999999999935
1710 -2.5599999999999365
1711 -2.584999999999936
1712 -2.6449999999999347
1713 -2.539999999999937
1714 -2.594999999999936
1715 -2.5499999999999368
1716 -2.6549999999999345
1717 -2.624999999999935
1718 -2.5549999999999367
1719 -2.629999999999935
1720 -2.5549999999999367
1721 -2.5599999999999365
1722 -2.6499999999999346
1723 -2.544999999999937
1724 -2.634999999999935
1725 -2.5599999999999365
1726 -2.5749999999999362
1727 -2.584999999999936
1728 -2.6049999999999356
1729 -0.009999999999915556
1730 -2.529999999999937
1731 -2.579999999999936
1732 -2.579999999999936
1733 -2.639999999999935
1734 -2.579999999999936
1735 -2.584999999999936
1736 -2.6499999999999346
1737 -2.9849999999999275
1738 -2.5999999999999357
1739 -2.6199999999999353
1740 -2.5999999999999357
1741 -2.5699999999999363
1742 -2.584999999999936
1743 -2.579999999999936
1744 -2.594999999999936
1745 -2.5499999999999368
1746 -2.5599999999999365
1747 -2.5749999999999362
1748 -2.624999999999935
1749 -2.5649999999999364
1750 -2.5649999999999364
1751 -2.629999999999935
1752 -2.674999999999934
1753 -2.639999999999935
1754 -2.539999999999937
1755 -2.589999999999936
1756 -2.544999999999937
1757 -2.5699999999999363
1758 -2.5099999999999376
1759 -0.11499999999991559
1760 -2.6099999999999355
1761 -2.669999999999934
1762 -2.589999999999936
1763 -2.5599999999999365
1764 -2.5599999999999365
1765 -2.594999999999936
1766 -2.5249999999999373
1767 -2.5549999999999367
1768 -2.5099999999999376
1769 -2.6149999999999354
1770 -2.6049999999999356
1771 -2.5699999999999363
1772 -2.5649999999999364
1773 -2.6199999999999353
1774 -0.039999999999915554
1775 -2.5649999999999364
1776 -2.5549999999999367
1777 -2.624999999999935
1778 -2.5599999999999365
1779 -2.5749999999999362
1780 -2.544999999999937
1781 -2.584999999999936
1782 -2.589999999999936
1783 -2.629999999999935
1784 -2.624999999999935
1785 -2.4799999999999383
1786 2.3200000000001104
1787 -0.07499999999991555
1788 -2.6649999999999343
1789 -2.6099999999999355
1790 -2.5049999999999377
1791 -2.6599999999999344
1792 -2.579999999999936
1793 -2.5999999999999357
1794 -2.5749999999999362
1795 -2.634999999999935
1796 -2.544999999999937
1797 -0.1249999999999156
1798 -2.584999999999936
1799 -2.584999999999936
1800 -2.5999999999999357
1801 -2.594999999999936
1802 -2.5249999999999373
1803 -2.6149999999999354
1804 -2.5649999999999364
1805 -2.629999999999935
1806 -2.544999999999937
1807 -2.629999999999935
1808 -2.589999999999936
1809 -2.444999999999939
1810 -2.584999999999936
1811 -2.5249999999999373
1812 -2.589999999999936
1813 -2.6099999999999355
1814 -2.584999999999936
1815 -2.6049999999999356
1816 -2.5499999999999368
1817 0.005000000000084445
1818 -2.5999999999999357
1819 -2.5699999999999363
1820 -2.674999999999934
1821 -2.6449999999999347
1822 -2.584999999999936
1823 -2.624999999999935
1824 -2.629999999999935
1825 -2.6649999999999343
1826 -2.579999999999936
1827 -2.579999999999936
1828 -2.5999999999999357
1829 -2.534999999999937
1830 -2.5649999999999364
1831 -2.589999999999936
1832 -2.6649999999999343
1833 -2.6049999999999356
1834 -2.629999999999935
1835 -2.5749999999999362
1836 -2.639999999999935
1837 -2.5749999999999362
1838 -2.629999999999935
1839 -2.6149999999999354
1840 -2.5549999999999367
1841 -0.06999999999991555
1842 -2.5549999999999367
1843 -2.5149999999999375
1844 -2.539999999999937
1845 -2.5699999999999363
1846 -2.639999999999935
1847 -2.6149999999999354
1848 -2.579999999999936
1849 -2.579999999999936
1850 -2.579999999999936
1851 -2.6899999999999338
1852 -2.584999999999936
1853 -2.624999999999935
1854 -2.529999999999937
1855 -2.6049999999999356
1856 -2.6099999999999355
1857 -0.05499999999991555
1858 -2.6649999999999343
1859 -2.539999999999937
1860 -2.5249999999999373
1861 -2.6049999999999356
1862 -2.634999999999935
1863 -2.6199999999999353
1864 -0.04999999999991555
1865 -2.5099999999999376
1866 -2.6149999999999354
1867 -2.5549999999999367
1868 -2.6649999999999343
1869 -2.584999999999936
1870 -2.594999999999936
1871 -2.5699999999999363
1872 -2.6099999999999355
1873 -2.5249999999999373
1874 -2.6199999999999353
1875 -2.629999999999935
1876 -2.624999999999935
1877 -2.5599999999999365
1878 -2.539999999999937
1879 -0.16499999999991563
1880 -2.5749999999999362
1881 -2.594999999999936
1882 -2.6199999999999353
1883 -2.629999999999935
1884 -2.589999999999936
1885 -2.6149999999999354
1886 -2.6099999999999355
1887 -2.5599999999999365
1888 -2.6149999999999354
1889 -2.669999999999934
1890 -2.6149999999999354
1891 -0.05499999999991555
1892 -2.594999999999936
1893 -2.6649999999999343
1894 -2.5599999999999365
1895 -2.6449999999999347
1896 -2.5549999999999367
1897 -2.5049999999999377
1898 -2.594999999999936
1899 -2.5499999999999368
1900 -2.594999999999936
1901 -2.579999999999936
1902 -2.584999999999936
1903 -0.06999999999991555
1904 -2.5999999999999357
1905 -2.624999999999935
1906 -2.594999999999936
1907 -2.5649999999999364
1908 -2.6099999999999355
1909 -2.5149999999999375
1910 -2.6599999999999344
1911 -2.6449999999999347
1912 -2.624999999999935
1913 -2.534999999999937
1914 -2.5549999999999367
1915 -2.6049999999999356
1916 -2.539999999999937
1917 -2.5499999999999368
1918 -2.6099999999999355
1919 -2.499999999999938
1920 -2.624999999999935
1921 -2.6449999999999347
1922 -2.6049999999999356
1923 -0.15499999999991562
1924 -2.5999999999999357
1925 -2.624999999999935
1926 -2.584999999999936
1927 -2.5549999999999367
1928 -2.529999999999937
1929 -2.5599999999999365
1930 -2.5699999999999363
1931 -0.1349999999999156
1932 -2.5749999999999362
1933 -2.5199999999999374
1934 -2.5599999999999365
1935 -0.019999999999915558
1936 -2.589999999999936
1937 -2.579999999999936
1938 -2.639999999999935
1939 -2.634999999999935
1940 -2.6049999999999356
1941 -2.5649999999999364
1942 -2.5499999999999368
1943 -2.584999999999936
1944 -2.684999999999934
1945 -2.584999999999936
1946 -2.5599999999999365
1947 -2.584999999999936
1948 -2.594999999999936
1949 -2.6149999999999354
1950 -2.6099999999999355
1951 -2.5749999999999362
1952 -2.6049999999999356
1953 -0.059999999999915545
1954 -2.6499999999999346
1955 -2.5499999999999368
1956 -2.534999999999937
1957 -0.11999999999991559
1958 -2.6499999999999346
1959 -2.669999999999934
1960 -2.589999999999936
1961 -2.5599999999999365
1962 -2.6649999999999343
1963 -2.589999999999936
1964 -2.7149999999999332
1965 -0.1299999999999156
1966 -2.589999999999936
1967 -2.589999999999936
1968 -0.03499999999991556
1969 -2.6049999999999356
1970 -2.5749999999999362
1971 -2.584999999999936
1972 -2.579999999999936
1973 -2.5549999999999367
1974 -2.5699999999999363
1975 -2.544999999999937
1976 -2.584999999999936
1977 -2.6099999999999355
1978 -0.10499999999991558
1979 -2.584999999999936
1980 -2.594999999999936
1981 -2.6099999999999355
1982 -0.07999999999991556
1983 -2.6049999999999356
1984 -2.589999999999936
1985 -2.6049999999999356
1986 -2.629999999999935
1987 -2.629999999999935
1988 -2.5099999999999376
1989 -2.594999999999936
1990 -2.6199999999999353
1991 -2.579999999999936
1992 -2.489999999999938
1993 -2.6549999999999345
1994 -2.584999999999936
1995 -2.6049999999999356
1996 -2.6099999999999355
1997 -2.589999999999936
1998 -2.5599999999999365
1999 -2.624999999999935
5046.8512570858
