0 -7.64
1 -7.57
2 -7.73
3 -7.67
4 -7.72
5 -7.69
6 -7.60
7 -7.77
8 -7.56
9 -7.80
10 -7.68
11 -7.58
12 -7.68
13 -7.68
14 -7.57
15 -7.46
16 -7.62
17 -7.65
18 -7.62
19 -7.70
20 -7.81
21 -7.75
22 -5.29
23 -7.71
24 -7.65
25 -7.71
26 -7.57
27 -7.60
28 -7.69
29 -7.67
30 -5.11
31 -7.72
32 -7.60
33 -7.74
34 -7.80
35 -7.68
36 -7.75
37 -7.75
38 -5.26
39 -7.78
40 -7.78
41 -7.81
42 -7.80
43 -7.65
44 -7.70
45 -7.59
46 -7.65
47 -7.59
48 -7.80
49 -7.72
50 -5.13
51 -7.52
52 -7.86
53 -7.80
54 -7.73
55 -7.71
56 -7.72
57 -7.63
58 -7.76
59 -7.86
60 -7.73
61 -7.89
62 -7.71
63 -7.70
64 -7.60
65 -7.71
66 -7.65
67 -7.78
68 -7.73
69 -7.64
70 -7.55
71 -7.68
72 -7.76
73 -7.80
74 -7.77
75 -7.71
76 -7.63
77 -7.76
78 -7.57
79 -7.70
80 -7.66
81 -7.42
82 -7.45
83 -7.73
84 -7.71
85 -7.85
86 -7.72
87 -7.66
88 -7.65
89 -7.73
90 -7.71
91 -5.19
92 -7.83
93 -7.75
94 -7.69
95 -7.60
96 -7.79
97 -7.82
98 -7.62
99 -7.72
100 -7.67
101 -7.69
102 -7.57
103 -7.69
104 -7.66
105 -7.71
106 -7.78
107 -7.55
108 -7.62
109 -7.85
110 -7.60
111 -7.63
112 -7.82
113 -7.67
114 -7.65
115 -7.78
116 -7.64
117 -7.58
118 -7.57
119 -7.74
120 -7.75
121 -7.63
122 -7.72
123 -7.85
124 -7.73
125 -7.65
126 -7.62
127 -7.72
128 -7.69
129 -7.73
130 -7.67
131 -7.64
132 -7.68
133 -7.63
134 -5.01
135 -7.62
136 -7.78
137 -7.69
138 -7.64
139 -7.79
140 -7.66
141 -4.93
142 -7.76
143 -7.51
144 -7.56
145 -7.48
146 -5.10
147 -7.56
148 -7.72
149 -7.64
150 -7.68
151 -7.61
152 -2.76
153 -7.59
154 -7.70
155 -7.70
156 -7.61
157 -7.84
158 -7.59
159 -7.78
160 -7.71
161 -7.58
162 -7.69
163 -7.66
164 -7.92
165 -7.76
166 -7.81
167 -7.75
168 -7.70
169 -7.74
170 -7.68
171 -7.59
172 -5.20
173 -7.74
174 -7.70
175 -7.88
176 -7.74
177 -7.95
178 -7.65
179 -7.66
180 -7.68
181 -7.74
182 -7.68
183 -7.59
184 -7.60
185 -7.78
186 -7.65
187 -7.63
188 -7.74
189 -7.59
190 -7.77
191 -7.66
192 -7.59
193 -7.49
194 -7.59
195 -7.64
196 -7.55
197 -7.58
198 -7.73
199 -7.65
200 -7.61
201 -7.84
202 -7.69
203 -7.55
204 -7.58
205 -7.72
206 -5.20
207 -7.62
208 -5.16
209 -7.68
210 -7.80
211 -7.73
212 -7.83
213 -7.81
214 -7.54
215 -7.59
216 -7.61
217 -7.66
218 -7.79
219 -7.76
220 -7.77
221 -7.59
222 -7.79
223 -7.86
224 -7.43
225 -7.55
226 -7.51
227 -7.71
228 -7.64
229 -7.65
230 -7.77
231 -7.64
232 -7.74
233 -7.59
234 -7.70
235 -7.66
236 -7.53
237 -7.67
238 -7.73
239 -7.73
240 -5.24
241 -7.89
242 -7.59
243 -7.72
244 -7.63
245 -7.56
246 -7.61
247 -7.55
248 -7.63
249 -7.61
250 -7.72
251 -7.71
252 -7.63
253 -7.68
254 -7.69
255 -7.73
256 -7.62
257 -7.52
258 -7.70
259 -7.61
260 -5.19
261 -7.65
262 -7.72
263 -5.30
264 -5.13
265 -7.72
266 -7.61
267 -7.70
268 -7.55
269 -7.64
270 -7.83
271 -7.66
272 -7.76
273 -7.69
274 -7.68
275 -7.55
276 -7.63
277 -7.70
278 -7.69
279 -5.13
280 -7.71
281 -7.65
282 -7.80
283 -7.71
284 -5.07
285 -7.71
286 -5.07
287 -7.67
288 -7.75
289 -7.55
290 -7.75
291 -7.77
292 -7.78
293 -7.66
294 -7.71
295 -4.94
296 -7.79
297 -7.74
298 -7.70
299 -7.53
300 -7.68
301 -7.54
302 -7.73
303 -7.57
304 -7.75
305 -7.57
306 -7.69
307 -7.59
308 -7.67
309 -7.76
310 -7.65
311 -7.92
312 -7.74
313 -7.81
314 -7.64
315 -7.67
316 -7.74
317 -7.64
318 -7.66
319 -7.56
320 -7.65
321 -7.55
322 -7.66
323 -7.64
324 -7.53
325 -7.66
326 -7.68
327 -7.55
328 -7.56
329 -7.66
330 -7.75
331 -7.75
332 -7.73
333 -7.77
334 -7.68
335 -7.74
336 -7.82
337 -7.75
338 -7.67
339 -7.69
340 -7.56
341 -5.24
342 -5.15
343 -7.81
344 -7.53
345 -7.55
346 -7.76
347 -7.73
348 -7.77
349 -5.11
350 -7.74
351 -7.61
352 -7.62
353 -7.79
354 -7.55
355 -7.67
356 -7.70
357 -7.88
358 -7.72
359 -7.85
360 -7.62
361 -7.62
362 -7.60
363 -7.71
364 -7.62
365 -7.69
366 -7.72
367 -2.45
368 -5.04
369 -7.66
370 -7.89
371 -7.79
372 -7.59
373 -7.48
374 -7.73
375 -7.70
376 -5.25
377 -7.76
378 -7.71
379 -7.66
380 -5.00
381 -7.67
382 -7.74
383 -7.70
384 -7.67
385 -7.73
386 -7.60
387 -7.68
388 -5.21
389 -7.76
390 -7.80
391 -7.70
392 -7.77
393 -7.81
394 -7.72
395 -7.65
396 -7.80
397 -7.72
398 -7.68
399 -7.83
400 -7.77
401 -7.64
402 -7.67
403 -7.54
404 -7.54
405 -7.61
406 -7.49
407 -7.67
408 -7.87
409 -7.71
410 -7.69
411 -7.61
412 -7.61
413 -7.76
414 -7.59
415 -7.62
416 -7.62
417 -7.79
418 -7.66
419 -5.12
420 -5.19
421 -7.58
422 -7.79
423 -7.49
424 -5.22
425 -7.75
426 -7.67
427 -7.55
428 -5.23
429 -7.65
430 -7.81
431 -7.70
432 -7.62
433 -7.68
434 -7.65
435 -7.49
436 -7.74
437 -7.74
438 -7.63
439 -7.53
440 -7.76
441 -7.56
442 -7.77
443 -7.71
444 -7.64
445 -7.68
446 -7.53
447 -7.66
448 -7.68
449 -7.60
450 -7.68
451 -7.56
452 -7.63
453 -7.71
454 -7.69
455 -7.81
456 -7.76
457 -7.70
458 -7.60
459 -7.62
460 -5.11
461 -7.71
462 -7.57
463 -7.66
464 -7.67
465 -7.61
466 -7.70
467 -7.74
468 -7.50
469 -7.63
470 -7.67
471 -7.75
472 -7.61
473 -7.65
474 -7.69
475 -7.70
476 -7.64
477 -7.62
478 -7.61
479 -7.63
480 -7.71
481 -7.71
482 -7.79
483 -7.71
484 -7.78
485 -7.67
486 -7.63
487 -7.62
488 -7.73
489 -7.61
490 -7.70
491 -7.62
492 -7.75
493 -7.76
494 -7.78
495 -7.70
496 -7.74
497 -7.70
498 -7.53
499 -7.81
500 -7.71
501 -7.59
502 -7.78
503 -7.52
504 -7.67
505 -7.66
506 -7.50
507 -7.75
508 -7.76
509 -7.47
510 -7.70
511 -7.65
512 -7.57
513 -7.58
514 -7.63
515 -7.59
516 -7.74
517 -7.67
518 -7.66
519 -7.72
520 -7.68
521 -7.69
522 -7.71
523 -7.81
524 -7.62
525 -7.76
526 -7.58
527 -7.61
528 -7.67
529 -5.04
530 -7.68
531 -7.70
532 -7.58
533 -7.62
534 -7.64
535 -5.13
536 -7.82
537 -7.58
538 -7.69
539 -7.64
540 -7.76
541 -7.77
542 -7.65
543 -7.63
544 -5.27
545 -7.55
546 -7.66
547 -7.71
548 -7.67
549 -7.58
550 -7.58
551 -7.64
552 -7.67
553 -7.66
554 -7.76
555 -5.09
556 -7.81
557 -7.69
558 -7.66
559 -7.67
560 -7.61
561 -7.74
562 -7.69
563 -7.80
564 -7.78
565 -7.77
566 -7.66
567 -7.69
568 -7.55
569 -5.09
570 -7.61
571 -7.82
572 -7.82
573 -7.64
574 -7.70
575 -7.69
576 -7.71
577 -7.57
578 -7.67
579 -7.61
580 -7.62
581 -7.59
582 -7.74
583 -7.65
584 -7.47
585 -7.72
586 -7.71
587 -7.72
588 -7.71
589 -7.57
590 -7.75
591 -7.73
592 -7.70
593 -7.75
594 -7.68
595 -7.61
596 -7.80
597 -7.73
598 -5.18
599 -7.63
600 -7.71
601 -7.71
602 -7.72
603 -7.84
604 -7.53
605 -7.71
606 -7.79
607 -7.68
608 -7.67
609 -7.81
610 -7.69
611 -7.59
612 -7.56
613 -7.54
614 -7.57
615 -7.71
616 -7.57
617 -7.64
618 -7.59
619 -7.73
620 -7.61
621 -7.65
622 -7.69
623 -7.50
624 -7.57
625 -7.70
626 -7.63
627 -7.83
628 -7.52
629 -7.58
630 -7.61
631 -7.66
632 -7.53
633 -7.67
634 -7.56
635 -5.21
636 -7.64
637 -7.54
638 -7.69
639 -7.65
640 -7.69
641 -7.75
642 -7.64
643 -7.73
644 -7.78
645 -7.69
646 -7.60
647 -7.71
648 -7.69
649 -7.82
650 -7.56
651 -7.67
652 -7.74
653 -7.67
654 -7.68
655 -7.75
656 -7.64
657 -7.77
658 -7.62
659 -7.71
660 -7.73
661 -7.63
662 -7.86
663 -7.68
664 -7.75
665 -7.62
666 -7.85
667 -7.62
668 -7.67
669 -7.57
670 -7.60
671 -7.73
672 -7.84
673 -7.70
674 -7.57
675 -7.75
676 -7.76
677 -7.75
678 -7.72
679 -7.73
680 -7.86
681 -7.51
682 -7.74
683 -5.00
684 -7.48
685 -7.47
686 -7.58
687 -7.85
688 -7.89
689 -7.59
690 -7.69
691 -7.62
692 -7.70
693 -5.11
694 -7.73
695 -7.72
696 -7.69
697 -7.68
698 -7.75
699 -5.10
700 -7.55
701 -7.67
702 -7.68
703 -7.75
704 -7.51
705 -7.69
706 -7.87
707 -7.60
708 -7.58
709 -7.70
710 -7.70
711 -7.69
712 -7.62
713 -7.69
714 -7.72
715 -7.64
716 -5.11
717 -7.75
718 -7.78
719 -7.70
720 -7.65
721 -7.54
722 -7.70
723 -7.64
724 -7.77
725 -7.55
726 -7.76
727 -7.54
728 -7.60
729 -7.65
730 -7.73
731 -7.76
732 -7.71
733 -7.65
734 -7.59
735 -7.56
736 -7.52
737 -7.64
738 -5.07
739 -7.71
740 -7.58
741 -7.64
742 -7.52
743 -7.73
744 -7.55
745 -7.60
746 -5.28
747 -7.51
748 -5.20
749 -5.15
750 -7.73
751 -7.69
752 -7.60
753 -7.82
754 -7.62
755 -7.73
756 -7.70
757 -7.77
758 -7.71
759 -7.66
760 -7.78
761 -7.69
762 -7.66
763 -7.54
764 -7.66
765 -7.71
766 -7.65
767 -7.66
768 -7.71
769 -7.67
770 -7.60
771 -7.76
772 -7.58
773 -7.74
774 -7.68
775 -7.55
776 -7.67
777 -7.42
778 -7.66
779 -7.61
780 -5.14
781 -7.55
782 -5.16
783 -7.76
784 -7.70
785 -7.65
786 -7.66
787 -7.57
788 -7.61
789 -7.67
790 -5.18
791 -7.84
792 -7.72
793 -7.75
794 -7.49
795 -7.74
796 -7.69
797 -7.67
798 -7.46
799 -7.89
800 -7.59
801 -7.69
802 -7.80
803 -7.74
804 -7.75
805 -7.61
806 -7.68
807 -7.64
808 -7.63
809 -7.58
810 -7.46
811 -7.82
812 -7.78
813 -7.58
814 -7.71
815 -7.68
816 -7.47
817 -7.59
818 -7.75
819 -7.50
820 -7.65
821 -7.68
822 -7.61
823 -7.68
824 -7.52
825 -7.68
826 -5.28
827 -7.70
828 -7.77
829 -7.56
830 -7.64
831 -7.85
832 -7.66
833 -7.65
834 -7.61
835 -7.82
836 -7.63
837 -7.73
838 -7.56
839 -7.64
840 -7.58
841 -7.66
842 -7.76
843 -7.76
844 -7.59
845 -7.78
846 -7.82
847 -7.50
848 -7.68
849 -7.58
850 -7.60
851 -7.77
852 -7.73
853 -7.66
854 -5.04
855 -7.72
856 -7.54
857 -7.76
858 -5.09
859 -7.69
860 -5.21
861 -7.90
862 -7.68
863 -7.63
864 -7.61
865 -7.76
866 -5.04
867 -7.58
868 -7.80
869 -7.61
870 -7.73
871 -7.74
872 -7.50
873 -7.74
874 -7.70
875 -7.75
876 -7.60
877 -7.67
878 -7.58
879 -7.79
880 -7.75
881 -7.73
882 -7.62
883 -7.62
884 -7.68
885 -7.61
886 -5.18
887 -7.69
888 -7.62
889 -7.68
890 -7.54
891 -7.66
892 -7.74
893 -7.58
894 -7.76
895 -7.68
896 -7.66
897 -7.57
898 -7.71
899 -7.67
900 -7.76
901 -7.56
902 -7.65
903 -7.71
904 -7.56
905 -7.60
906 -7.64
907 -7.50
908 -5.22
909 -5.19
910 -7.74
911 -7.76
912 -7.46
913 -7.59
914 -7.52
915 -7.85
916 -7.57
917 -7.69
918 -7.82
919 -7.58
920 -7.79
921 -7.75
922 -7.74
923 -7.66
924 -7.82
925 -7.58
926 -7.64
927 -7.69
928 -7.64
929 -7.70
930 -7.76
931 -7.70
932 -7.73
933 -7.69
934 -7.56
935 -7.71
936 -7.64
937 -2.66
938 -7.68
939 -7.67
940 -7.68
941 -7.63
942 -7.52
943 -7.57
944 -7.77
945 -7.64
946 -7.61
947 -7.37
948 -7.81
949 -7.63
950 -7.74
951 -7.59
952 -7.57
953 -7.63
954 -7.56
955 -7.77
956 -2.75
957 -7.49
958 -7.65
959 -7.65
960 -5.16
961 -7.63
962 -7.66
963 -7.63
964 -7.61
965 -7.80
966 -7.70
967 -7.60
968 -5.28
969 -5.22
970 -7.76
971 -7.69
972 -5.20
973 -7.72
974 -5.03
975 -7.68
976 -7.59
977 -7.69
978 -7.69
979 -5.23
980 -7.70
981 -7.71
982 -7.84
983 -7.85
984 -7.70
985 -7.78
986 -7.68
987 -7.66
988 -5.09
989 -7.69
990 -7.72
991 -7.59
992 -7.61
993 -7.68
994 -7.76
995 -7.53
996 -7.66
997 -7.78
998 -7.77
999 -7.60
3364.4282763004303
