0 -7.61
1 -7.76
2 -7.70
3 -7.72
4 -7.79
5 -7.66
6 -5.13
7 -7.50
8 -2.70
9 -7.67
10 -7.65
11 -7.74
12 -7.70
13 -7.60
14 -7.66
15 -7.77
16 -7.70
17 -7.81
18 -7.59
19 -7.65
20 -7.67
21 -7.72
22 -7.83
23 -5.26
24 -7.79
25 -7.72
26 -7.74
27 -7.68
28 -2.65
29 -7.80
30 -7.51
31 -7.65
32 -5.25
33 -7.55
34 -5.22
35 -7.68
36 -5.23
37 -7.70
38 -2.65
39 -7.77
40 -7.76
41 -2.75
42 -7.53
43 -7.70
44 -2.46
45 -4.99
46 -7.61
47 -5.10
48 -7.74
49 -7.70
50 -2.52
51 -7.68
52 -7.71
53 -0.27
54 -5.13
55 -7.57
56 -7.69
57 -7.56
58 2.42
59 -7.68
60 -7.74
61 -5.32
62 -7.73
63 -5.14
64 -5.21
65 -5.14
66 -7.68
67 -7.70
68 -7.77
69 -7.69
70 -2.66
71 -7.62
72 -0.06
73 -0.17
74 0.01
75 -7.48
76 2.42
77 4.84
78 -2.67
79 4.91
80 9.92
81 -5.09
82 4.96
83 2.23
84 4.85
85 -2.65
86 -2.57
87 2.20
88 -5.06
89 -0.13
90 2.16
91 -0.80
92 -2.09
93 2.44
94 -0.11
95 -2.60
96 17.51
97 9.98
98 7.38
99 -0.10
100 6.67
101 14.79
102 9.54
103 7.35
104 30.07
105 12.47
106 14.97
107 -0.18
108 22.36
109 2.39
110 9.95
111 2.29
112 32.46
113 17.41
114 21.78
115 9.82
116 9.74
117 17.57
118 14.69
119 17.35
120 17.33
121 27.42
122 11.55
123 -0.12
124 16.65
125 19.89
126 20.04
127 25.03
128 28.32
129 20.78
130 25.12
131 22.45
132 14.90
133 27.40
134 17.47
135 22.65
136 22.46
137 22.35
138 25.05
139 34.52
140 29.96
141 29.89
142 14.19
143 24.98
144 9.85
145 19.86
146 7.48
147 21.73
148 10.96
149 14.94
150 21.02
151 22.57
152 28.61
153 12.39
154 37.56
155 17.46
156 21.55
157 27.40
158 19.22
159 11.99
160 24.25
161 22.45
162 15.73
163 12.35
164 34.99
165 31.67
166 22.52
167 17.60
168 24.97
169 17.53
170 19.99
171 19.91
172 14.62
173 32.46
174 28.44
175 12.34
176 24.11
177 29.55
178 32.66
179 17.57
180 22.36
181 26.65
182 24.90
183 22.64
184 12.51
185 32.45
186 24.89
187 35.05
188 20.06
189 49.32
190 24.97
191 33.54
192 22.45
193 19.96
194 17.38
195 25.03
196 42.85
197 14.97
198 33.28
199 37.61
200 36.13
201 29.02
202 32.59
203 21.87
204 26.20
205 9.94
206 31.01
207 19.91
208 22.50
209 22.47
210 37.54
211 37.50
212 27.55
213 14.85
214 22.41
215 22.53
216 33.79
217 12.43
218 34.98
219 31.67
220 27.43
221 27.59
222 29.94
223 42.47
224 36.66
225 19.90
226 34.18
227 25.00
228 22.50
229 30.00
230 20.64
231 18.74
232 12.37
233 24.60
234 21.00
235 34.93
236 37.24
237 37.49
238 10.05
239 20.02
240 26.75
241 35.34
242 32.42
243 27.65
244 37.33
245 17.38
246 22.44
247 29.91
248 29.42
249 14.80
250 32.55
251 19.99
252 51.78
253 27.63
254 33.22
255 29.18
256 17.38
257 32.51
258 27.29
259 41.88
260 7.42
261 30.10
262 20.07
263 24.96
264 11.56
265 14.92
266 17.48
267 14.83
268 17.46
269 27.51
270 27.59
271 23.90
272 13.19
273 32.41
274 45.38
275 14.98
276 30.11
277 11.66
278 49.66
279 22.48
280 33.44
281 24.69
282 14.99
283 42.85
284 32.63
285 26.77
286 39.17
287 30.15
288 17.36
289 34.93
290 27.62
291 32.40
292 34.96
293 35.02
294 25.02
295 37.46
296 28.34
297 22.52
298 40.03
299 24.98
300 24.90
301 43.53
302 35.82
303 30.04
304 24.20
305 29.93
306 37.37
307 31.78
308 27.00
309 42.60
310 30.04
311 17.43
312 27.47
313 14.97
314 34.99
315 18.80
316 34.99
317 32.56
318 25.01
319 44.37
320 35.80
321 27.36
322 34.98
323 35.11
324 24.95
325 33.34
326 10.04
327 41.64
328 49.75
329 28.37
330 29.97
331 7.34
332 22.04
333 32.53
334 32.42
335 19.93
336 27.53
337 41.69
338 14.86
339 27.52
340 27.33
341 26.66
342 30.00
343 37.45
344 26.74
345 27.38
346 20.05
347 26.38
348 17.41
349 12.39
350 25.75
351 21.46
352 27.57
353 50.90
354 26.38
355 32.29
356 57.48
357 27.58
358 29.89
359 27.46
360 32.46
361 22.49
362 28.47
363 22.44
364 39.89
365 34.29
366 32.59
367 34.87
368 22.40
369 22.44
370 24.11
371 37.16
372 35.11
373 24.85
374 22.59
375 17.48
376 26.58
377 9.98
378 23.33
379 21.69
380 31.75
381 27.54
382 50.04
383 12.47
384 37.57
385 37.54
386 24.37
387 24.88
388 50.03
389 32.45
390 22.33
391 42.60
392 32.66
393 17.54
394 27.57
395 32.50
396 42.53
397 50.80
398 40.12
399 32.51
400 29.99
401 14.77
402 34.93
403 33.82
404 22.42
405 32.43
406 19.94
407 40.42
408 31.34
409 7.53
410 22.59
411 12.38
412 34.99
413 31.83
414 30.82
415 42.48
416 35.13
417 21.68
418 32.46
419 31.76
420 50.51
421 29.66
422 42.61
423 37.69
424 14.85
425 27.50
426 37.06
427 17.50
428 24.96
429 22.36
430 32.55
431 28.24
432 24.83
433 28.45
434 4.93
435 22.61
436 31.76
437 25.14
438 22.38
439 34.34
440 32.49
441 27.58
442 22.49
443 19.78
444 25.02
445 17.31
446 35.07
447 9.91
448 35.07
449 27.47
450 37.28
451 22.56
452 38.27
453 14.13
454 27.87
455 40.08
456 45.06
457 35.05
458 24.92
459 40.07
460 59.62
461 37.47
462 45.08
463 45.11
464 30.06
465 28.00
466 45.76
467 29.90
468 52.21
469 47.63
470 24.95
471 17.48
472 34.86
473 14.93
474 32.37
475 37.84
476 37.52
477 30.04
478 38.75
479 7.76
480 29.91
481 26.59
482 32.55
483 34.94
484 22.48
485 27.51
486 40.15
487 37.47
488 7.29
489 39.23
490 34.32
491 35.00
492 40.03
493 28.04
494 19.94
495 20.03
496 29.98
497 19.82
498 29.18
499 29.91
500 34.96
501 27.49
502 27.30
503 14.95
504 29.18
505 30.90
506 22.46
507 19.80
508 25.02
509 14.97
510 22.31
511 44.99
512 34.81
513 39.06
514 20.06
515 55.09
516 46.23
517 39.09
518 29.55
519 29.36
520 30.02
521 42.61
522 17.43
523 22.35
524 35.00
525 39.30
526 27.49
527 45.06
528 29.27
529 23.55
530 26.77
531 29.98
532 35.13
533 24.73
534 32.56
535 29.26
536 50.10
537 24.19
538 30.89
539 39.91
540 12.60
541 42.37
542 39.87
543 31.63
544 27.38
545 40.04
546 30.06
547 39.97
548 36.83
549 19.97
550 42.61
551 27.55
552 25.05
553 25.07
554 38.32
555 39.26
556 44.90
557 27.50
558 24.91
559 32.46
560 26.64
561 37.51
562 28.31
563 43.40
564 48.86
565 32.41
566 24.57
567 22.44
568 17.31
569 37.17
570 47.39
571 32.51
572 14.92
573 42.99
574 19.86
575 37.40
576 34.90
577 37.53
578 27.33
579 43.37
580 27.47
581 48.86
582 30.05
583 68.35
584 27.42
585 34.15
586 42.67
587 17.56
588 41.20
589 22.35
590 21.35
591 27.55
592 27.56
593 30.15
594 19.94
595 43.29
596 36.73
597 40.51
598 39.17
599 37.52
600 32.66
601 51.00
602 31.64
603 42.59
604 44.33
605 47.74
606 23.72
607 43.33
608 37.53
609 32.31
610 32.52
611 28.79
612 37.47
613 47.60
614 35.10
615 32.89
616 25.03
617 26.13
618 26.61
619 17.51
620 42.49
621 29.95
622 35.03
623 27.51
624 28.04
625 27.55
626 35.03
627 30.09
628 39.37
629 25.05
630 41.70
631 27.34
632 24.83
633 29.82
634 40.07
635 25.03
636 32.60
637 24.31
638 40.05
639 54.90
640 32.51
641 32.45
642 37.59
643 28.03
644 25.08
645 49.25
646 22.42
647 37.49
648 43.33
649 36.34
650 19.61
651 19.10
652 31.77
653 37.45
654 35.02
655 38.40
656 54.92
657 42.69
658 38.49
659 37.54
660 29.81
661 42.55
662 30.12
663 45.08
664 37.46
665 34.34
666 29.88
667 34.80
668 29.98
669 42.53
670 39.90
671 37.59
672 54.76
673 32.47
674 37.52
675 29.23
676 17.49
677 39.88
678 40.01
679 26.68
680 44.20
681 39.99
682 63.46
683 24.85
684 51.56
685 37.62
686 20.78
687 41.23
688 37.56
689 40.10
690 60.07
691 26.67
692 42.55
693 24.16
694 44.31
695 34.82
696 27.47
697 45.06
698 33.58
699 29.92
700 49.98
701 43.99
702 17.27
703 27.36
704 32.51
705 40.94
706 36.89
707 33.76
708 27.49
709 45.10
710 43.93
711 34.97
712 14.98
713 32.39
714 35.06
715 35.33
716 25.01
717 24.97
718 60.07
719 34.96
720 19.81
721 32.43
722 37.23
723 17.48
724 19.89
725 40.96
726 22.52
727 27.36
728 47.63
729 40.04
730 19.95
731 31.64
732 43.94
733 32.48
734 34.80
735 19.91
736 21.67
737 17.54
738 50.14
739 35.05
740 12.45
741 47.52
742 47.64
743 26.60
744 32.56
745 34.67
746 47.61
747 42.39
748 36.73
749 43.48
750 35.01
751 36.51
752 32.43
753 26.89
754 40.02
755 37.15
756 45.03
757 42.52
758 22.44
759 32.45
760 35.07
761 27.33
762 45.04
763 37.45
764 40.93
765 42.15
766 22.45
767 24.91
768 17.43
769 27.54
770 22.55
771 34.98
772 48.86
773 51.79
774 17.42
775 34.81
776 39.28
777 43.99
778 29.95
779 42.28
780 29.25
781 31.73
782 31.62
783 37.55
784 32.49
785 27.39
786 41.77
787 19.88
788 39.18
789 39.89
790 14.80
791 33.40
792 28.29
793 47.46
794 27.56
795 40.09
796 29.98
797 34.95
798 14.91
799 46.47
800 27.48
801 27.33
802 14.87
803 37.56
804 32.47
805 38.42
806 22.55
807 27.63
808 29.97
809 23.26
810 42.88
811 32.34
812 52.47
813 42.08
814 32.43
815 37.44
816 27.57
817 52.59
818 52.53
819 30.54
820 50.34
821 25.05
822 44.31
823 41.63
824 35.00
825 29.07
826 39.99
827 50.15
828 45.01
829 25.00
830 35.66
831 66.23
832 34.80
833 66.44
834 32.54
835 51.15
836 27.52
837 42.45
838 41.02
839 50.62
840 22.59
841 35.02
842 37.52
843 27.41
844 59.25
845 42.49
846 19.95
847 34.99
848 35.07
849 44.20
850 41.74
851 29.92
852 21.71
853 34.99
854 20.08
855 45.01
856 45.11
857 46.74
858 29.89
859 57.55
860 32.48
861 37.68
862 25.14
863 37.38
864 22.48
865 32.52
866 47.16
867 61.79
868 27.55
869 42.14
870 27.51
871 30.04
872 30.06
873 24.85
874 47.45
875 47.22
876 36.95
877 44.70
878 25.94
879 50.10
880 25.05
881 57.60
882 37.51
883 27.57
884 60.12
885 39.88
886 25.01
887 35.10
888 37.39
889 60.37
890 24.88
891 25.82
892 36.53
893 46.69
894 60.65
895 39.94
896 34.75
897 55.06
898 49.56
899 42.48
900 39.95
901 35.07
902 27.55
903 32.53
904 66.38
905 29.97
906 52.69
907 34.92
908 34.25
909 45.01
910 27.64
911 29.95
912 27.46
913 39.58
914 50.98
915 37.59
916 44.95
917 22.37
918 27.50
919 31.12
920 42.46
921 42.60
922 51.64
923 34.91
924 19.96
925 55.08
926 42.65
927 32.47
928 29.92
929 35.02
930 53.19
931 24.15
932 34.85
933 35.99
934 32.28
935 25.90
936 40.10
937 32.52
938 24.84
939 27.46
940 47.43
941 30.05
942 50.81
943 52.16
944 52.50
945 17.43
946 24.98
947 22.46
948 49.13
949 35.04
950 24.88
951 26.71
952 34.99
953 34.12
954 42.93
955 27.53
956 27.37
957 42.26
958 49.35
959 41.26
960 48.36
961 35.74
962 22.38
963 53.74
964 14.96
965 57.91
966 34.27
967 40.08
968 42.51
969 32.43
970 47.43
971 41.82
972 49.91
973 21.37
974 51.75
975 32.53
976 35.07
977 72.06
978 42.91
979 54.41
980 27.40
981 48.60
982 29.97
983 31.65
984 65.67
985 27.43
986 27.51
987 22.55
988 24.89
989 54.18
990 22.22
991 45.18
992 34.29
993 47.43
994 38.12
995 32.47
996 41.83
997 35.95
998 50.02
999 42.48
3505.36781167984
