0 -2.5749999999999362
1 -2.5549999999999367
2 -2.624999999999935
3 -2.584999999999936
4 -7.629999999999873
5 -2.5649999999999364
6 -2.5149999999999375
7 -2.484999999999938
8 -2.5549999999999367
9 -2.5149999999999375
10 -7.839999999999868
11 -7.819999999999869
12 -2.624999999999935
13 -2.584999999999936
14 -2.6049999999999356
15 -7.719999999999871
16 -2.624999999999935
17 -7.669999999999872
18 -7.669999999999872
19 -2.6049999999999356
20 -2.5149999999999375
21 -2.584999999999936
22 -7.74999999999987
23 -2.6649999999999343
24 -7.7399999999998705
25 -2.5599999999999365
26 -7.689999999999872
27 -7.669999999999872
28 -2.584999999999936
29 -0.02499999999991556
30 -2.6549999999999345
31 -7.574999999999874
32 -2.584999999999936
33 -2.534999999999937
34 -2.5699999999999363
35 -2.529999999999937
36 -2.579999999999936
37 -2.6449999999999347
38 -2.5599999999999365
39 -2.539999999999937
40 -7.619999999999873
41 -2.624999999999935
42 -2.5649999999999364
43 -2.499999999999938
44 -2.6449999999999347
45 -2.5499999999999368
46 -7.499999999999876
47 -2.594999999999936
48 -2.594999999999936
49 -7.589999999999874
50 -0.09999999999991557
51 -2.6149999999999354
52 -0.09499999999991557
53 -7.629999999999873
54 -2.534999999999937
55 -2.6599999999999344
56 -2.589999999999936
57 -7.639999999999873
58 -2.534999999999937
59 -2.639999999999935
60 -2.5749999999999362
61 -2.5999999999999357
62 -2.6999999999999336
63 -2.5999999999999357
64 -2.5049999999999377
65 -2.499999999999938
66 -2.5599999999999365
67 -2.6099999999999355
68 -2.5649999999999364
69 -7.589999999999874
70 -0.04999999999991555
71 -2.5549999999999367
72 -2.534999999999937
73 -2.5999999999999357
74 -7.659999999999872
75 -2.5249999999999373
76 -2.534999999999937
77 -2.6199999999999353
78 -2.639999999999935
79 -2.589999999999936
80 -2.5999999999999357
81 -7.75999999999987
82 -2.594999999999936
83 -2.5599999999999365
84 -7.609999999999873
85 -2.6449999999999347
86 -2.629999999999935
87 -2.594999999999936
88 -7.639999999999873
89 -2.629999999999935
90 -2.5699999999999363
91 -2.589999999999936
92 -7.729999999999871
93 -2.544999999999937
94 -0.11999999999991559
95 -2.5249999999999373
96 -2.5749999999999362
97 -2.5549999999999367
98 -2.5499999999999368
99 -2.594999999999936
100 -2.5199999999999374
101 -0.11999999999991559
102 -7.569999999999874
103 -2.629999999999935
104 -7.619999999999873
105 -2.5749999999999362
106 -7.7399999999998705
107 -2.5549999999999367
108 -2.544999999999937
109 -2.5049999999999377
110 -2.534999999999937
111 -2.5599999999999365
112 -2.579999999999936
113 -2.584999999999936
114 -2.6099999999999355
115 -7.77999999999987
116 -2.624999999999935
117 -0.1449999999999156
118 -2.6649999999999343
119 -2.589999999999936
120 -2.5999999999999357
121 0.015000000000084446
122 -2.634999999999935
123 -2.5649999999999364
124 -2.6099999999999355
125 -7.629999999999873
126 -2.5599999999999365
127 -7.77999999999987
128 -7.74999999999987
129 -2.544999999999937
130 -2.484999999999938
131 -5.179999999999872
132 -2.6649999999999343
133 -0.04999999999991555
134 -2.529999999999937
135 -2.5499999999999368
136 -7.669999999999872
137 -7.679999999999872
138 -2.579999999999936
139 -2.6049999999999356
140 -2.5499999999999368
141 -5.2899999999998695
142 -2.669999999999934
143 -2.5749999999999362
144 -2.629999999999935
145 -2.6149999999999354
146 -2.6499999999999346
147 -2.584999999999936
148 -2.6199999999999353
149 -2.5599999999999365
150 -2.6149999999999354
151 -7.669999999999872
152 -7.689999999999872
153 -2.589999999999936
154 -7.629999999999873
155 -2.539999999999937
156 -2.594999999999936
157 -2.5999999999999357
158 -7.629999999999873
159 -7.589999999999874
160 -2.6049999999999356
161 -2.5599999999999365
162 -2.5549999999999367
163 0.015000000000084446
164 -2.529999999999937
165 -2.6199999999999353
166 -2.5749999999999362
167 -2.584999999999936
168 -2.5499999999999368
169 -2.5249999999999373
170 -2.5749999999999362
171 -7.77999999999987
172 -7.719999999999871
173 -7.624999999999873
174 -2.5699999999999363
175 -2.5499999999999368
176 -2.5699999999999363
177 -2.6549999999999345
178 -2.629999999999935
179 -2.6599999999999344
180 -2.6499999999999346
181 -7.819999999999869
182 -2.5999999999999357
183 -2.594999999999936
184 -2.5149999999999375
185 -2.669999999999934
186 -2.6199999999999353
187 -2.534999999999937
188 -2.624999999999935
189 -2.594999999999936
190 -2.624999999999935
191 -2.589999999999936
192 -7.5999999999998735
193 -2.584999999999936
194 -2.529999999999937
195 -2.5699999999999363
196 -2.5749999999999362
197 -2.589999999999936
198 -2.579999999999936
199 -2.624999999999935
200 -2.584999999999936
201 -7.74999999999987
202 -2.534999999999937
203 -2.5599999999999365
204 -2.5749999999999362
205 -2.6199999999999353
206 -2.6099999999999355
207 -2.5749999999999362
208 -2.684999999999934
209 -2.499999999999938
210 -2.539999999999937
211 -2.589999999999936
212 -2.5699999999999363
213 -7.699999999999871
214 -2.6099999999999355
215 -2.629999999999935
216 -2.5049999999999377
217 -0.10499999999991558
218 -7.669999999999872
219 -2.6599999999999344
220 -2.5749999999999362
221 -2.529999999999937
222 -2.629999999999935
223 -2.594999999999936
224 -2.5749999999999362
225 -2.5199999999999374
226 -2.494999999999938
227 -2.594999999999936
228 -2.454999999999939
229 -7.5999999999998735
230 -2.6199999999999353
231 -7.669999999999872
232 -2.5699999999999363
233 -2.589999999999936
234 -7.589999999999874
235 -7.639999999999873
236 -7.6499999999998725
237 -7.549999999999875
238 -7.659999999999872
239 -2.494999999999938
240 -2.5699999999999363
241 -2.5649999999999364
242 -2.5599999999999365
243 -2.5599999999999365
244 -7.7899999999998695
245 -2.539999999999937
246 -2.589999999999936
247 -2.634999999999935
248 -2.544999999999937
249 -2.6049999999999356
250 -2.634999999999935
251 -7.724999999999871
252 -7.709999999999871
253 -7.729999999999871
254 -7.579999999999874
255 -2.5699999999999363
256 -7.539999999999875
257 -5.229999999999871
258 -2.6199999999999353
259 -2.629999999999935
260 -2.5549999999999367
261 -2.594999999999936
262 -2.579999999999936
263 -2.534999999999937
264 -2.5049999999999377
265 -2.594999999999936
266 -2.5549999999999367
267 -7.604999999999873
268 -2.629999999999935
269 -2.5649999999999364
270 -7.709999999999871
271 -2.6049999999999356
272 -2.5249999999999373
273 -2.6099999999999355
274 -2.624999999999935
275 -2.6149999999999354
276 -2.539999999999937
277 -2.5599999999999365
278 -2.5549999999999367
279 -2.6199999999999353
280 -2.529999999999937
281 -2.6099999999999355
282 -2.5649999999999364
283 -7.619999999999873
284 -2.534999999999937
285 -2.5249999999999373
286 -2.6199999999999353
287 -2.6649999999999343
288 -2.634999999999935
289 -2.5999999999999357
290 -2.5249999999999373
291 -2.579999999999936
292 -7.75999999999987
293 -2.5649999999999364
294 -7.664999999999872
295 -2.5749999999999362
296 -2.594999999999936
297 -2.589999999999936
298 -2.5749999999999362
299 -2.5649999999999364
300 -2.5549999999999367
301 -2.669999999999934
302 -2.584999999999936
303 -2.589999999999936
304 -2.6199999999999353
305 -2.629999999999935
306 -2.6149999999999354
307 -2.639999999999935
308 -2.584999999999936
309 -2.534999999999937
310 -2.679999999999934
311 -2.6099999999999355
312 -2.579999999999936
313 -0.019999999999915558
314 -2.579999999999936
315 -2.539999999999937
316 -7.719999999999871
317 -7.619999999999873
318 -2.5599999999999365
319 -0.08999999999991556
320 -2.679999999999934
321 -7.619999999999873
322 -2.6549999999999345
323 -2.5649999999999364
324 -2.6099999999999355
325 -2.544999999999937
326 -2.5649999999999364
327 -2.584999999999936
328 -2.5099999999999376
329 -5.0999999999998735
330 -7.849999999999868
331 -2.544999999999937
332 -2.6549999999999345
333 -2.679999999999934
334 -2.5699999999999363
335 -2.594999999999936
336 -7.5999999999998735
337 -7.699999999999871
338 -2.5699999999999363
339 -7.589999999999874
340 -2.6049999999999356
341 -2.5599999999999365
342 -7.719999999999871
343 -2.5999999999999357
344 -2.529999999999937
345 -2.5999999999999357
346 -7.74999999999987
347 -2.6549999999999345
348 -7.559999999999874
349 -2.484999999999938
350 -2.584999999999936
351 -2.584999999999936
352 -2.5999999999999357
353 -7.639999999999873
354 -2.6049999999999356
355 -7.869999999999868
356 -2.584999999999936
357 -2.6449999999999347
358 -2.5199999999999374
359 -7.699999999999871
360 -2.589999999999936
361 -2.6049999999999356
362 -2.579999999999936
363 -2.534999999999937
364 -2.594999999999936
365 -7.7899999999998695
366 -7.579999999999874
367 -2.5599999999999365
368 -2.5999999999999357
369 -2.639999999999935
370 -7.654999999999872
371 -7.74999999999987
372 -7.669999999999872
373 -2.5699999999999363
374 -2.5699999999999363
375 -2.584999999999936
376 -7.729999999999871
377 -0.05499999999991555
378 -2.634999999999935
379 -2.539999999999937
380 -7.709999999999871
381 -2.5099999999999376
382 -2.6199999999999353
383 -2.5999999999999357
384 -0.10499999999991558
385 -7.899999999999867
386 -2.589999999999936
387 -2.539999999999937
388 -2.589999999999936
389 -2.684999999999934
390 -2.6099999999999355
391 -2.594999999999936
392 -7.77999999999987
393 -2.6099999999999355
394 -2.5649999999999364
395 -2.489999999999938
396 -7.859999999999868
397 -2.6499999999999346
398 -2.5049999999999377
399 -7.679999999999872
400 -7.849999999999868
401 -2.534999999999937
402 -2.539999999999937
403 -2.594999999999936
404 -2.579999999999936
405 -2.5749999999999362
406 -2.584999999999936
407 -2.494999999999938
408 -2.6199999999999353
409 -2.6199999999999353
410 -2.5099999999999376
411 -2.5699999999999363
412 -2.634999999999935
413 -2.6149999999999354
414 -2.6099999999999355
415 -2.534999999999937
416 -2.5699999999999363
417 -2.589999999999936
418 -2.5699999999999363
419 -7.589999999999874
420 -2.6599999999999344
421 -2.5199999999999374
422 -7.379999999999878
423 -7.829999999999869
424 -2.539999999999937
425 -2.6049999999999356
426 -2.544999999999937
427 -2.624999999999935
428 -2.579999999999936
429 -2.579999999999936
430 -2.5649999999999364
431 -7.509999999999875
432 -2.6099999999999355
433 -2.529999999999937
434 -7.589999999999874
435 -7.709999999999871
436 -2.6099999999999355
437 -2.5249999999999373
438 -7.609999999999873
439 -2.529999999999937
440 -2.5749999999999362
441 -2.534999999999937
442 -2.629999999999935
443 -2.629999999999935
444 -2.5599999999999365
445 -2.5599999999999365
446 -2.5999999999999357
447 -7.689999999999872
448 -7.589999999999874
449 -2.5999999999999357
450 -2.5549999999999367
451 -2.5499999999999368
452 -7.619999999999873
453 -0.08499999999991556
454 -7.629999999999873
455 -2.6149999999999354
456 -0.08499999999991556
457 -0.05499999999991555
458 -2.544999999999937
459 -7.7399999999998705
460 -2.6199999999999353
461 -2.6899999999999338
462 -2.499999999999938
463 -2.5149999999999375
464 -2.6049999999999356
465 -2.6049999999999356
466 -2.624999999999935
467 -2.6099999999999355
468 -7.679999999999872
469 -2.5549999999999367
470 -2.6599999999999344
471 -2.5749999999999362
472 -2.5499999999999368
473 -7.729999999999871
474 -2.6149999999999354
475 -2.674999999999934
476 -2.5199999999999374
477 -2.5499999999999368
478 -2.5549999999999367
479 -2.634999999999935
480 -2.5599999999999365
481 -7.609999999999873
482 -7.76999999999987
483 -2.579999999999936
484 -2.594999999999936
485 -2.5249999999999373
486 -2.589999999999936
487 -2.579999999999936
488 -2.6449999999999347
489 -2.5649999999999364
490 -2.6599999999999344
491 -2.589999999999936
492 -2.589999999999936
493 -2.634999999999935
494 -2.589999999999936
495 -2.6049999999999356
496 -2.684999999999934
497 -0.06499999999991554
498 -2.5499999999999368
499 -7.709999999999871
500 -7.719999999999871
501 -2.6049999999999356
502 -2.5499999999999368
503 -2.6099999999999355
504 -2.5149999999999375
505 -2.579999999999936
506 -7.75999999999987
507 -2.5749999999999362
508 -7.699999999999871
509 -2.6199999999999353
510 -2.5699999999999363
511 -2.5699999999999363
512 -2.6049999999999356
513 -2.6049999999999356
514 -2.669999999999934
515 -2.6099999999999355
516 -2.6049999999999356
517 -7.659999999999872
518 -7.519999999999875
519 -7.75999999999987
520 -0.059999999999915545
521 -2.594999999999936
522 -2.5649999999999364
523 -2.5649999999999364
524 -2.5699999999999363
525 -7.709999999999871
526 -2.579999999999936
527 -7.75999999999987
528 -2.5699999999999363
529 -7.7399999999998705
530 -2.624999999999935
531 -2.539999999999937
532 -2.5649999999999364
533 -2.5999999999999357
534 -2.5749999999999362
535 -7.699999999999871
536 -2.529999999999937
537 -7.579999999999874
538 -2.6199999999999353
539 -7.5999999999998735
540 -2.6149999999999354
541 -7.454999999999877
542 -2.584999999999936
543 -7.76999999999987
544 -2.634999999999935
545 -0.08499999999991556
546 -7.494999999999876
547 -2.5999999999999357
548 -2.594999999999936
549 -2.6949999999999337
550 -7.659999999999872
551 -2.484999999999938
552 -2.5499999999999368
553 -7.669999999999872
554 -2.4799999999999383
555 -2.539999999999937
556 -2.594999999999936
557 -7.619999999999873
558 -7.659999999999872
559 -7.75999999999987
560 -2.5599999999999365
561 -2.5549999999999367
562 -2.589999999999936
563 -2.6649999999999343
564 -2.6099999999999355
565 -7.629999999999873
566 -7.7399999999998705
567 -7.489999999999876
568 -2.629999999999935
569 -2.5699999999999363
570 -2.674999999999934
571 -7.619999999999873
572 -2.594999999999936
573 -2.589999999999936
574 -2.5749999999999362
575 -2.5749999999999362
576 -2.6549999999999345
577 -2.6099999999999355
578 -2.539999999999937
579 -2.5649999999999364
580 -2.534999999999937
581 -2.624999999999935
582 -7.6949999999998715
583 -2.6199999999999353
584 -2.5599999999999365
585 -2.6049999999999356
586 -7.669999999999872
587 -2.539999999999937
588 -2.5499999999999368
589 -7.74999999999987
590 -7.5999999999998735
591 -2.5699999999999363
592 -2.6149999999999354
593 -2.5749999999999362
594 -2.594999999999936
595 -2.5749999999999362
596 -2.5649999999999364
597 -2.6049999999999356
598 -2.6049999999999356
599 -2.5749999999999362
600 -2.5999999999999357
601 -7.689999999999872
602 -2.5599999999999365
603 -7.799999999999869
604 -5.1949999999998715
605 -0.07999999999991556
606 -2.629999999999935
607 -2.5599999999999365
608 -2.5549999999999367
609 -7.529999999999875
610 -2.624999999999935
611 -7.74999999999987
612 -7.609999999999873
613 -2.534999999999937
614 -2.6049999999999356
615 -2.5099999999999376
616 -2.6199999999999353
617 -7.719999999999871
618 -2.5649999999999364
619 -2.5549999999999367
620 -7.75999999999987
621 -2.539999999999937
622 -2.5049999999999377
623 -7.549999999999875
624 -2.5999999999999357
625 -7.689999999999872
626 -2.5149999999999375
627 -2.6449999999999347
628 -2.5149999999999375
629 -2.484999999999938
630 -2.6149999999999354
631 -2.5699999999999363
632 -2.584999999999936
633 -2.589999999999936
634 -2.5149999999999375
635 -7.659999999999872
636 -7.509999999999875
637 -2.6049999999999356
638 -2.5749999999999362
639 -2.579999999999936
640 -2.5699999999999363
641 -7.659999999999872
642 -2.684999999999934
643 -7.679999999999872
644 -2.5549999999999367
645 -5.199999999999871
646 -2.594999999999936
647 -2.5249999999999373
648 -7.589999999999874
649 -2.5549999999999367
650 -2.594999999999936
651 -2.6199999999999353
652 -2.5649999999999364
653 -2.6199999999999353
654 -2.5699999999999363
655 -7.7399999999998705
656 -2.5049999999999377
657 -2.594999999999936
658 -2.544999999999937
659 -2.5549999999999367
660 -7.519999999999875
661 -2.5049999999999377
662 -7.719999999999871
663 -2.5649999999999364
664 -2.669999999999934
665 -2.5749999999999362
666 -0.1249999999999156
667 -2.539999999999937
668 -2.5149999999999375
669 -2.594999999999936
670 -2.584999999999936
671 -2.6049999999999356
672 -2.544999999999937
673 -7.5999999999998735
674 -7.609999999999873
675 -7.479999999999876
676 -2.5699999999999363
677 -2.544999999999937
678 -2.589999999999936
679 -2.5549999999999367
680 -2.6049999999999356
681 -2.6049999999999356
682 -2.5499999999999368
683 -2.5699999999999363
684 -2.679999999999934
685 -7.654999999999872
686 -7.849999999999868
687 -2.534999999999937
688 -2.5699999999999363
689 -2.6449999999999347
690 -2.639999999999935
691 -2.594999999999936
692 -7.589999999999874
693 -2.6149999999999354
694 -2.639999999999935
695 -2.639999999999935
696 -2.539999999999937
697 -2.5999999999999357
698 -2.5699999999999363
699 -2.5549999999999367
700 -2.6099999999999355
701 -2.669999999999934
702 -2.589999999999936
703 -2.594999999999936
704 -2.639999999999935
705 -2.584999999999936
706 -2.494999999999938
707 -7.669999999999872
708 -2.5749999999999362
709 -2.5099999999999376
710 -2.6099999999999355
711 -5.1499999999998725
712 -2.5199999999999374
713 -7.8849999999998674
714 -7.719999999999871
715 -2.6049999999999356
716 -2.539999999999937
717 -2.529999999999937
718 -2.579999999999936
719 -2.594999999999936
720 -7.5999999999998735
721 -2.579999999999936
722 -2.5749999999999362
723 -7.639999999999873
724 -2.634999999999935
725 -2.6599999999999344
726 -2.5999999999999357
727 -2.5749999999999362
728 -2.594999999999936
729 -7.519999999999875
730 -7.689999999999872
731 -2.6099999999999355
732 -2.639999999999935
733 -2.539999999999937
734 -2.539999999999937
735 -2.6549999999999345
736 -2.5249999999999373
737 -2.5549999999999367
738 -2.529999999999937
739 -7.699999999999871
740 -2.624999999999935
741 -2.6499999999999346
742 -2.589999999999936
743 -0.11999999999991559
744 -7.584999999999874
745 -2.584999999999936
746 -2.5749999999999362
747 -2.544999999999937
748 -2.6549999999999345
749 -7.74999999999987
750 -2.629999999999935
751 -2.594999999999936
752 -2.579999999999936
753 -2.629999999999935
754 -7.6499999999998725
755 -2.669999999999934
756 -2.674999999999934
757 -2.5499999999999368
758 -2.669999999999934
759 -7.709999999999871
760 -0.10499999999991558
761 -2.5649999999999364
762 -7.559999999999874
763 -7.639999999999873
764 -7.679999999999872
765 -7.609999999999873
766 -2.5149999999999375
767 -7.719999999999871
768 -7.6499999999998725
769 -2.594999999999936
770 -7.714999999999871
771 -0.09499999999991557
772 -7.859999999999868
773 -2.5999999999999357
774 -2.584999999999936
775 -2.634999999999935
776 -2.5249999999999373
777 -2.544999999999937
778 -2.5549999999999367
779 -2.5049999999999377
780 -2.5549999999999367
781 -2.6199999999999353
782 -7.699999999999871
783 -7.709999999999871
784 -2.634999999999935
785 -7.689999999999872
786 -2.5599999999999365
787 -7.529999999999875
788 -2.529999999999937
789 -2.5649999999999364
790 -2.5749999999999362
791 -7.499999999999876
792 -2.579999999999936
793 -2.529999999999937
794 -2.5649999999999364
795 -7.609999999999873
796 -7.689999999999872
797 -2.5549999999999367
798 -7.699999999999871
799 -2.6049999999999356
800 -2.6099999999999355
801 -0.04999999999991555
802 -2.5749999999999362
803 -2.579999999999936
804 -2.6199999999999353
805 -2.5699999999999363
806 -7.509999999999875
807 -2.5549999999999367
808 -2.5499999999999368
809 -2.5499999999999368
810 -2.5499999999999368
811 -7.659999999999872
812 -2.5999999999999357
813 -7.799999999999869
814 -2.5999999999999357
815 -2.629999999999935
816 -2.6049999999999356
817 -2.584999999999936
818 -2.6549999999999345
819 -5.189999999999872
820 -2.5999999999999357
821 -2.629999999999935
822 -7.564999999999874
823 -2.5649999999999364
824 -2.624999999999935
825 -2.5149999999999375
826 -2.534999999999937
827 -2.624999999999935
828 -7.629999999999873
829 -2.6049999999999356
830 -7.6499999999998725
831 -7.609999999999873
832 -2.5699999999999363
833 -2.5749999999999362
834 -7.729999999999871
835 -0.09999999999991557
836 -7.639999999999873
837 -2.634999999999935
838 -7.5999999999998735
839 -2.634999999999935
840 -2.529999999999937
841 -2.6099999999999355
842 -0.1449999999999156
843 -7.6499999999998725
844 -2.584999999999936
845 -2.579999999999936
846 -2.5699999999999363
847 -7.709999999999871
848 -2.624999999999935
849 -2.5649999999999364
850 -2.5499999999999368
851 -2.594999999999936
852 -2.534999999999937
853 -7.6499999999998725
854 -2.634999999999935
855 -2.5649999999999364
856 -2.5249999999999373
857 -2.534999999999937
858 -2.5099999999999376
859 -2.624999999999935
860 -2.5199999999999374
861 -2.634999999999935
862 -2.5599999999999365
863 -2.6049999999999356
864 -2.624999999999935
865 -2.589999999999936
866 -2.6149999999999354
867 -7.7399999999998705
868 -2.584999999999936
869 -2.6049999999999356
870 -2.634999999999935
871 -2.529999999999937
872 -2.579999999999936
873 -2.5649999999999364
874 -2.6099999999999355
875 -2.5699999999999363
876 -2.584999999999936
877 -2.6199999999999353
878 -2.629999999999935
879 -2.5599999999999365
880 -7.804999999999869
881 -7.7399999999998705
882 -7.479999999999876
883 -2.6199999999999353
884 -7.539999999999875
885 -7.729999999999871
886 -7.699999999999871
887 -7.659999999999872
888 -2.5199999999999374
889 -2.5599999999999365
890 -2.5249999999999373
891 -7.669999999999872
892 -2.529999999999937
893 -7.659999999999872
894 -2.539999999999937
895 -7.539999999999875
896 -2.629999999999935
897 -0.1399999999999156
898 -7.75999999999987
899 -2.5499999999999368
900 -2.544999999999937
901 -2.5599999999999365
902 -2.6199999999999353
903 -2.5549999999999367
904 -2.539999999999937
905 -2.589999999999936
906 -2.5999999999999357
907 -2.6549999999999345
908 -2.534999999999937
909 -7.669999999999872
910 -2.579999999999936
911 -7.709999999999871
912 -2.579999999999936
913 -7.74499999999987
914 -2.6199999999999353
915 -2.5749999999999362
916 -7.544999999999875
917 -2.539999999999937
918 -7.619999999999873
919 -2.594999999999936
920 -2.6199999999999353
921 -2.6049999999999356
922 -2.539999999999937
923 -2.624999999999935
924 -2.6099999999999355
925 -2.5249999999999373
926 -2.5149999999999375
927 -2.6099999999999355
928 -2.6099999999999355
929 -2.6049999999999356
930 -2.5699999999999363
931 -2.529999999999937
932 -2.6199999999999353
933 -2.584999999999936
934 -2.544999999999937
935 -2.5549999999999367
936 -7.589999999999874
937 -2.5649999999999364
938 -7.729999999999871
939 -2.5249999999999373
940 -2.5499999999999368
941 -2.534999999999937
942 -2.679999999999934
943 -2.584999999999936
944 -2.544999999999937
945 -2.584999999999936
946 -2.5649999999999364
947 -7.539999999999875
948 -5.019999999999875
949 -2.6449999999999347
950 -2.5749999999999362
951 -7.559999999999874
952 -2.5999999999999357
953 -2.584999999999936
954 -2.6649999999999343
955 -2.534999999999937
956 -7.729999999999871
957 -2.5099999999999376
958 -7.529999999999875
959 -2.5549999999999367
960 -2.6199999999999353
961 -2.679999999999934
962 -2.5699999999999363
963 -7.629999999999873
964 -7.679999999999872
965 -2.6149999999999354
966 -2.6649999999999343
967 -2.594999999999936
968 -2.529999999999937
969 -0.10999999999991558
970 -2.5999999999999357
971 -7.719999999999871
972 -2.534999999999937
973 -2.5599999999999365
974 -2.6049999999999356
975 -2.584999999999936
976 -7.704999999999871
977 -2.6649999999999343
978 -2.539999999999937
979 -2.579999999999936
980 -2.544999999999937
981 -2.5549999999999367
982 -2.5149999999999375
983 -2.579999999999936
984 -5.3349999999998685
985 -2.594999999999936
986 -2.634999999999935
987 -2.6199999999999353
988 -2.5749999999999362
989 -7.869999999999868
990 -2.5749999999999362
991 -7.519999999999875
992 -2.6549999999999345
993 -2.6099999999999355
994 -2.529999999999937
995 -2.584999999999936
996 -2.5749999999999362
997 -0.04499999999991555
998 -2.5499999999999368
999 -2.634999999999935
1000 -0.1299999999999156
1001 -2.5199999999999374
1002 -2.594999999999936
1003 -2.5999999999999357
1004 -2.5699999999999363
1005 -7.799999999999869
1006 -2.484999999999938
1007 -2.5649999999999364
1008 -2.5599999999999365
1009 -0.07999999999991556
1010 -2.544999999999937
1011 -2.589999999999936
1012 -2.579999999999936
1013 -7.539999999999875
1014 -2.579999999999936
1015 -2.5549999999999367
1016 -7.569999999999874
1017 -2.5649999999999364
1018 -2.5699999999999363
1019 -2.5549999999999367
1020 -2.5499999999999368
1021 -2.544999999999937
1022 -2.5499999999999368
1023 -2.624999999999935
1024 -2.624999999999935
1025 -7.7399999999998705
1026 -7.7399999999998705
1027 -7.679999999999872
1028 -2.539999999999937
1029 -7.629999999999873
1030 -2.5149999999999375
1031 -7.629999999999873
1032 -2.4749999999999384
1033 -2.579999999999936
1034 -7.509999999999875
1035 -7.534999999999875
1036 -7.729999999999871
1037 -0.04999999999991555
1038 -7.76999999999987
1039 -7.6499999999998725
1040 -2.584999999999936
1041 -2.5749999999999362
1042 -7.854999999999868
1043 -2.639999999999935
1044 -2.529999999999937
1045 -2.584999999999936
1046 -2.6549999999999345
1047 -2.6199999999999353
1048 -0.06499999999991554
1049 -2.5749999999999362
1050 -2.624999999999935
1051 -4.9599999999998765
1052 -2.579999999999936
1053 -0.04999999999991555
1054 -2.539999999999937
1055 -2.594999999999936
1056 -7.589999999999874
1057 -2.6449999999999347
1058 -2.529999999999937
1059 -2.6149999999999354
1060 -2.5699999999999363
1061 -2.629999999999935
1062 -7.719999999999871
1063 -2.629999999999935
1064 -2.589999999999936
1065 -2.5499999999999368
1066 -2.594999999999936
1067 -2.584999999999936
1068 -7.579999999999874
1069 -7.574999999999874
1070 -2.6099999999999355
1071 -2.634999999999935
1072 -2.594999999999936
1073 -2.594999999999936
1074 -7.689999999999872
1075 -2.6099999999999355
1076 -2.5499999999999368
1077 -2.634999999999935
1078 -7.619999999999873
1079 -2.6149999999999354
1080 -2.5999999999999357
1081 -2.6199999999999353
1082 -2.5049999999999377
1083 -2.584999999999936
1084 -2.5599999999999365
1085 -2.6099999999999355
1086 -0.09999999999991557
1087 -7.544999999999875
1088 -7.629999999999873
1089 -7.74999999999987
1090 -5.119999999999873
1091 -2.5549999999999367
1092 -2.5499999999999368
1093 -7.529999999999875
1094 -0.1299999999999156
1095 -0.06999999999991555
1096 -2.5599999999999365
1097 -2.5749999999999362
1098 -7.689999999999872
1099 0.07500000000008444
1100 -2.584999999999936
1101 -2.5499999999999368
1102 -7.724999999999871
1103 -2.5999999999999357
1104 -2.589999999999936
1105 -7.5999999999998735
1106 -2.624999999999935
1107 -2.579999999999936
1108 -2.5649999999999364
1109 -2.624999999999935
1110 -2.584999999999936
1111 -2.584999999999936
1112 -2.489999999999938
1113 -7.7399999999998705
1114 -2.584999999999936
1115 -2.4699999999999385
1116 -2.5549999999999367
1117 -2.5549999999999367
1118 -2.579999999999936
1119 -2.5649999999999364
1120 -2.629999999999935
1121 -2.5099999999999376
1122 -7.659999999999872
1123 -2.534999999999937
1124 -2.5699999999999363
1125 -2.6099999999999355
1126 -2.529999999999937
1127 -2.5249999999999373
1128 -0.09499999999991557
1129 -2.6649999999999343
1130 -2.6899999999999338
1131 -2.6099999999999355
1132 -2.5199999999999374
1133 -2.5599999999999365
1134 -2.629999999999935
1135 -2.5749999999999362
1136 -7.639999999999873
1137 -2.629999999999935
1138 -2.6099999999999355
1139 -2.5599999999999365
1140 -2.6049999999999356
1141 -2.624999999999935
1142 -0.10499999999991558
1143 -7.829999999999869
1144 -7.609999999999873
1145 -2.5199999999999374
1146 -2.5599999999999365
1147 -2.6099999999999355
1148 -2.579999999999936
1149 -2.6199999999999353
1150 -2.6199999999999353
1151 -7.589999999999874
1152 -2.449999999999939
1153 -2.594999999999936
1154 -2.539999999999937
1155 -7.619999999999873
1156 -7.529999999999875
1157 -2.584999999999936
1158 -2.6199999999999353
1159 -2.534999999999937
1160 -2.639999999999935
1161 -2.5649999999999364
1162 -7.6499999999998725
1163 -2.639999999999935
1164 -2.5599999999999365
1165 -2.6099999999999355
1166 -2.7049999999999335
1167 -2.5599999999999365
1168 -2.6199999999999353
1169 -2.589999999999936
1170 -2.624999999999935
1171 -2.5999999999999357
1172 -7.564999999999874
1173 -2.5549999999999367
1174 -2.6199999999999353
1175 -2.629999999999935
1176 -7.609999999999873
1177 -2.5999999999999357
1178 -2.5649999999999364
1179 -7.829999999999869
1180 -2.6199999999999353
1181 -7.699999999999871
1182 -2.5749999999999362
1183 -2.5549999999999367
1184 -2.6049999999999356
1185 -7.7399999999998705
1186 -2.5599999999999365
1187 -2.684999999999934
1188 -2.589999999999936
1189 -2.5649999999999364
1190 -7.669999999999872
1191 -7.629999999999873
1192 -2.5699999999999363
1193 -2.584999999999936
1194 -2.6049999999999356
1195 -2.544999999999937
1196 -2.5149999999999375
1197 -2.6199999999999353
1198 -2.589999999999936
1199 -2.534999999999937
1200 -2.579999999999936
1201 -2.494999999999938
1202 -2.5999999999999357
1203 -7.669999999999872
1204 -2.539999999999937
1205 -2.589999999999936
1206 -2.6099999999999355
1207 -7.709999999999871
1208 -2.6049999999999356
1209 -2.5649999999999364
1210 -2.589999999999936
1211 -2.5699999999999363
1212 -2.589999999999936
1213 -2.639999999999935
1214 -2.5549999999999367
1215 -2.6499999999999346
1216 -0.05499999999991555
1217 -2.6049999999999356
1218 -2.594999999999936
1219 -2.5749999999999362
1220 -2.6149999999999354
1221 -7.559999999999874
1222 -7.74999999999987
1223 -2.6199999999999353
1224 -2.544999999999937
1225 -2.544999999999937
1226 -2.594999999999936
1227 -2.624999999999935
1228 -2.5649999999999364
1229 -2.629999999999935
1230 -2.5199999999999374
1231 -2.579999999999936
1232 -7.6499999999998725
1233 -2.499999999999938
1234 -7.689999999999872
1235 -7.689999999999872
1236 -2.6449999999999347
1237 -7.469999999999876
1238 -2.584999999999936
1239 -2.589999999999936
1240 -2.579999999999936
1241 -2.584999999999936
1242 -2.579999999999936
1243 -2.6099999999999355
1244 -2.6099999999999355
1245 -2.5649999999999364
1246 -2.5199999999999374
1247 -2.6049999999999356
1248 -2.5749999999999362
1249 -7.614999999999873
1250 -2.539999999999937
1251 -2.6899999999999338
1252 -2.6199999999999353
1253 -2.6449999999999347
1254 -2.529999999999937
1255 -2.629999999999935
1256 -2.594999999999936
1257 -2.5999999999999357
1258 -2.5749999999999362
1259 -2.6499999999999346
1260 -7.689999999999872
1261 -2.584999999999936
1262 -2.5549999999999367
1263 -0.039999999999915554
1264 -7.76999999999987
1265 -7.714999999999871
1266 -2.6649999999999343
1267 -2.5649999999999364
1268 -2.5499999999999368
1269 -7.849999999999868
1270 -7.689999999999872
1271 -2.584999999999936
1272 -2.5999999999999357
1273 -2.6099999999999355
1274 -7.729999999999871
1275 -7.719999999999871
1276 -2.5649999999999364
1277 -2.5599999999999365
1278 -2.5599999999999365
1279 -2.5749999999999362
1280 -7.799999999999869
1281 -2.5749999999999362
1282 -7.609999999999873
1283 -2.589999999999936
1284 -2.624999999999935
1285 -2.6199999999999353
1286 -2.5999999999999357
1287 -2.5649999999999364
1288 -2.534999999999937
1289 -2.629999999999935
1290 -2.639999999999935
1291 -2.6199999999999353
1292 -2.5649999999999364
1293 -2.5649999999999364
1294 -5.169999999999872
1295 -2.534999999999937
1296 -7.639999999999873
1297 -2.684999999999934
1298 -2.6099999999999355
1299 -2.6099999999999355
1300 -2.624999999999935
1301 -2.5149999999999375
1302 -2.5699999999999363
1303 -2.6199999999999353
1304 -2.584999999999936
1305 -0.04999999999991555
1306 -7.689999999999872
1307 -2.5749999999999362
1308 -7.699999999999871
1309 -2.5599999999999365
1310 -0.10999999999991558
1311 -2.529999999999937
1312 -7.75999999999987
1313 -7.74999999999987
1314 -2.594999999999936
1315 -2.594999999999936
1316 -2.634999999999935
1317 -2.6599999999999344
1318 -7.629999999999873
1319 -7.729999999999871
1320 -7.78499999999987
1321 -2.5199999999999374
1322 -2.5599999999999365
1323 -7.799999999999869
1324 -2.5499999999999368
1325 -2.5599999999999365
1326 -2.5999999999999357
1327 -2.584999999999936
1328 -2.5699999999999363
1329 -2.579999999999936
1330 -2.5749999999999362
1331 -2.6099999999999355
1332 -2.6549999999999345
1333 -2.494999999999938
1334 -7.589999999999874
1335 -7.859999999999868
1336 -2.6149999999999354
1337 -7.6949999999998715
1338 -7.729999999999871
1339 -7.699999999999871
1340 -7.529999999999875
1341 -7.669999999999872
1342 -2.5049999999999377
1343 -2.539999999999937
1344 -2.5549999999999367
1345 -2.6049999999999356
1346 -2.6599999999999344
1347 -2.494999999999938
1348 -2.534999999999937
1349 -2.5149999999999375
1350 -2.6199999999999353
1351 -2.529999999999937
1352 -2.5249999999999373
1353 -2.5499999999999368
1354 -7.7899999999998695
1355 -2.674999999999934
1356 -2.6949999999999337
1357 -2.624999999999935
1358 -7.7899999999998695
1359 -2.639999999999935
1360 -2.529999999999937
1361 -0.06999999999991555
1362 -2.6049999999999356
1363 -7.684999999999872
1364 -2.6099999999999355
1365 -2.579999999999936
1366 -2.5999999999999357
1367 -2.5999999999999357
1368 -7.719999999999871
1369 -2.6499999999999346
1370 -7.7399999999998705
1371 -2.594999999999936
1372 -2.5649999999999364
1373 -2.6049999999999356
1374 -0.009999999999915556
1375 -2.6199999999999353
1376 -2.5999999999999357
1377 -2.5649999999999364
1378 -2.624999999999935
1379 -2.6899999999999338
1380 -2.6449999999999347
1381 -7.559999999999874
1382 -7.589999999999874
1383 -2.6149999999999354
1384 -2.5599999999999365
1385 -2.5699999999999363
1386 -2.589999999999936
1387 -2.5499999999999368
1388 -7.6499999999998725
1389 -7.539999999999875
1390 -7.629999999999873
1391 -2.5249999999999373
1392 -2.5749999999999362
1393 -2.6449999999999347
1394 -7.719999999999871
1395 -2.5149999999999375
1396 -7.529999999999875
1397 -2.6049999999999356
1398 -7.659999999999872
1399 -2.5499999999999368
1400 -2.5499999999999368
1401 -2.5249999999999373
1402 -2.5999999999999357
1403 -7.7399999999998705
1404 -2.5549999999999367
1405 -2.6199999999999353
1406 -2.534999999999937
1407 -2.6599999999999344
1408 -2.579999999999936
1409 -2.634999999999935
1410 -0.1449999999999156
1411 -2.594999999999936
1412 -7.669999999999872
1413 -2.6199999999999353
1414 -7.729999999999871
1415 -7.529999999999875
1416 -2.594999999999936
1417 -2.594999999999936
1418 -7.7899999999998695
1419 -2.594999999999936
1420 -0.08999999999991556
1421 -2.5699999999999363
1422 -2.6049999999999356
1423 -7.479999999999876
1424 -7.689999999999872
1425 -2.5549999999999367
1426 -7.564999999999874
1427 -2.6499999999999346
1428 -2.534999999999937
1429 -2.5549999999999367
1430 -2.6199999999999353
1431 -2.5549999999999367
1432 -7.699999999999871
1433 -2.589999999999936
1434 -7.639999999999873
1435 -2.5749999999999362
1436 -7.709999999999871
1437 -2.5699999999999363
1438 -7.729999999999871
1439 -2.634999999999935
1440 -2.6199999999999353
1441 -2.5499999999999368
1442 -2.669999999999934
1443 -2.6199999999999353
1444 -2.6049999999999356
1445 -2.544999999999937
1446 -2.579999999999936
1447 -2.5749999999999362
1448 -7.629999999999873
1449 -2.5599999999999365
1450 -2.544999999999937
1451 -2.6149999999999354
1452 -7.519999999999875
1453 -2.669999999999934
1454 -2.584999999999936
1455 -2.5049999999999377
1456 -2.5999999999999357
1457 -2.6199999999999353
1458 -7.719999999999871
1459 -2.579999999999936
1460 -7.469999999999876
1461 -2.5699999999999363
1462 -2.6199999999999353
1463 -2.5649999999999364
1464 -2.534999999999937
1465 -2.639999999999935
1466 -7.75999999999987
1467 -2.529999999999937
1468 -2.589999999999936
1469 -2.594999999999936
1470 -2.624999999999935
1471 -2.5699999999999363
1472 -7.669999999999872
1473 -2.5599999999999365
1474 -2.594999999999936
1475 -2.5649999999999364
1476 -7.619999999999873
1477 -2.6499999999999346
1478 -7.629999999999873
1479 -2.6199999999999353
1480 -2.5649999999999364
1481 -2.5599999999999365
1482 -2.6449999999999347
1483 -2.624999999999935
1484 -2.629999999999935
1485 -2.579999999999936
1486 -2.589999999999936
1487 -7.6499999999998725
1488 -2.5999999999999357
1489 -2.5599999999999365
1490 -2.674999999999934
1491 -2.639999999999935
1492 -2.584999999999936
1493 -2.589999999999936
1494 -7.719999999999871
1495 -7.569999999999874
1496 -2.529999999999937
1497 -5.154999999999872
1498 -7.799999999999869
1499 -2.6049999999999356
1500 -7.799999999999869
1501 -2.5699999999999363
1502 -7.549999999999875
1503 -2.579999999999936
1504 -2.6149999999999354
1505 -2.579999999999936
1506 -2.5149999999999375
1507 -7.689999999999872
1508 -2.594999999999936
1509 -7.619999999999873
1510 -2.6149999999999354
1511 -2.594999999999936
1512 -2.494999999999938
1513 -2.544999999999937
1514 -7.7899999999998695
1515 -2.5499999999999368
1516 -2.6449999999999347
1517 -7.549999999999875
1518 -2.6049999999999356
1519 -2.6899999999999338
1520 -2.5499999999999368
1521 -7.74999999999987
1522 -7.619999999999873
1523 -7.669999999999872
1524 -7.659999999999872
1525 -2.589999999999936
1526 -2.5549999999999367
1527 -2.5699999999999363
1528 -2.6149999999999354
1529 -2.5549999999999367
1530 -2.6049999999999356
1531 -2.589999999999936
1532 -2.6599999999999344
1533 -2.539999999999937
1534 -2.5199999999999374
1535 -2.579999999999936
1536 -2.629999999999935
1537 -2.5699999999999363
1538 -2.629999999999935
1539 -7.809999999999869
1540 -7.559999999999874
1541 -2.669999999999934
1542 -7.689999999999872
1543 -2.589999999999936
1544 -2.5199999999999374
1545 2.390000000000109
1546 -7.689999999999872
1547 -2.544999999999937
1548 -2.6649999999999343
1549 -7.669999999999872
1550 -2.5649999999999364
1551 -2.634999999999935
1552 -2.5749999999999362
1553 -2.5199999999999374
1554 -7.569999999999874
1555 -7.589999999999874
1556 -2.539999999999937
1557 -2.5099999999999376
1558 -7.629999999999873
1559 -2.5199999999999374
1560 -7.75999999999987
1561 -2.6449999999999347
1562 -2.5699999999999363
1563 -7.699999999999871
1564 -2.5599999999999365
1565 -7.559999999999874
1566 -0.06499999999991554
1567 -7.809999999999869
1568 -2.6099999999999355
1569 -2.6099999999999355
1570 -2.584999999999936
1571 -2.5999999999999357
1572 -2.5999999999999357
1573 -2.639999999999935
1574 -7.674999999999872
1575 -2.6049999999999356
1576 -7.7899999999998695
1577 -2.5599999999999365
1578 -2.5699999999999363
1579 -7.6499999999998725
1580 -2.639999999999935
1581 -2.539999999999937
1582 -0.04499999999991555
1583 -2.6199999999999353
1584 -7.839999999999868
1585 -2.5999999999999357
1586 -2.5249999999999373
1587 -7.574999999999874
1588 -7.6499999999998725
1589 -2.5749999999999362
1590 -2.594999999999936
1591 -7.689999999999872
1592 -2.6099999999999355
1593 -0.1349999999999156
1594 -2.584999999999936
1595 -2.629999999999935
1596 -2.5749999999999362
1597 -2.669999999999934
1598 -7.589999999999874
1599 -7.849999999999868
1600 -7.7399999999998705
1601 -2.534999999999937
1602 -2.634999999999935
1603 -2.6449999999999347
1604 -2.579999999999936
1605 -2.584999999999936
1606 -2.5749999999999362
1607 -2.594999999999936
1608 -7.499999999999876
1609 -5.119999999999873
1610 -2.6099999999999355
1611 -0.03499999999991556
1612 -2.5699999999999363
1613 -2.6099999999999355
1614 -2.639999999999935
1615 -2.5049999999999377
1616 -2.589999999999936
1617 -2.624999999999935
1618 -2.5749999999999362
1619 -2.5149999999999375
1620 -7.669999999999872
1621 -2.6199999999999353
1622 -7.7399999999998705
1623 -7.559999999999874
1624 -2.639999999999935
1625 -2.579999999999936
1626 -2.529999999999937
1627 -2.5699999999999363
1628 -2.5699999999999363
1629 -2.5699999999999363
1630 -7.724999999999871
1631 -7.889999999999867
1632 -2.5649999999999364
1633 -7.654999999999872
1634 -2.5999999999999357
1635 -2.5549999999999367
1636 -2.5599999999999365
1637 -7.639999999999873
1638 -2.539999999999937
1639 -2.624999999999935
1640 -2.489999999999938
1641 -7.849999999999868
1642 -2.6099999999999355
1643 -2.5599999999999365
1644 -2.544999999999937
1645 -2.5749999999999362
1646 -2.6049999999999356
1647 -2.534999999999937
1648 -2.594999999999936
1649 -5.199999999999871
1650 -2.594999999999936
1651 -2.534999999999937
1652 -2.5549999999999367
1653 -2.5599999999999365
1654 -2.5649999999999364
1655 -7.689999999999872
1656 -2.624999999999935
1657 -2.639999999999935
1658 -2.5599999999999365
1659 -2.624999999999935
1660 -7.729999999999871
1661 -2.544999999999937
1662 -2.5099999999999376
1663 -2.544999999999937
1664 -2.634999999999935
1665 -7.719999999999871
1666 -2.6499999999999346
1667 -2.579999999999936
1668 -2.544999999999937
1669 -2.484999999999938
1670 -2.669999999999934
1671 -2.594999999999936
1672 -7.609999999999873
1673 -2.579999999999936
1674 -7.689999999999872
1675 -7.829999999999869
1676 -2.529999999999937
1677 -2.589999999999936
1678 -2.6149999999999354
1679 -2.6099999999999355
1680 -2.634999999999935
1681 -2.629999999999935
1682 -2.6449999999999347
1683 -7.719999999999871
1684 -2.5499999999999368
1685 -2.579999999999936
1686 -2.539999999999937
1687 -7.619999999999873
1688 -7.559999999999874
1689 -7.719999999999871
1690 -2.534999999999937
1691 -2.5549999999999367
1692 -2.5999999999999357
1693 -7.709999999999871
1694 -2.6449999999999347
1695 -7.689999999999872
1696 -7.619999999999873
1697 -2.589999999999936
1698 -2.629999999999935
1699 -7.5999999999998735
1700 -7.619999999999873
1701 -7.869999999999868
1702 -7.729999999999871
1703 -0.06499999999991554
1704 -7.609999999999873
1705 -2.5699999999999363
1706 -2.5749999999999362
1707 -7.679999999999872
1708 -2.6099999999999355
1709 -2.5599999999999365
1710 -2.629999999999935
1711 -2.5749999999999362
1712 -2.5749999999999362
1713 -2.589999999999936
1714 -2.5199999999999374
1715 -2.579999999999936
1716 -7.799999999999869
1717 -7.689999999999872
1718 -2.6099999999999355
1719 -2.634999999999935
1720 -2.5499999999999368
1721 -2.5599999999999365
1722 -2.5699999999999363
1723 -2.5999999999999357
1724 -0.09999999999991557
1725 -2.6649999999999343
1726 -7.499999999999876
1727 -2.584999999999936
1728 -2.544999999999937
1729 -2.544999999999937
1730 -2.5499999999999368
1731 -2.634999999999935
1732 -2.629999999999935
1733 -2.6099999999999355
1734 -2.579999999999936
1735 -2.634999999999935
1736 -2.634999999999935
1737 -2.5699999999999363
1738 -2.5099999999999376
1739 -7.489999999999876
1740 -2.539999999999937
1741 -2.594999999999936
1742 -2.629999999999935
1743 -2.6099999999999355
1744 -2.6199999999999353
1745 -2.5749999999999362
1746 -2.6099999999999355
1747 -2.589999999999936
1748 -2.6049999999999356
1749 -7.709999999999871
1750 -2.5999999999999357
1751 -2.5499999999999368
1752 -2.539999999999937
1753 -2.6649999999999343
1754 -2.6599999999999344
1755 -2.589999999999936
1756 -2.6149999999999354
1757 -2.6049999999999356
1758 -2.6599999999999344
1759 -2.594999999999936
1760 -2.5749999999999362
1761 -7.76999999999987
1762 -2.5649999999999364
1763 -2.5649999999999364
1764 -2.634999999999935
1765 -2.594999999999936
1766 -0.014999999999915557
1767 -2.6499999999999346
1768 -2.5699999999999363
1769 -2.5549999999999367
1770 -7.719999999999871
1771 -7.799999999999869
1772 -2.579999999999936
1773 -2.6549999999999345
1774 -2.5599999999999365
1775 -7.7399999999998705
1776 -2.6149999999999354
1777 -2.579999999999936
1778 -0.06999999999991555
1779 -2.6199999999999353
1780 -2.6199999999999353
1781 -7.529999999999875
1782 -2.584999999999936
1783 -2.4649999999999386
1784 -2.5699999999999363
1785 -0.0049999999999155555
1786 -2.594999999999936
1787 -2.6649999999999343
1788 -7.719999999999871
1789 -2.584999999999936
1790 -7.579999999999874
1791 -0.06999999999991555
1792 -2.484999999999938
1793 -2.529999999999937
1794 -2.539999999999937
1795 -7.659999999999872
1796 -2.584999999999936
1797 -7.679999999999872
1798 -2.5499999999999368
1799 -7.619999999999873
1800 -0.10499999999991558
1801 -7.7899999999998695
1802 -2.5749999999999362
1803 -0.08999999999991556
1804 -0.18999999999991565
1805 -2.5999999999999357
1806 -2.629999999999935
1807 -2.589999999999936
1808 -2.5749999999999362
1809 -2.6049999999999356
1810 -2.5599999999999365
1811 -0.09499999999991557
1812 -2.534999999999937
1813 -2.5749999999999362
1814 -2.5049999999999377
1815 -2.5549999999999367
1816 -2.5049999999999377
1817 -2.584999999999936
1818 -7.709999999999871
1819 -7.589999999999874
1820 -2.5999999999999357
1821 -7.699999999999871
1822 -7.7899999999998695
1823 -7.639999999999873
1824 -2.6149999999999354
1825 -2.579999999999936
1826 -2.5549999999999367
1827 -0.059999999999915545
1828 -2.6449999999999347
1829 -2.5599999999999365
1830 -2.594999999999936
1831 -7.619999999999873
1832 -2.5699999999999363
1833 -2.5999999999999357
1834 -7.6499999999998725
1835 -4.904999999999878
1836 -2.5049999999999377
1837 -2.589999999999936
1838 -7.709999999999871
1839 -2.594999999999936
1840 -2.589999999999936
1841 -2.5649999999999364
1842 -2.534999999999937
1843 -7.589999999999874
1844 -7.569999999999874
1845 -2.584999999999936
1846 -2.5749999999999362
1847 -2.544999999999937
1848 -2.5649999999999364
1849 -2.6149999999999354
1850 -2.5649999999999364
1851 -2.6549999999999345
1852 -2.6199999999999353
1853 -5.089999999999874
1854 -2.5149999999999375
1855 -2.584999999999936
1856 -7.659999999999872
1857 -7.689999999999872
1858 -2.5649999999999364
1859 -2.5249999999999373
1860 -2.584999999999936
1861 -7.76999999999987
1862 -2.6049999999999356
1863 -2.534999999999937
1864 -2.589999999999936
1865 -2.6149999999999354
1866 -2.589999999999936
1867 -7.609999999999873
1868 -2.544999999999937
1869 -7.569999999999874
1870 -2.5749999999999362
1871 -2.5499999999999368
1872 -2.5149999999999375
1873 -2.629999999999935
1874 -2.539999999999937
1875 -0.039999999999915554
1876 -7.689999999999872
1877 -2.5699999999999363
1878 -7.809999999999869
1879 -2.5549999999999367
1880 -2.629999999999935
1881 -7.669999999999872
1882 -5.119999999999873
1883 -2.6549999999999345
1884 -2.6099999999999355
1885 -2.579999999999936
1886 -2.529999999999937
1887 -2.624999999999935
1888 -2.6099999999999355
1889 -2.584999999999936
1890 -2.494999999999938
1891 -2.7049999999999335
1892 -2.6199999999999353
1893 -2.534999999999937
1894 -7.659999999999872
1895 -2.5749999999999362
1896 -2.529999999999937
1897 -2.594999999999936
1898 -7.659999999999872
1899 -7.74499999999987
1900 -2.579999999999936
1901 -2.634999999999935
1902 -2.624999999999935
1903 -2.6049999999999356
1904 -2.6099999999999355
1905 -7.729999999999871
1906 -2.579999999999936
1907 -7.729999999999871
1908 -2.584999999999936
1909 -7.629999999999873
1910 -2.579999999999936
1911 -7.679999999999872
1912 -2.6599999999999344
1913 -2.594999999999936
1914 -2.579999999999936
1915 -2.584999999999936
1916 -2.5649999999999364
1917 -2.5699999999999363
1918 -0.08999999999991556
1919 -2.5549999999999367
1920 -2.579999999999936
1921 -7.669999999999872
1922 -7.609999999999873
1923 -7.609999999999873
1924 -2.624999999999935
1925 -2.494999999999938
1926 -7.729999999999871
1927 -7.609999999999873
1928 -7.729999999999871
1929 -7.604999999999873
1930 -2.6949999999999337
1931 -2.6049999999999356
1932 -2.5699999999999363
1933 -7.589999999999874
1934 -2.6449999999999347
1935 -2.6599999999999344
1936 -7.559999999999874
1937 -2.5699999999999363
1938 -2.6099999999999355
1939 -2.5999999999999357
1940 -7.6499999999998725
1941 -2.684999999999934
1942 -2.484999999999938
1943 -7.709999999999871
1944 -2.5599999999999365
1945 -7.719999999999871
1946 -2.534999999999937
1947 -2.679999999999934
1948 -2.4749999999999384
1949 -2.5199999999999374
1950 -7.704999999999871
1951 -7.869999999999868
1952 -2.529999999999937
1953 -2.6049999999999356
1954 -2.6449999999999347
1955 -2.5999999999999357
1956 -7.724999999999871
1957 -7.679999999999872
1958 -2.629999999999935
1959 -2.589999999999936
1960 -2.6599999999999344
1961 -2.629999999999935
1962 -7.639999999999873
1963 -2.6049999999999356
1964 -2.5599999999999365
1965 -7.729999999999871
1966 -2.594999999999936
1967 2.4100000000001085
1968 -2.6199999999999353
1969 -2.5749999999999362
1970 -2.589999999999936
1971 -2.589999999999936
1972 -2.6049999999999356
1973 -2.634999999999935
1974 -7.6499999999998725
1975 -2.5599999999999365
1976 -7.719999999999871
1977 -2.584999999999936
1978 -7.619999999999873
1979 -2.629999999999935
1980 -2.6599999999999344
1981 -2.5249999999999373
1982 -2.589999999999936
1983 -2.6149999999999354
1984 -2.6049999999999356
1985 -2.544999999999937
1986 -2.634999999999935
1987 -2.5999999999999357
1988 -5.25999999999987
1989 -0.08999999999991556
1990 -2.6199999999999353
1991 -2.5749999999999362
1992 -2.639999999999935
1993 -2.629999999999935
1994 -2.629999999999935
1995 -2.5499999999999368
1996 -7.569999999999874
1997 -2.4699999999999385
1998 -2.589999999999936
1999 -2.6199999999999353
4976.329842567444
