0 -7.56
1 -7.69
2 -7.56
3 -7.58
4 -7.71
5 -7.72
6 -7.77
7 -7.68
8 -7.66
9 -7.56
10 -7.63
11 -7.75
12 -7.56
13 -7.74
14 -7.60
15 -7.59
16 -7.68
17 -5.18
18 -7.66
19 -7.74
20 -7.70
21 -5.18
22 -8.59
23 -7.74
24 -7.64
25 -7.80
26 -7.68
27 -7.59
28 -7.71
29 -7.64
30 -7.60
31 -7.83
32 -7.53
33 -5.21
34 -7.48
35 -7.75
36 -7.67
37 -7.68
38 -5.13
39 -7.66
40 -7.72
41 -7.65
42 -7.53
43 -7.67
44 -5.13
45 -5.13
46 -7.64
47 -7.73
48 -5.23
49 -7.63
50 -7.63
51 -5.30
52 -7.66
53 -7.60
54 -7.62
55 -7.75
56 -7.75
57 -7.54
58 -7.70
59 -7.59
60 -7.73
61 -7.49
62 -7.82
63 -7.75
64 -5.15
65 -7.61
66 -7.54
67 -7.72
68 -7.67
69 -8.58
70 -7.68
71 -7.59
72 -7.60
73 -7.71
74 -7.65
75 -7.65
76 -7.76
77 -7.80
78 -5.13
79 -5.08
80 -7.60
81 -2.62
82 -7.60
83 -7.79
84 -7.58
85 -5.15
86 -7.73
87 -7.77
88 -7.56
89 -7.76
90 -7.70
91 -7.67
92 -7.47
93 -7.71
94 -7.80
95 -7.74
96 -7.53
97 -7.66
98 -7.52
99 -7.61
100 -7.62
101 -7.75
102 -5.14
103 -7.76
104 -7.68
105 -7.63
106 -7.64
107 -7.65
108 -7.68
109 -7.90
110 -7.60
111 -7.70
112 -7.68
113 -6.19
114 -7.76
115 -7.64
116 -7.73
117 -7.78
118 -7.69
119 -7.62
120 -7.82
121 -5.08
122 -7.67
123 -5.16
124 -7.63
125 -5.09
126 -7.59
127 -7.71
128 -7.75
129 -4.96
130 -7.69
131 -7.71
132 -7.69
133 -7.60
134 -7.79
135 -5.17
136 -7.70
137 -7.67
138 -7.60
139 -7.60
140 -7.67
141 -7.55
142 -7.47
143 -7.68
144 -5.13
145 -7.85
146 -7.64
147 -5.27
148 -7.69
149 -7.60
150 -7.75
151 -5.05
152 -7.78
153 -7.75
154 -5.13
155 -7.66
156 -7.63
157 -7.70
158 -5.03
159 -7.77
160 -8.41
161 -7.63
162 -7.84
163 -7.57
164 -5.10
165 -2.63
166 -7.68
167 -5.17
168 -7.59
169 -7.62
170 -7.72
171 -7.72
172 -5.25
173 -7.51
174 -7.57
175 -5.14
176 -7.66
177 -6.06
178 -5.28
179 -7.64
180 -7.62
181 -7.57
182 -5.13
183 -7.63
184 -7.83
185 -5.21
186 -7.63
187 -5.20
188 -8.42
189 -7.76
190 -7.83
191 -7.75
192 -7.58
193 -7.65
194 -7.57
195 -5.12
196 -7.62
197 -7.82
198 -7.72
199 -7.57
200 -7.67
201 -7.57
202 -7.48
203 -5.19
204 -5.16
205 -7.65
206 -7.69
207 -7.69
208 -7.62
209 -7.66
210 -7.77
211 -7.49
212 -7.68
213 -7.66
214 -7.70
215 -7.64
216 -7.78
217 -7.77
218 -7.54
219 -7.57
220 -7.86
221 -7.65
222 -7.71
223 -7.73
224 -7.67
225 -7.66
226 -7.67
227 -7.68
228 -7.50
229 -7.66
230 -7.63
231 -5.13
232 -7.60
233 -5.23
234 -7.60
235 -7.74
236 -7.62
237 -7.78
238 -7.78
239 -7.78
240 -7.67
241 -7.50
242 -7.69
243 -8.36
244 -7.74
245 -7.58
246 -7.78
247 -7.64
248 -7.67
249 -7.64
250 -7.64
251 -7.66
252 -7.64
253 -7.53
254 -7.50
255 -7.64
256 -7.64
257 -2.66
258 -7.65
259 -7.76
260 -7.69
261 -5.13
262 -2.60
263 -2.66
264 -7.76
265 -7.79
266 -7.74
267 -7.73
268 -7.68
269 -7.67
270 -7.53
271 -5.20
272 -7.72
273 -7.64
274 -7.78
275 -7.63
276 -7.67
277 -7.61
278 -7.65
279 -7.55
280 -7.55
281 -7.65
282 -7.69
283 -5.15
284 -7.74
285 -7.62
286 -7.60
287 -7.80
288 -7.76
289 -7.79
290 -7.66
291 -7.60
292 -7.79
293 -7.75
294 -7.58
295 -7.81
296 -7.64
297 -7.65
298 -5.06
299 -7.53
300 -7.71
301 -7.67
302 -7.67
303 -7.74
304 -7.72
305 -7.68
306 -7.80
307 -7.59
308 -7.71
309 -7.74
310 -7.71
311 -7.57
312 -7.50
313 -8.47
314 -7.63
315 -7.60
316 -7.69
317 -7.82
318 -7.79
319 -7.69
320 -7.65
321 -7.73
322 -7.66
323 -7.65
324 -5.16
325 -7.74
326 -7.65
327 -7.72
328 -7.54
329 -7.69
330 -7.69
331 -7.61
332 -7.70
333 -7.82
334 -7.74
335 -7.62
336 -5.23
337 -7.60
338 -7.60
339 -5.11
340 -7.62
341 -7.65
342 -7.75
343 -7.62
344 -7.64
345 -5.27
346 -7.80
347 -7.59
348 -7.86
349 -2.62
350 -7.60
351 -8.54
352 -7.77
353 -7.85
354 -5.33
355 -5.08
356 -7.75
357 -7.74
358 -7.66
359 -7.65
360 -7.63
361 -7.61
362 -7.67
363 -7.71
364 -7.66
365 -8.67
366 -7.55
367 -7.79
368 -8.33
369 -7.70
370 -7.72
371 -7.68
372 -7.62
373 -7.73
374 -7.75
375 -7.64
376 -5.16
377 -7.59
378 -7.78
379 -7.58
380 -7.73
381 -5.11
382 -5.33
383 -5.37
384 -7.60
385 -7.73
386 -7.80
387 -7.65
388 -7.60
389 -7.64
390 -7.82
391 -7.49
392 -7.67
393 -5.21
394 -7.55
395 -7.55
396 -5.06
397 -7.77
398 -2.67
399 -7.73
400 -7.61
401 -5.03
402 -7.57
403 -2.57
404 -7.80
405 -7.74
406 -7.62
407 -7.69
408 -5.06
409 -7.66
410 -7.57
411 -7.81
412 -7.72
413 -7.83
414 -7.53
415 -7.74
416 -7.60
417 -7.71
418 -5.19
419 -7.66
420 -7.72
421 -7.69
422 -7.65
423 -5.18
424 -5.30
425 -7.57
426 -7.78
427 -7.71
428 -7.57
429 -7.73
430 -7.74
431 -7.70
432 -0.16
433 -7.57
434 -7.79
435 -5.20
436 -2.58
437 -7.73
438 -7.59
439 -7.75
440 -7.76
441 -5.06
442 -7.55
443 -7.68
444 -7.79
445 -7.54
446 -7.64
447 -7.67
448 -5.29
449 -7.59
450 -7.53
451 -7.72
452 -7.74
453 -7.71
454 -7.70
455 -7.49
456 -2.62
457 -7.57
458 -7.63
459 -7.54
460 -5.11
461 -7.52
462 -5.21
463 -7.78
464 -7.92
465 -7.69
466 -7.71
467 -7.71
468 -7.63
469 -5.14
470 -7.67
471 -7.60
472 -7.72
473 -7.68
474 -7.59
475 -7.56
476 -7.62
477 -5.06
478 -5.16
479 -7.54
480 -5.03
481 -7.58
482 -7.71
483 -7.93
484 -7.72
485 -7.55
486 -6.02
487 -7.68
488 -7.75
489 -8.68
490 -7.80
491 -7.65
492 -7.67
493 -7.75
494 -7.65
495 -7.59
496 -5.27
497 -7.73
498 -7.76
499 -7.69
500 -7.65
501 -7.54
502 -7.71
503 -7.75
504 -7.67
505 -7.60
506 -7.86
507 -7.62
508 -7.53
509 -7.69
510 -7.63
511 -7.62
512 -7.64
513 -5.18
514 -7.58
515 -7.74
516 -7.64
517 -2.58
518 -7.52
519 -7.83
520 -7.77
521 -7.51
522 -5.06
523 -7.63
524 -7.60
525 -7.56
526 -7.64
527 -7.48
528 -7.59
529 -7.67
530 -7.57
531 -7.61
532 -7.62
533 -5.20
534 -7.59
535 -7.64
536 -7.79
537 -7.57
538 -7.69
539 -7.66
540 -5.14
541 -7.52
542 -7.67
543 -7.71
544 -7.57
545 -7.50
546 -7.63
547 -7.70
548 -7.59
549 -7.68
550 -5.23
551 -7.68
552 -7.64
553 -7.80
554 -7.77
555 -7.63
556 -5.12
557 -7.74
558 -7.62
559 -2.68
560 -7.76
561 -7.67
562 -7.66
563 -7.78
564 -7.65
565 -7.67
566 -7.85
567 -2.74
568 -7.69
569 -7.77
570 -7.59
571 -7.59
572 -7.74
573 -7.70
574 -7.69
575 -7.66
576 -7.73
577 -5.16
578 -5.22
579 -7.58
580 -7.60
581 -7.54
582 -7.82
583 -7.72
584 -7.55
585 -7.72
586 -7.66
587 -7.76
588 -7.81
589 -5.22
590 -7.70
591 -7.54
592 -7.71
593 -7.59
594 -7.74
595 -7.54
596 -7.66
597 -7.72
598 -7.70
599 -7.59
600 -5.30
601 -7.62
602 -7.66
603 -7.51
604 -7.71
605 -5.14
606 -4.99
607 -8.61
608 -7.78
609 -7.70
610 -5.22
611 -7.68
612 -2.79
613 -7.66
614 -5.36
615 -7.67
616 -8.54
617 -7.65
618 -5.14
619 -7.71
620 -7.70
621 -7.65
622 -7.70
623 -7.80
624 -7.72
625 -7.60
626 -7.76
627 -7.68
628 -7.69
629 -7.65
630 -7.63
631 -7.69
632 -7.51
633 -7.70
634 -7.69
635 -7.74
636 -5.09
637 -5.15
638 -7.74
639 -7.74
640 -7.71
641 -7.81
642 -7.62
643 -7.62
644 -2.68
645 -8.44
646 -7.68
647 -7.67
648 -7.61
649 -7.67
650 -7.73
651 -7.77
652 -7.67
653 -7.70
654 -7.64
655 -7.74
656 -7.77
657 -7.77
658 -7.60
659 -7.63
660 -7.74
661 -5.10
662 -7.60
663 -7.60
664 -7.72
665 -7.54
666 -7.61
667 -7.53
668 -5.27
669 -7.49
670 -2.68
671 -7.78
672 -7.49
673 -7.49
674 -7.61
675 -7.79
676 -7.66
677 -7.68
678 -7.53
679 -7.54
680 -5.16
681 -7.73
682 -7.63
683 -7.95
684 -7.79
685 -7.56
686 -7.65
687 -7.63
688 -7.76
689 -7.59
690 -5.05
691 -7.74
692 -7.66
693 -7.57
694 -7.71
695 -7.63
696 -7.59
697 -7.74
698 -7.64
699 -5.14
700 -7.76
701 -7.80
702 -7.55
703 -7.69
704 -7.70
705 -5.12
706 -7.68
707 -7.54
708 -5.18
709 -7.80
710 -7.76
711 -5.29
712 -5.07
713 -7.81
714 -5.05
715 -7.70
716 -7.69
717 -7.62
718 -5.08
719 -7.61
720 -7.88
721 -8.41
722 -7.70
723 -7.88
724 -8.50
725 -7.74
726 -7.62
727 -7.79
728 -7.77
729 -7.54
730 -5.24
731 -7.67
732 -7.62
733 -7.59
734 -7.68
735 -7.68
736 -7.54
737 -7.65
738 -7.64
739 -7.74
740 -7.62
741 -7.72
742 -7.64
743 -7.70
744 -7.79
745 -7.63
746 -7.71
747 -7.63
748 -5.21
749 -7.71
750 -7.56
751 -7.64
752 -8.43
753 -7.57
754 -5.13
755 -7.82
756 -7.68
757 -5.07
758 -7.87
759 -5.16
760 -7.64
761 -7.60
762 -7.67
763 -7.58
764 -7.67
765 -7.69
766 -7.68
767 -7.56
768 -7.65
769 -7.61
770 -7.68
771 -7.67
772 -7.79
773 -7.65
774 -7.72
775 -7.81
776 -7.62
777 -7.61
778 -7.59
779 -7.50
780 -7.76
781 -7.46
782 -7.72
783 -8.52
784 -5.16
785 -7.60
786 -5.08
787 -7.67
788 -7.50
789 -7.63
790 -8.63
791 -7.88
792 -7.66
793 -8.49
794 -5.25
795 -7.74
796 -7.78
797 -7.66
798 -5.16
799 -7.98
800 -7.58
801 -7.66
802 -7.55
803 -7.81
804 -7.52
805 -5.16
806 -5.04
807 -7.53
808 -7.58
809 -7.54
810 -7.71
811 -5.13
812 -7.77
813 -7.76
814 -7.67
815 -7.61
816 -7.68
817 -7.93
818 -7.76
819 -7.67
820 -7.82
821 -5.19
822 -4.93
823 -8.49
824 -7.72
825 -7.68
826 -5.08
827 -7.71
828 -7.85
829 -7.76
830 -7.70
831 -5.08
832 -7.64
833 -7.71
834 -7.72
835 -5.23
836 -7.77
837 -7.66
838 -7.55
839 -5.14
840 -7.63
841 -5.15
842 -7.70
843 -7.54
844 -7.71
845 -7.82
846 -7.58
847 -7.63
848 -7.74
849 -7.68
850 -7.58
851 -7.58
852 -7.61
853 -7.82
854 -7.73
855 -5.25
856 -7.66
857 -7.71
858 -7.60
859 -7.64
860 -7.71
861 -7.78
862 -7.64
863 -5.20
864 -7.69
865 -7.56
866 -7.58
867 -7.73
868 -5.18
869 -8.49
870 -7.56
871 -7.61
872 -7.71
873 -7.63
874 -7.72
875 -7.57
876 -7.76
877 -7.82
878 -7.64
879 -7.90
880 -7.71
881 -2.64
882 -7.63
883 -7.74
884 -7.60
885 -7.70
886 -7.67
887 -7.81
888 -5.36
889 -7.73
890 -7.84
891 -7.69
892 -7.61
893 -5.22
894 -7.79
895 -7.61
896 -7.78
897 -7.70
898 -7.79
899 -7.77
900 -7.66
901 -7.76
902 -8.43
903 -7.63
904 -5.20
905 -7.61
906 -7.53
907 -7.66
908 -5.19
909 -7.66
910 -5.11
911 -7.57
912 -7.55
913 -7.59
914 -5.05
915 -7.72
916 -7.55
917 -7.49
918 -7.85
919 -5.01
920 -7.54
921 -7.52
922 -7.67
923 -7.77
924 -7.85
925 -7.69
926 -7.62
927 -5.16
928 -5.19
929 -7.67
930 -7.81
931 -7.60
932 -5.12
933 -7.74
934 -5.06
935 -7.76
936 -7.71
937 -7.72
938 -7.61
939 -7.58
940 -8.53
941 -7.58
942 -8.61
943 -7.62
944 -7.44
945 -7.72
946 -7.64
947 -7.66
948 -7.68
949 -4.90
950 -5.16
951 -7.57
952 -7.79
953 -5.31
954 -5.14
955 -7.73
956 -5.31
957 -7.63
958 -7.75
959 -7.67
960 -7.70
961 -7.69
962 -5.10
963 -7.60
964 -2.55
965 -5.13
966 -7.54
967 -2.57
968 -7.65
969 -8.41
970 -5.11
971 -7.78
972 -7.52
973 -7.81
974 -7.67
975 -7.70
976 -7.65
977 -7.72
978 -5.11
979 -7.72
980 -7.66
981 -5.14
982 -7.64
983 -7.66
984 -5.14
985 -7.69
986 -7.63
987 -2.84
988 -5.19
989 -7.49
990 -7.51
991 -5.32
992 -7.79
993 -7.63
994 -7.69
995 -7.78
996 -5.21
997 -8.45
998 -7.73
999 -7.77
1476.9407315254211
