0 -7.72
1 -7.73
2 -7.52
3 -7.75
4 -2.68
5 -2.64
6 -7.62
7 -7.73
8 -7.70
9 -7.75
10 -7.74
11 -7.64
12 -5.26
13 -7.60
14 -2.58
15 -7.56
16 -2.56
17 -7.64
18 -7.70
19 -7.70
20 -7.62
21 -5.19
22 -7.58
23 -7.80
24 -7.86
25 -5.11
26 -7.57
27 -5.09
28 -7.80
29 -5.03
30 -7.69
31 -7.72
32 -7.68
33 -7.78
34 -7.80
35 -7.66
36 -7.61
37 -7.48
38 -7.56
39 -7.74
40 -7.71
41 -7.62
42 -7.70
43 -5.18
44 -7.55
45 -7.75
46 -7.71
47 -2.72
48 -7.72
49 -7.72
50 -7.70
51 -7.76
52 -7.68
53 -7.67
54 -7.72
55 -5.13
56 -7.64
57 -7.52
58 -5.23
59 -7.78
60 -7.74
61 -7.65
62 -5.14
63 -7.68
64 -7.73
65 -7.69
66 -5.10
67 -5.10
68 -7.60
69 -7.54
70 -7.71
71 -7.60
72 -7.64
73 -5.21
74 -7.50
75 -5.15
76 -7.62
77 -7.67
78 -7.56
79 -5.14
80 -7.73
81 -7.66
82 -5.28
83 -7.53
84 -7.62
85 -7.60
86 -7.51
87 -7.72
88 -7.61
89 -7.66
90 -2.69
91 -7.44
92 -7.65
93 -7.69
94 1.53
95 -7.59
96 -5.19
97 -7.68
98 -7.57
99 -7.81
100 -5.16
101 -7.54
102 -5.30
103 -7.72
104 -5.17
105 -5.05
106 -7.71
107 -2.70
108 -7.89
109 -7.56
110 -5.23
111 -0.18
112 -7.65
113 -7.61
114 -7.73
115 -5.13
116 -7.64
117 -7.66
118 -5.17
119 -5.19
120 -7.73
121 -7.63
122 -5.05
123 -7.64
124 -7.54
125 -7.62
126 -7.65
127 -7.76
128 -7.74
129 -7.70
130 -5.07
131 -5.10
132 -7.70
133 -7.76
134 -7.80
135 -7.54
136 -5.11
137 -8.49
138 -7.78
139 -7.58
140 -7.61
141 -7.64
142 -0.20
143 -5.03
144 -5.21
145 -7.68
146 -7.65
147 -7.78
148 -2.38
149 -7.62
150 -7.57
151 -7.68
152 -7.62
153 -7.82
154 -7.67
155 -5.11
156 -7.65
157 -5.08
158 -5.25
159 -5.11
160 -5.13
161 -6.15
162 -7.74
163 -2.57
164 -7.62
165 -7.71
166 -7.61
167 -5.11
168 -5.27
169 -2.75
170 -5.23
171 -7.74
172 -7.65
173 -8.45
174 -7.78
175 -2.59
176 -2.62
177 -0.09
178 -7.82
179 -7.54
180 -7.61
181 -5.20
182 -5.42
183 -7.55
184 -7.66
185 -7.64
186 -0.14
187 -5.16
188 -7.81
189 -7.56
190 -0.09
191 -7.54
192 -2.60
193 -7.60
194 -7.75
195 -5.10
196 -2.59
197 -5.12
198 -2.64
199 -7.76
200 -5.28
201 -7.72
202 7.37
203 -7.64
204 -7.74
205 -5.03
206 -5.25
207 -7.58
208 -5.13
209 -0.96
210 -7.67
211 -7.71
212 -2.72
213 -0.12
214 4.78
215 -7.65
216 -2.62
217 -7.64
218 -8.41
219 -2.68
220 -5.08
221 -5.41
222 -7.68
223 -7.64
224 -5.12
225 -5.36
226 -2.55
227 -7.58
228 -7.72
229 -5.10
230 -5.30
231 -0.17
232 -2.63
233 -2.66
234 4.95
235 2.41
236 -5.21
237 -5.17
238 -2.73
239 -7.69
240 -2.73
241 2.35
242 -2.73
243 -5.21
244 7.36
245 2.42
246 -5.09
247 -5.24
248 -2.66
249 -2.71
250 -2.75
251 -5.30
252 -7.60
253 -2.72
254 2.35
255 2.43
256 7.46
257 -2.59
258 5.04
259 -2.74
260 -0.07
261 -2.66
262 7.28
263 -7.58
264 -4.95
265 -0.07
266 -5.18
267 -2.60
268 4.88
269 -5.16
270 7.38
271 -5.05
272 -5.22
273 -0.24
274 2.28
275 -3.61
276 7.40
277 -7.70
278 -5.13
279 -5.18
280 14.99
281 2.32
282 -0.06
283 -0.28
284 14.92
285 4.82
286 7.29
287 -2.66
288 20.00
289 2.38
290 -5.25
291 2.37
292 5.04
293 4.90
294 -2.72
295 7.31
296 9.87
297 -0.21
298 17.41
299 7.40
300 17.41
301 26.87
302 30.54
303 2.53
304 16.91
305 9.21
306 4.98
307 8.73
308 13.71
309 -2.70
310 2.15
311 4.85
312 8.11
313 34.41
314 25.01
315 9.88
316 14.75
317 18.43
318 14.45
319 4.85
320 14.41
321 14.98
322 -5.17
323 12.00
324 27.41
325 14.85
326 14.78
327 12.51
328 17.13
329 17.41
330 17.38
331 14.47
332 7.40
333 17.44
334 14.98
335 7.37
336 19.16
337 27.53
338 17.72
339 19.93
340 30.12
341 22.49
342 26.58
343 24.51
344 27.75
345 18.90
346 29.92
347 17.47
348 39.90
349 24.19
350 17.38
351 24.25
352 21.58
353 32.23
354 27.55
355 22.41
356 32.50
357 25.05
358 46.94
359 24.77
360 29.56
361 27.45
362 32.45
363 27.43
364 49.62
365 32.70
366 14.88
367 27.22
368 20.49
369 19.98
370 39.76
371 38.37
372 21.13
373 24.77
374 35.10
375 25.01
376 22.48
377 32.51
378 34.95
379 29.96
380 32.36
381 34.95
382 22.51
383 17.46
384 32.63
385 31.12
386 41.73
387 24.68
388 24.46
389 37.69
390 34.71
391 51.14
392 29.60
393 50.02
394 37.66
395 28.79
396 42.37
397 30.03
398 42.67
399 27.42
400 36.68
401 69.09
402 31.93
403 37.50
404 45.06
405 34.60
406 39.95
407 28.63
408 42.68
409 29.68
410 27.10
411 35.09
412 43.66
413 24.91
414 49.34
415 30.04
416 32.46
417 50.47
418 39.53
419 47.62
420 30.04
421 31.59
422 39.69
423 29.59
424 31.47
425 51.96
426 35.14
427 35.06
428 30.43
429 50.04
430 44.35
431 58.29
432 33.85
433 59.17
434 34.90
435 15.45
436 42.57
437 31.21
438 31.65
439 43.34
440 34.96
441 52.99
442 42.57
443 47.54
444 35.02
445 17.43
446 15.04
447 35.50
448 39.99
449 19.86
450 39.93
451 55.22
452 25.01
453 33.96
454 32.48
455 37.43
456 45.15
457 29.01
458 43.69
459 40.02
460 30.47
461 34.96
462 29.62
463 43.54
464 58.45
465 51.89
466 32.37
467 38.84
468 22.32
469 36.50
470 54.84
471 19.54
472 29.43
473 24.86
474 52.69
475 59.02
476 42.08
477 43.81
478 36.02
479 36.61
480 52.10
481 35.03
482 29.46
483 30.01
484 37.56
485 41.34
486 27.02
487 14.92
488 42.59
489 45.09
490 34.97
491 43.60
492 36.27
493 34.85
494 35.00
495 36.19
496 45.71
497 47.66
498 34.84
499 51.14
500 48.89
501 45.21
502 35.04
503 32.57
504 37.09
505 45.00
506 36.55
507 29.90
508 29.47
509 68.26
510 32.58
511 35.07
512 42.25
513 22.54
514 52.92
515 41.67
516 36.09
517 49.65
518 28.60
519 29.98
520 19.93
521 49.03
522 29.91
523 32.51
524 36.95
525 27.43
526 19.61
527 36.62
528 43.47
529 27.47
530 47.31
531 35.05
532 42.82
533 30.05
534 24.58
535 56.92
536 21.67
537 33.90
538 47.75
539 47.61
540 27.59
541 42.30
542 32.51
543 30.17
544 38.19
545 41.73
546 43.38
547 31.61
548 34.16
549 29.98
550 32.65
551 44.70
552 30.08
553 19.91
554 47.55
555 45.60
556 37.44
557 49.88
558 43.80
559 27.50
560 35.03
561 57.10
562 37.37
563 49.91
564 44.99
565 29.94
566 19.94
567 21.66
568 35.06
569 34.67
570 31.24
571 38.93
572 59.70
573 19.85
574 33.31
575 24.83
576 40.13
577 37.46
578 26.00
579 38.82
580 24.89
581 43.64
582 42.20
583 39.48
584 29.90
585 33.84
586 56.84
587 31.26
588 32.41
589 54.75
590 19.07
591 40.13
592 30.10
593 61.25
594 40.00
595 27.50
596 45.07
597 38.00
598 45.11
599 29.94
600 27.59
601 37.64
602 34.80
603 45.03
604 42.12
605 51.04
606 37.17
607 42.54
608 34.04
609 57.05
610 47.45
611 27.15
612 37.72
613 35.03
614 35.07
615 37.57
616 30.09
617 24.95
618 49.66
619 40.93
620 29.93
621 40.04
622 39.72
623 43.24
624 49.23
625 44.16
626 65.10
627 27.51
628 20.05
629 36.72
630 52.40
631 27.13
632 34.90
633 37.63
634 39.80
635 45.00
636 44.99
637 28.78
638 29.97
639 47.46
640 24.97
641 47.46
642 40.24
643 43.71
644 33.69
645 42.39
646 41.42
647 35.08
648 36.42
649 47.40
650 60.51
651 24.94
652 42.58
653 47.37
654 52.57
655 40.67
656 22.34
657 37.37
658 51.11
659 37.61
660 39.99
661 29.30
662 39.85
663 37.50
664 27.10
665 34.90
666 36.36
667 54.00
668 39.98
669 29.60
670 22.61
671 52.56
672 53.39
673 24.74
674 27.39
675 39.18
676 42.59
677 38.89
678 47.18
679 55.15
680 30.03
681 42.60
682 41.20
683 57.28
684 48.50
685 48.74
686 44.98
687 57.07
688 40.09
689 32.58
690 50.50
691 33.33
692 51.05
693 48.97
694 44.00
695 24.97
696 31.09
697 44.64
698 24.54
699 24.59
700 26.74
701 34.34
702 20.09
703 37.57
704 22.05
705 59.82
706 65.09
707 42.55
708 52.54
709 45.24
710 62.04
711 33.53
712 43.44
713 37.47
714 37.40
715 51.66
716 57.19
717 60.19
718 35.84
719 37.57
720 34.07
721 35.07
722 56.73
723 29.89
724 32.83
725 51.36
726 65.07
727 32.17
728 23.83
729 42.59
730 60.47
731 35.62
732 38.78
733 45.07
734 47.50
735 40.94
736 24.94
737 24.96
738 33.93
739 32.28
740 40.39
741 35.01
742 55.09
743 44.53
744 32.59
745 50.03
746 47.60
747 47.28
748 44.85
749 58.29
750 44.45
751 55.10
752 27.45
753 61.77
754 41.82
755 32.60
756 47.40
757 35.06
758 42.50
759 37.46
760 34.64
761 30.15
762 47.69
763 30.55
764 40.03
765 20.11
766 32.43
767 32.55
768 31.55
769 39.65
770 29.93
771 17.43
772 44.69
773 52.28
774 68.27
775 23.48
776 39.35
777 41.81
778 44.26
779 41.64
780 46.73
781 27.08
782 68.76
783 44.86
784 39.90
785 59.97
786 40.02
787 34.87
788 40.03
789 14.18
790 47.47
791 27.54
792 32.38
793 45.02
794 39.17
795 33.38
796 32.56
797 54.69
798 17.52
799 44.54
800 33.90
801 46.06
802 21.96
803 22.60
804 39.87
805 31.44
806 55.09
807 32.57
808 37.44
809 24.11
810 45.09
811 34.95
812 42.49
813 36.33
814 42.40
815 27.72
816 23.90
817 50.08
818 46.16
819 46.78
820 68.98
821 22.37
822 22.62
823 54.88
824 39.17
825 39.28
826 32.26
827 24.94
828 32.50
829 52.67
830 32.55
831 43.97
832 27.41
833 27.51
834 37.18
835 56.43
836 47.59
837 60.05
838 42.62
839 29.00
840 52.49
841 27.38
842 40.07
843 59.76
844 25.00
845 66.51
846 54.84
847 44.58
848 52.15
849 27.59
850 40.08
851 62.04
852 32.50
853 50.86
854 32.04
855 25.00
856 45.10
857 46.82
858 30.03
859 52.73
860 42.61
861 29.93
862 17.48
863 62.21
864 37.52
865 41.48
866 39.03
867 34.55
868 51.57
869 45.16
870 43.25
871 35.02
872 40.44
873 61.53
874 42.66
875 39.61
876 50.03
877 29.49
878 31.44
879 39.35
880 45.23
881 49.26
882 44.57
883 38.95
884 41.26
885 43.85
886 54.75
887 41.74
888 53.83
889 69.36
890 41.83
891 35.05
892 32.39
893 32.46
894 52.53
895 46.52
896 39.03
897 22.12
898 37.08
899 44.92
900 42.12
901 60.05
902 50.00
903 50.72
904 52.55
905 28.34
906 53.56
907 51.38
908 52.54
909 52.49
910 40.10
911 46.03
912 42.56
913 57.03
914 37.37
915 12.50
916 31.62
917 44.66
918 28.50
919 42.68
920 34.98
921 47.68
922 28.74
923 45.01
924 44.51
925 26.37
926 19.17
927 26.78
928 50.02
929 24.95
930 54.35
931 43.46
932 42.53
933 34.87
934 62.72
935 42.56
936 49.63
937 29.98
938 34.31
939 35.04
940 34.88
941 37.50
942 49.70
943 32.53
944 37.46
945 62.61
946 47.67
947 44.95
948 34.97
949 34.61
950 57.06
951 39.51
952 30.05
953 33.54
954 26.57
955 40.03
956 57.67
957 47.55
958 49.56
959 39.80
960 42.46
961 27.58
962 27.14
963 63.41
964 41.40
965 47.77
966 57.70
967 40.87
968 37.55
969 32.00
970 25.46
971 34.99
972 24.83
973 40.10
974 53.55
975 41.22
976 50.73
977 52.62
978 57.54
979 52.56
980 72.19
981 47.58
982 66.10
983 47.14
984 43.52
985 33.72
986 56.07
987 42.07
988 48.39
989 27.57
990 57.69
991 64.28
992 37.63
993 37.59
994 44.81
995 42.45
996 60.72
997 35.83
998 37.50
999 35.66
1371.5562398433685
