0 -4.854999999999914
1 -5.749999999999893
2 -6.009999999999888
3 -4.729999999999917
4 -4.784999999999917
5 -8.239999999999862
6 -4.734999999999918
7 -4.6599999999999175
8 -4.719999999999917
9 -7.1999999999998625
10 -6.899999999999869
11 -6.464999999999878
12 -5.284999999999902
13 -5.159999999999907
14 -4.769999999999916
15 -6.659999999999874
16 -4.619999999999918
17 -4.729999999999918
18 -4.8449999999999145
19 -4.739999999999917
20 -4.529999999999919
21 -5.259999999999903
22 -4.699999999999917
23 -4.739999999999916
24 -7.064999999999865
25 -5.7999999999998915
26 -8.209999999999859
27 -7.2449999999998616
28 -5.279999999999906
29 -6.659999999999873
30 -4.98499999999991
31 -5.89999999999989
32 -4.514999999999919
33 -4.594999999999918
34 -4.634999999999917
35 -5.259999999999903
36 -7.499999999999855
37 -7.399999999999857
38 -5.244999999999902
39 -6.354999999999881
40 -6.419999999999877
41 -7.374999999999858
42 -4.564999999999919
43 -4.734999999999918
44 -4.47999999999992
45 -6.6449999999998735
46 -5.234999999999904
47 -5.054999999999907
48 -1.214999999999873
49 -5.064999999999906
50 -4.649999999999918
51 -3.904999999999879
52 -5.959999999999888
53 -2.1499999999999337
54 -5.874999999999889
55 -5.654999999999895
56 -4.579999999999919
57 -4.6149999999999185
58 -4.46499999999992
59 -5.169999999999906
60 -8.984999999999896
61 -4.43499999999992
62 -7.139999999999864
63 -4.549999999999919
64 -5.974999999999888
65 -6.649999999999873
66 -5.249999999999904
67 -4.539999999999918
68 -5.5149999999998975
69 -5.809999999999892
70 -4.549999999999918
71 -4.9499999999999105
72 -8.514999999999878
73 -5.074999999999907
74 -4.6749999999999154
75 -5.014999999999908
76 -4.564999999999919
77 -4.6099999999999195
78 -5.199999999999906
79 -6.634999999999873
80 -5.234999999999903
81 -4.584999999999919
82 -4.649999999999916
83 -4.654999999999916
84 -5.134999999999906
85 -6.5499999999998755
86 -5.3899999999999
87 -4.5699999999999195
88 -5.619999999999897
89 -4.51499999999992
90 -6.754999999999871
91 -6.884999999999868
92 -4.534999999999921
93 -3.1399999999998927
94 -4.349999999999922
95 -6.3649999999998785
96 -4.4799999999999205
97 -6.1699999999998845
98 -6.109999999999884
99 -5.164999999999903
100 -6.289999999999879
101 -5.929999999999888
102 -4.759999999999913
103 -5.0049999999999075
104 -4.584999999999918
105 -4.539999999999918
106 -6.504999999999876
107 -4.93499999999991
108 -4.549999999999919
109 -4.85999999999991
110 -6.30999999999988
111 -5.959999999999888
112 -5.344999999999901
113 -4.48999999999992
114 -4.559999999999863
115 -4.534999999999918
116 -6.809999999999869
117 -4.384999999999921
118 -5.549999999999898
119 -4.974999999999908
120 -4.569999999999919
121 -5.024999999999908
122 -0.5199999999998737
123 -5.819999999999889
124 -4.529999999999918
125 -4.364999999999922
126 -4.89999999999991
127 -4.629999999999917
128 -5.219999999999904
129 -5.454999999999898
130 -4.404999999999922
131 -4.859999999999911
132 -8.259999999999861
133 -6.144999999999883
134 -4.674999999999917
135 -3.594999999999911
136 -4.544999999999919
137 -3.049999999999909
138 -4.534999999999919
139 -5.004999999999909
140 -4.52499999999992
141 -2.754999999999904
142 -6.084999999999885
143 -4.489999999999918
144 -7.014999999999865
145 -5.059999999999907
146 -4.654999999999917
147 -4.624999999999917
148 -6.009999999999887
149 -4.844999999999912
150 -5.1849999999998495
151 -8.639999999999887
152 -5.759999999999891
153 -5.549999999999897
154 -6.404999999999879
155 -4.674999999999916
156 -2.0999999999999153
157 -4.55499999999992
158 -5.6699999999998925
159 -5.3749999999999
160 -4.584999999999918
161 -4.51999999999992
162 -5.874999999999888
163 -4.709999999999915
164 -6.499999999999876
165 -5.584999999999894
166 -4.46499999999992
167 -3.759999999999882
168 -4.614999999999918
169 -4.439999999999921
170 -5.274999999999902
171 -4.489999999999919
172 -4.47999999999992
173 -5.124999999999907
174 -6.6049999999998725
175 -4.519999999999917
176 -2.419999999999909
177 -5.3099999999999
178 -7.24999999999986
179 -4.82499999999991
180 -5.729999999999893
181 -5.344999999999899
182 -5.329999999999901
183 -6.334999999999878
184 -4.044999999999904
185 -5.164999999999903
186 -4.51999999999992
187 -5.199999999999906
188 -6.609999999999876
189 -4.604999999999917
190 -5.144999999999905
191 -4.544999999999919
192 -6.034999999999885
193 -4.6199999999999175
194 -4.549999999999917
195 -8.50499999999988
196 -4.93999999999991
197 -5.189999999999906
198 -4.609999999999917
199 -6.364999999999881
200 -6.064999999999885
201 -6.81499999999987
202 -5.639999999999894
203 -6.594999999999873
204 -4.594999999999915
205 -8.334999999999862
206 -8.149999999999856
207 -7.749999999999851
208 -8.34499999999986
209 -6.764999999999874
210 -4.739999999999916
211 -5.404999999999898
212 -7.024999999999866
213 -5.729999999999894
214 -1.4049999999998937
215 -4.609999999999915
216 -6.234999999999884
217 -6.959999999999866
218 -6.679999999999873
219 -4.794999999999912
220 -4.484999999999916
221 -3.194999999999893
222 -5.374999999999898
223 -4.564999999999915
224 -5.324999999999902
225 -9.464999999999943
226 -5.959999999999889
227 -4.624999999999914
228 -4.304999999999919
229 -6.73499999999987
230 -6.7849999999998705
231 -6.739999999999871
232 -2.749999999999922
233 -5.244999999999901
234 -6.074999999999884
235 -5.734999999999891
236 -4.67999999999986
237 -5.129999999999902
238 -5.579999999999893
239 -6.879999999999867
240 -4.65999999999991
241 -3.0049999999999373
242 -8.33499999999987
243 -4.794999999999908
244 -4.644999999999908
245 -5.254999999999897
246 -5.469999999999893
247 -4.819999999999905
248 -6.129999999999879
249 -4.729999999999912
250 -3.7499999999999214
251 -3.059999999999932
252 -5.3299999999998935
253 -3.794999999999921
254 -4.684999999999909
255 -3.5349999999999255
256 -3.4499999999999216
257 -4.494999999999912
258 -4.674999999999908
259 -5.054999999999902
260 -4.319999999999915
261 -3.209999999999928
262 -2.7149999999999346
263 -3.7349999999999253
264 -4.109999999999919
265 -4.674999999999906
266 -4.5399999999999014
267 -4.149999999999918
268 -3.474999999999926
269 -2.749999999999933
270 -1.769999999999928
271 -3.604999999999925
272 -2.9549999999999303
273 -3.8199999999999266
274 -3.209999999999928
275 -4.459999999999914
276 -2.8849999999999327
277 -2.759999999999935
278 -2.8349999999999356
279 -1.939999999999925
280 -2.6899999999999356
281 -1.4199999999999542
282 -3.6499999999999235
283 -3.5499999999999234
284 -2.969999999999934
285 -0.11499999999991603
286 -3.7449999999999233
287 -4.689999999999898
288 -2.6799999999999367
289 -4.064999999999917
290 -2.6499999999999346
291 -2.584999999999936
292 -4.169999999999913
293 -2.9949999999999335
294 -2.584999999999937
295 -2.694999999999936
296 -3.029999999999929
297 -4.549999999999903
298 -3.669999999999927
299 -2.5899999999999364
300 -2.5949999999999362
301 -2.5199999999999374
302 -3.499999999999922
303 -3.9449999999999203
304 -0.07999999999991556
305 -4.524999999999909
306 -2.6949999999999354
307 -2.6649999999999396
308 -3.504999999999924
309 -3.6249999999999223
310 -2.624999999999935
311 -3.2149999999999235
312 -4.484999999999907
313 -4.024999999999918
314 -3.7899999999999205
315 -2.6899999999999338
316 -2.539999999999937
317 -2.6299999999999355
318 -2.9199999999999315
319 -2.6199999999999353
320 -4.414999999999909
321 -3.2449999999999246
322 -3.5849999999999276
323 -2.699999999999934
324 -2.679999999999936
325 -2.7699999999999343
326 -2.559999999999937
327 -2.669999999999934
328 -2.6349999999999367
329 -3.924999999999919
330 -2.749999999999937
331 -2.594999999999936
332 -2.799999999999932
333 -2.5599999999999365
334 -2.834999999999938
335 -2.5799999999999366
336 -3.7399999999999216
337 -2.8799999999999337
338 -2.544999999999937
339 -4.639999999999905
340 -3.3849999999999247
341 -2.534999999999937
342 -2.5249999999999373
343 -0.9699999999999407
344 -2.6099999999999355
345 -3.224999999999925
346 -2.6649999999999343
347 -2.6549999999999354
348 -2.6349999999999354
349 -3.3999999999999284
350 -2.654999999999936
351 -4.184999999999908
352 -3.164999999999932
353 -3.7449999999999215
354 -2.669999999999935
355 -2.6449999999999347
356 -3.2799999999999225
357 -2.95999999999993
358 -2.7699999999999325
359 -2.6149999999999354
360 -3.2399999999999225
361 -2.7449999999999357
362 2.385000000000109
363 -2.529999999999937
364 -2.714999999999936
365 -3.3199999999999266
366 -2.5699999999999363
367 -2.6199999999999353
368 -4.039999999999914
369 -2.579999999999936
370 -2.5699999999999363
371 -3.5299999999999288
372 -2.5649999999999364
373 -3.99999999999991
374 -3.274999999999923
375 -2.5249999999999373
376 -3.999999999999913
377 -3.619999999999924
378 -4.214999999999913
379 -2.5649999999999364
380 -2.5499999999999368
381 -2.6849999999999343
382 -2.624999999999935
383 -2.654999999999935
384 -0.589999999999918
385 -3.5999999999999246
386 -2.584999999999936
387 -2.6499999999999346
388 -2.914999999999932
389 -2.669999999999934
390 -3.589999999999922
391 -2.589999999999936
392 -2.579999999999936
393 -3.1499999999999266
394 -2.604999999999936
395 -2.5599999999999365
396 -2.529999999999937
397 -2.584999999999936
398 -3.104999999999925
399 -2.569999999999937
400 -2.6899999999999338
401 -2.689999999999936
402 -2.5849999999999365
403 -2.6399999999999357
404 -2.649999999999935
405 -3.0649999999999316
406 -2.6549999999999345
407 -2.774999999999935
408 -3.0799999999999343
409 -1.3299999999999175
410 -2.914999999999936
411 -2.6199999999999353
412 -2.684999999999934
413 -2.5799999999999366
414 -2.5749999999999362
415 -2.639999999999935
416 -2.6599999999999344
417 -3.1449999999999307
418 -0.9749999999999197
419 -3.124999999999925
420 -2.7199999999999362
421 -2.674999999999934
422 -3.699999999999924
423 -2.5549999999999367
424 -2.5849999999999365
425 -2.579999999999936
426 -3.8499999999999175
427 -2.579999999999936
428 -2.6799999999999344
429 -2.594999999999936
430 -2.6049999999999356
431 -3.3349999999999227
432 -2.5549999999999367
433 -2.5599999999999365
434 -2.624999999999935
435 -2.6499999999999355
436 -3.524999999999922
437 -3.819999999999919
438 -2.6099999999999355
439 -2.5649999999999373
440 -3.3149999999999276
441 -2.634999999999935
442 -2.584999999999936
443 -2.7049999999999366
444 -3.124999999999927
445 -2.634999999999937
446 -2.624999999999935
447 -2.6999999999999353
448 -2.774999999999935
449 -2.6099999999999355
450 -2.5699999999999363
451 -3.8499999999999144
452 -2.5999999999999357
453 -3.7949999999999133
454 -2.584999999999936
455 -2.649999999999935
456 -0.9849999999999277
457 -2.5999999999999357
458 -2.6049999999999356
459 -2.5449999999999373
460 -2.589999999999936
461 -2.6199999999999353
462 -2.5749999999999362
463 -2.6149999999999354
464 -2.589999999999936
465 -2.5549999999999367
466 -2.6049999999999356
467 -2.534999999999937
468 -3.1349999999999323
469 -2.5999999999999357
470 -2.5999999999999357
471 -2.884999999999932
472 -2.5749999999999362
473 -2.554999999999938
474 -2.534999999999937
475 -2.6049999999999356
476 -2.7499999999999356
477 -2.5499999999999368
478 -0.15499999999991562
479 -0.05499999999991555
480 -2.639999999999935
481 -2.594999999999936
482 -3.414999999999923
483 -3.6149999999999203
484 -2.5499999999999368
485 -2.7449999999999326
486 -2.774999999999934
487 -2.699999999999934
488 -2.6599999999999344
489 -2.5649999999999364
490 -2.824999999999938
491 -2.674999999999934
492 -2.819999999999937
493 -2.6149999999999354
494 -3.4249999999999234
495 -2.689999999999935
496 -2.539999999999937
497 -2.6049999999999356
498 -2.579999999999936
499 -3.349999999999921
500 -2.5399999999999374
501 -2.674999999999934
502 -2.629999999999935
503 -3.4399999999999276
504 -2.5549999999999367
505 -2.6249999999999356
506 -2.6099999999999364
507 -2.639999999999935
508 -3.484999999999925
509 -0.0999999999999158
510 -2.5699999999999363
511 -2.6049999999999356
512 -2.624999999999935
513 -2.5999999999999357
514 -2.724999999999934
515 -2.544999999999937
516 -3.524999999999921
517 -2.824999999999935
518 -2.579999999999936
519 -0.6899999999999202
520 -3.4999999999999227
521 -1.6499999999999546
522 -2.7149999999999332
523 -2.5649999999999364
524 -3.069999999999931
525 -2.639999999999935
526 -2.5749999999999362
527 -3.3399999999999226
528 -0.9199999999999474
529 -2.594999999999936
530 -2.854999999999934
531 -2.5249999999999373
532 -2.624999999999935
533 -2.6449999999999347
534 -0.04999999999991555
535 -2.6999999999999345
536 -2.539999999999937
537 -2.599999999999936
538 -0.1849999999999183
539 -2.569999999999937
540 -2.619999999999937
541 -2.954999999999932
542 -2.584999999999936
543 -2.639999999999935
544 -2.7349999999999333
545 -3.3599999999999253
546 -2.7399999999999327
547 -2.639999999999935
548 -2.6049999999999356
549 -2.6199999999999353
550 -2.539999999999937
551 -2.5499999999999368
552 -2.5649999999999364
553 -2.659999999999937
554 -2.639999999999935
555 -2.579999999999936
556 -2.6799999999999358
557 -2.5649999999999364
558 -2.579999999999936
559 -2.6199999999999353
560 -2.744999999999933
561 -2.6199999999999353
562 -2.6649999999999343
563 -3.1249999999999254
564 -2.6099999999999355
565 -2.8849999999999363
566 -3.029999999999927
567 -2.624999999999935
568 -2.6449999999999347
569 -2.679999999999934
570 -2.5499999999999368
571 -2.6549999999999345
572 -3.1249999999999276
573 -2.484999999999938
574 -3.2649999999999273
575 -2.544999999999937
576 -3.054999999999929
577 -3.3349999999999276
578 -2.624999999999935
579 -2.584999999999936
580 -2.9999999999999294
581 -2.5749999999999362
582 -2.9849999999999346
583 -2.6199999999999353
584 -2.5499999999999368
585 -1.2549999999999162
586 -2.534999999999937
587 -3.0649999999999316
588 -2.6199999999999353
589 -2.6149999999999354
590 -2.5249999999999373
591 -2.6049999999999356
592 -2.689999999999934
593 -3.364999999999924
594 -2.589999999999936
595 -2.5699999999999363
596 -2.7649999999999344
597 -2.629999999999935
598 -2.529999999999937
599 -0.09499999999991646
600 -2.6199999999999353
601 -2.579999999999936
602 -2.5999999999999357
603 -2.594999999999936
604 -0.11499999999991559
605 -2.6599999999999353
606 -2.624999999999935
607 -3.059999999999926
608 -2.5749999999999362
609 -2.6199999999999353
610 -2.5749999999999362
611 -2.589999999999936
612 -2.5749999999999362
613 -2.6099999999999377
614 -2.604999999999936
615 -2.734999999999934
616 -2.6749999999999368
617 -2.494999999999938
618 -2.539999999999937
619 -2.6399999999999353
620 -2.6699999999999346
621 -2.6549999999999354
622 -2.6049999999999356
623 -2.639999999999935
624 -2.4799999999999383
625 -2.6649999999999343
626 -2.6199999999999353
627 -2.579999999999936
628 -2.6049999999999356
629 -2.9249999999999305
630 -2.589999999999936
631 -3.214999999999924
632 -2.6499999999999346
633 -2.6199999999999353
634 -2.7449999999999357
635 -2.589999999999937
636 -2.7849999999999375
637 -2.539999999999937
638 -2.5499999999999368
639 -2.6099999999999355
640 -2.5749999999999362
641 -2.5999999999999357
642 -2.634999999999935
643 -2.544999999999937
644 -2.854999999999934
645 -2.5099999999999376
646 -2.629999999999935
647 -2.5999999999999357
648 -2.5999999999999357
649 -2.624999999999937
650 -2.5999999999999357
651 -2.5549999999999367
652 -2.629999999999935
653 -2.544999999999937
654 -2.6649999999999343
655 -2.634999999999935
656 -2.5749999999999362
657 -2.6649999999999348
658 -0.08999999999991556
659 -2.5699999999999363
660 -2.594999999999936
661 -3.364999999999926
662 -3.0149999999999277
663 -2.639999999999935
664 -2.539999999999937
665 -2.6399999999999353
666 -2.9799999999999316
667 -2.584999999999936
668 -2.624999999999935
669 -0.1299999999999156
670 -2.6149999999999354
671 -2.629999999999935
672 -2.6149999999999363
673 -2.9049999999999354
674 -2.6749999999999354
675 -2.584999999999936
676 -2.719999999999933
677 -2.6449999999999347
678 -2.5149999999999375
679 -2.979999999999934
680 -2.5099999999999385
681 -2.539999999999937
682 -3.1999999999999273
683 -3.1949999999999283
684 -2.5149999999999375
685 -2.529999999999937
686 -2.5699999999999363
687 -2.6199999999999353
688 -2.9449999999999297
689 -2.6449999999999347
690 -0.7649999999999184
691 -0.07499999999991555
692 -2.594999999999936
693 -2.539999999999937
694 -0.16999999999991608
695 -2.6199999999999366
696 -3.0199999999999303
697 -2.584999999999936
698 -3.5699999999999177
699 -2.6149999999999354
700 -3.0899999999999297
701 -0.044999999999915774
702 -2.999999999999929
703 -2.809999999999931
704 -2.589999999999936
705 -2.594999999999936
706 -2.644999999999935
707 -2.5149999999999375
708 -2.6049999999999356
709 -2.6199999999999353
710 -3.0799999999999255
711 -2.529999999999939
712 -3.139999999999925
713 -2.8599999999999346
714 -2.674999999999934
715 -2.6749999999999354
716 -2.6599999999999344
717 -2.584999999999936
718 -2.534999999999937
719 -3.459999999999922
720 -2.629999999999935
721 -2.6199999999999353
722 -2.6199999999999353
723 -2.6549999999999345
724 -2.5749999999999362
725 -2.679999999999934
726 -2.6149999999999354
727 -2.604999999999936
728 -2.5999999999999357
729 -2.834999999999931
730 -2.6049999999999365
731 -2.5999999999999357
732 -2.6549999999999345
733 -2.7699999999999374
734 -2.584999999999936
735 -0.17499999999991586
736 -2.6899999999999347
737 -2.579999999999936
738 -2.6649999999999348
739 -2.684999999999935
740 -2.6349999999999354
741 -2.6049999999999356
742 -2.589999999999936
743 -3.009999999999931
744 -2.634999999999935
745 -2.579999999999936
746 -2.5999999999999357
747 -2.6499999999999346
748 -2.6049999999999356
749 -0.02499999999991556
750 -2.594999999999936
751 -2.624999999999935
752 -2.594999999999936
753 -3.289999999999924
754 -2.5499999999999368
755 -2.5149999999999375
756 -2.594999999999936
757 -2.589999999999936
758 -2.5249999999999373
759 -2.6049999999999356
760 2.390000000000109
761 -2.6999999999999367
762 -0.08999999999991556
763 -2.5649999999999364
764 -2.6149999999999354
765 -2.6149999999999354
766 -2.5499999999999376
767 -3.2499999999999236
768 -3.054999999999927
769 -0.17999999999991564
770 -2.6199999999999353
771 -2.5499999999999368
772 -2.529999999999937
773 -2.624999999999935
774 -2.6199999999999357
775 -2.6349999999999354
776 -2.5499999999999368
777 -2.594999999999936
778 -2.5699999999999363
779 -2.9799999999999285
780 -2.594999999999936
781 -2.624999999999935
782 -2.5699999999999363
783 -2.5549999999999367
784 -2.5499999999999368
785 -2.634999999999935
786 -2.5449999999999373
787 -2.589999999999936
788 -3.344999999999921
789 -2.8049999999999367
790 -2.5599999999999365
791 -2.6299999999999364
792 -2.629999999999935
793 -2.579999999999936
794 -2.604999999999936
795 -2.6549999999999345
796 -2.6149999999999354
797 -2.5999999999999375
798 -2.584999999999936
799 -2.594999999999936
800 -2.624999999999935
801 -0.05499999999991555
802 -2.609999999999936
803 -2.5649999999999364
804 -2.654999999999935
805 -2.6099999999999355
806 -3.3999999999999213
807 -2.6199999999999353
808 -2.629999999999935
809 -2.674999999999934
810 -0.10999999999991558
811 -2.6949999999999337
812 -2.5949999999999362
813 -2.579999999999936
814 -2.624999999999935
815 -0.1399999999999158
816 -2.564999999999937
817 -2.594999999999936
818 -2.544999999999937
819 -2.634999999999935
820 -2.624999999999935
821 -2.5549999999999367
822 -2.634999999999935
823 -2.5699999999999363
824 -2.5549999999999367
825 -2.5099999999999376
826 -2.5699999999999363
827 -2.704999999999934
828 2.3250000000001103
829 -2.5199999999999374
830 -2.764999999999934
831 -2.6399999999999357
832 -3.1799999999999238
833 -2.5749999999999362
834 -2.6649999999999343
835 -2.9499999999999327
836 -2.539999999999937
837 -2.679999999999934
838 -2.629999999999935
839 -2.539999999999937
840 -2.589999999999936
841 -2.539999999999937
842 -2.539999999999937
843 -2.8949999999999334
844 -2.6299999999999355
845 -2.5899999999999364
846 -2.6199999999999353
847 -2.724999999999933
848 -2.6099999999999355
849 -2.5649999999999364
850 -3.1349999999999265
851 -2.5999999999999357
852 -2.5699999999999363
853 -3.0699999999999266
854 -2.6199999999999353
855 -2.589999999999936
856 -2.5199999999999374
857 -3.029999999999933
858 -2.529999999999937
859 -2.594999999999936
860 -3.214999999999926
861 -2.674999999999936
862 -2.584999999999936
863 -2.5199999999999374
864 -2.544999999999937
865 -2.824999999999933
866 -2.8899999999999295
867 -2.579999999999936
868 -2.6699999999999355
869 -2.584999999999936
870 -2.669999999999934
871 -2.5499999999999368
872 -2.5999999999999357
873 -2.534999999999937
874 -2.579999999999936
875 -3.0999999999999255
876 -2.5549999999999367
877 -2.6649999999999343
878 -2.6199999999999366
879 -2.8499999999999335
880 -2.5749999999999362
881 -2.5649999999999364
882 -2.529999999999937
883 -3.339999999999925
884 -2.5249999999999373
885 -2.6599999999999344
886 -2.6549999999999363
887 -2.829999999999936
888 -2.7249999999999366
889 -2.5749999999999362
890 -2.6099999999999355
891 -2.6999999999999362
892 -2.544999999999937
893 -2.6449999999999347
894 -2.624999999999935
895 -2.624999999999935
896 -2.6549999999999345
897 -2.539999999999937
898 -2.6449999999999347
899 -3.2299999999999245
900 -2.7399999999999327
901 -2.5749999999999362
902 -2.7549999999999364
903 -2.5549999999999367
904 -2.5649999999999378
905 -2.6649999999999343
906 -2.6099999999999364
907 -2.5099999999999376
908 -2.6549999999999354
909 -2.6599999999999344
910 -2.584999999999936
911 -2.6449999999999347
912 -0.9299999999999176
913 -2.7049999999999335
914 -2.5149999999999375
915 -2.6149999999999354
916 -2.5699999999999363
917 -2.6099999999999355
918 -2.6099999999999355
919 -2.6049999999999356
920 -2.629999999999935
921 -2.5399999999999374
922 -2.589999999999936
923 -2.594999999999936
924 -2.5999999999999357
925 -2.579999999999936
926 -2.884999999999932
927 -0.11999999999991581
928 -2.5649999999999364
929 -2.639999999999935
930 -2.5649999999999364
931 -2.589999999999936
932 -2.594999999999936
933 -2.539999999999937
934 -2.8399999999999324
935 -2.579999999999936
936 -3.124999999999925
937 -2.7399999999999336
938 -2.5699999999999363
939 -2.6099999999999355
940 -2.579999999999936
941 -2.589999999999936
942 -2.8199999999999315
943 -2.5649999999999364
944 -2.6599999999999357
945 -2.6049999999999356
946 -2.5699999999999363
947 -2.5599999999999365
948 -2.5749999999999376
949 -2.684999999999938
950 -2.5649999999999364
951 -2.534999999999937
952 -2.624999999999935
953 -2.6749999999999354
954 -2.6849999999999374
955 -2.6099999999999355
956 -2.5649999999999364
957 -2.6249999999999356
958 -2.629999999999935
959 -2.584999999999936
960 -2.6549999999999345
961 -2.624999999999935
962 -2.499999999999938
963 -2.6049999999999356
964 -3.339999999999923
965 -3.224999999999924
966 -2.6499999999999346
967 -2.5699999999999363
968 -2.5149999999999375
969 -2.5599999999999365
970 -2.5149999999999375
971 -2.5499999999999368
972 -2.5599999999999365
973 -2.6199999999999353
974 -2.5149999999999375
975 -2.7049999999999335
976 -2.5499999999999368
977 -2.6549999999999363
978 -3.079999999999926
979 -2.764999999999934
980 -2.6699999999999346
981 -2.5749999999999362
982 -2.584999999999936
983 -2.5549999999999367
984 -0.13999999999991583
985 -3.319999999999924
986 -2.6049999999999356
987 -3.339999999999921
988 -2.589999999999936
989 -2.6199999999999353
990 -2.6199999999999353
991 -2.5149999999999375
992 -2.5249999999999373
993 -2.779999999999935
994 -0.09999999999991568
995 -2.5699999999999363
996 -2.5599999999999365
997 -2.6499999999999346
998 -2.5599999999999365
999 -2.6299999999999355
1000 -2.5999999999999357
1001 -2.6149999999999354
1002 -2.639999999999935
1003 -2.679999999999934
1004 -2.5549999999999367
1005 -2.579999999999936
1006 -3.3599999999999226
1007 -2.624999999999935
1008 -2.579999999999936
1009 -2.5949999999999367
1010 -2.629999999999935
1011 -2.6549999999999345
1012 -2.7049999999999335
1013 -2.674999999999934
1014 -2.659999999999935
1015 -2.5999999999999357
1016 -3.289999999999923
1017 -2.584999999999936
1018 -2.639999999999935
1019 -2.6649999999999343
1020 -2.5099999999999376
1021 -2.5749999999999362
1022 -2.6649999999999343
1023 -2.624999999999935
1024 -2.579999999999936
1025 -2.6549999999999363
1026 -3.744999999999915
1027 -0.07499999999991555
1028 -2.6049999999999356
1029 -2.544999999999937
1030 -2.6549999999999345
1031 -2.534999999999937
1032 -3.014999999999927
1033 -2.514999999999938
1034 -0.06499999999991554
1035 -2.6199999999999353
1036 -2.579999999999936
1037 -2.6449999999999347
1038 -0.15999999999991563
1039 -2.6249999999999356
1040 -2.534999999999937
1041 -2.589999999999936
1042 -2.6499999999999346
1043 -2.7449999999999326
1044 -2.5199999999999374
1045 -2.589999999999936
1046 -2.684999999999934
1047 -2.5199999999999396
1048 -2.539999999999937
1049 -2.694999999999934
1050 -2.5499999999999368
1051 -2.624999999999935
1052 -2.5599999999999365
1053 -2.5699999999999363
1054 -2.589999999999936
1055 -2.584999999999936
1056 -2.6049999999999356
1057 -2.5649999999999364
1058 -2.6199999999999353
1059 -2.5699999999999363
1060 -2.629999999999935
1061 -2.579999999999936
1062 -2.5749999999999362
1063 -2.6499999999999346
1064 -2.6599999999999344
1065 -2.584999999999936
1066 -2.529999999999937
1067 -2.6299999999999355
1068 -2.579999999999936
1069 -2.589999999999936
1070 -2.6399999999999357
1071 -2.544999999999937
1072 -2.5699999999999363
1073 -2.5749999999999362
1074 -2.629999999999935
1075 -2.594999999999936
1076 -2.5749999999999367
1077 -0.07499999999991555
1078 -2.8149999999999333
1079 -2.5499999999999368
1080 -2.5599999999999365
1081 -2.8449999999999314
1082 -2.6749999999999345
1083 -2.6049999999999356
1084 -2.5749999999999362
1085 -2.699999999999934
1086 -2.5649999999999364
1087 -2.5499999999999368
1088 -3.139999999999926
1089 -2.679999999999934
1090 -2.4749999999999384
1091 -2.6149999999999354
1092 -2.5999999999999357
1093 -2.6099999999999355
1094 -2.579999999999936
1095 -2.6099999999999355
1096 -2.5499999999999368
1097 -2.584999999999936
1098 -2.544999999999937
1099 -2.5249999999999373
1100 -2.6149999999999354
1101 -0.1399999999999158
1102 -2.609999999999936
1103 -2.5499999999999368
1104 -2.6499999999999346
1105 -2.5749999999999362
1106 -2.499999999999938
1107 -2.6499999999999346
1108 -2.674999999999935
1109 -2.5549999999999367
1110 -2.629999999999935
1111 -2.624999999999935
1112 -2.5549999999999367
1113 -2.534999999999937
1114 -2.6099999999999355
1115 -0.02999999999991556
1116 -2.5099999999999376
1117 -2.6149999999999354
1118 -2.529999999999937
1119 -2.5599999999999365
1120 -2.7799999999999363
1121 -2.6549999999999363
1122 -2.624999999999935
1123 -2.599999999999936
1124 -2.624999999999935
1125 -2.6699999999999346
1126 -2.694999999999934
1127 -2.629999999999935
1128 -2.7149999999999346
1129 -2.6149999999999363
1130 -2.6999999999999376
1131 -2.629999999999935
1132 -2.5999999999999357
1133 -2.5999999999999357
1134 -0.06499999999991554
1135 -2.6099999999999355
1136 -2.6399999999999353
1137 -2.5499999999999368
1138 -2.449999999999939
1139 -2.539999999999937
1140 -2.7049999999999352
1141 -2.634999999999935
1142 -2.5699999999999363
1143 -2.5999999999999357
1144 -2.539999999999937
1145 -2.5699999999999363
1146 -3.1149999999999265
1147 -3.079999999999926
1148 -2.539999999999937
1149 -0.09499999999991601
1150 -2.594999999999936
1151 -2.784999999999932
1152 -2.5599999999999365
1153 -2.6049999999999356
1154 -2.7949999999999324
1155 -2.669999999999934
1156 -2.5549999999999367
1157 -2.659999999999935
1158 -2.5649999999999364
1159 -2.579999999999936
1160 -2.5249999999999373
1161 -2.564999999999937
1162 -2.5749999999999362
1163 -3.134999999999927
1164 -2.5599999999999365
1165 -2.6499999999999346
1166 -2.5099999999999376
1167 -2.629999999999935
1168 -2.7999999999999328
1169 -2.639999999999935
1170 -2.579999999999936
1171 -2.5899999999999364
1172 -2.6549999999999345
1173 -2.6499999999999364
1174 -2.529999999999937
1175 -2.5999999999999357
1176 -2.6099999999999355
1177 -0.1299999999999156
1178 -2.5699999999999363
1179 -2.5499999999999368
1180 -2.529999999999937
1181 -0.07499999999991555
1182 -2.5749999999999362
1183 -2.684999999999934
1184 -2.5999999999999357
1185 -2.669999999999934
1186 -2.5699999999999363
1187 -2.5599999999999365
1188 -2.6199999999999353
1189 -2.724999999999933
1190 -2.6149999999999354
1191 -2.604999999999936
1192 -3.0749999999999256
1193 -2.7199999999999336
1194 -2.674999999999934
1195 -2.584999999999936
1196 -2.5599999999999365
1197 -2.5149999999999375
1198 -2.6649999999999343
1199 -2.6599999999999344
1200 -2.589999999999936
1201 -2.6449999999999347
1202 -2.6049999999999356
1203 -2.584999999999936
1204 -0.15999999999991563
1205 -0.4649999999999163
1206 -2.584999999999936
1207 -2.6499999999999346
1208 -2.5799999999999366
1209 -2.8199999999999332
1210 -2.549999999999937
1211 -2.6499999999999346
1212 -2.629999999999935
1213 -0.09999999999991557
1214 -2.544999999999937
1215 -2.5749999999999362
1216 -2.6099999999999355
1217 -2.539999999999937
1218 -2.579999999999936
1219 -2.6049999999999356
1220 -2.6499999999999346
1221 -0.07999999999991576
1222 -2.534999999999937
1223 -2.6149999999999354
1224 -2.5149999999999375
1225 -2.6049999999999356
1226 -2.5099999999999376
1227 -2.5999999999999357
1228 -2.6449999999999347
1229 -2.7099999999999334
1230 -2.5699999999999363
1231 -2.6199999999999353
1232 -2.579999999999936
1233 -2.6149999999999354
1234 -2.724999999999935
1235 -2.97999999999993
1236 -2.5099999999999376
1237 -2.6349999999999354
1238 -2.679999999999934
1239 -2.599999999999936
1240 -2.7199999999999336
1241 -2.6349999999999367
1242 -2.6349999999999363
1243 -0.039999999999915554
1244 -2.6899999999999347
1245 -3.2849999999999246
1246 -2.5549999999999367
1247 -2.6049999999999356
1248 -2.634999999999935
1249 -2.689999999999934
1250 -2.579999999999936
1251 -2.594999999999936
1252 -2.629999999999935
1253 -2.634999999999935
1254 -2.539999999999937
1255 -2.624999999999935
1256 -2.5749999999999362
1257 -2.5999999999999357
1258 -2.6449999999999347
1259 -2.529999999999937
1260 -2.639999999999935
1261 -0.34499999999991665
1262 -2.6049999999999356
1263 -2.594999999999936
1264 -2.5549999999999375
1265 -2.6449999999999347
1266 -2.5199999999999374
1267 -2.634999999999935
1268 -2.639999999999935
1269 -2.614999999999936
1270 -2.5749999999999362
1271 -2.5549999999999367
1272 -2.624999999999935
1273 -2.589999999999936
1274 -3.224999999999925
1275 -2.6049999999999356
1276 -2.6449999999999356
1277 -2.6049999999999356
1278 -2.5999999999999357
1279 -2.639999999999935
1280 -2.584999999999936
1281 -2.5649999999999364
1282 -2.639999999999935
1283 -2.6099999999999355
1284 -2.534999999999937
1285 -2.6099999999999355
1286 -2.6149999999999354
1287 -2.6199999999999353
1288 -2.539999999999937
1289 -2.6149999999999354
1290 -2.6949999999999337
1291 -2.6849999999999348
1292 -2.6599999999999344
1293 -2.6149999999999354
1294 -2.499999999999938
1295 -2.6649999999999343
1296 -2.6199999999999353
1297 -2.6199999999999353
1298 -2.5649999999999364
1299 -2.6449999999999365
1300 -2.579999999999936
1301 -2.634999999999935
1302 -2.7099999999999334
1303 -2.5599999999999365
1304 -2.589999999999936
1305 -2.6599999999999344
1306 -2.5749999999999362
1307 -2.634999999999935
1308 -2.539999999999937
1309 -2.589999999999936
1310 -2.6899999999999347
1311 -2.6049999999999356
1312 -2.499999999999938
1313 -2.5749999999999362
1314 -2.589999999999936
1315 -2.6199999999999353
1316 -2.6099999999999355
1317 -2.629999999999935
1318 -2.624999999999935
1319 -2.6049999999999356
1320 -2.634999999999935
1321 -2.534999999999937
1322 -2.624999999999935
1323 -2.529999999999937
1324 -2.589999999999936
1325 -2.5999999999999357
1326 -2.5099999999999376
1327 -2.489999999999938
1328 -2.6799999999999344
1329 -2.624999999999937
1330 -2.5199999999999374
1331 -2.5599999999999365
1332 -2.674999999999934
1333 -2.5549999999999367
1334 -2.6499999999999346
1335 -2.6099999999999355
1336 -2.589999999999936
1337 -2.584999999999936
1338 -0.34499999999991643
1339 -2.5999999999999357
1340 -2.5049999999999377
1341 -2.579999999999936
1342 -0.06499999999991554
1343 -2.5649999999999364
1344 -2.634999999999935
1345 -2.5749999999999362
1346 -2.6799999999999367
1347 -2.539999999999937
1348 -2.494999999999938
1349 -2.684999999999934
1350 -2.629999999999935
1351 -2.889999999999931
1352 -2.529999999999937
1353 -2.594999999999936
1354 -2.539999999999937
1355 -2.6049999999999356
1356 -2.5249999999999373
1357 -2.6149999999999354
1358 -2.5499999999999368
1359 -2.539999999999937
1360 -2.6249999999999365
1361 -2.5749999999999362
1362 -2.649999999999935
1363 -2.589999999999936
1364 -2.5749999999999362
1365 -2.6449999999999347
1366 -2.6049999999999356
1367 -2.594999999999936
1368 -2.6049999999999356
1369 -2.669999999999934
1370 -2.6049999999999356
1371 -2.6199999999999357
1372 -2.679999999999934
1373 -2.639999999999935
1374 -3.624999999999915
1375 -2.634999999999935
1376 -2.5649999999999364
1377 -2.584999999999936
1378 -2.634999999999935
1379 -2.5749999999999362
1380 -2.5049999999999377
1381 -2.579999999999936
1382 -2.584999999999936
1383 -2.5599999999999365
1384 -2.629999999999935
1385 -2.5599999999999365
1386 -2.584999999999936
1387 -2.749999999999935
1388 -3.264999999999926
1389 -2.5149999999999375
1390 -2.5649999999999364
1391 -2.5999999999999357
1392 -2.529999999999937
1393 -2.5649999999999364
1394 -3.124999999999927
1395 -2.5149999999999375
1396 -2.634999999999935
1397 -2.5549999999999367
1398 -2.669999999999937
1399 -2.629999999999935
1400 -2.6549999999999345
1401 -0.1299999999999156
1402 -2.584999999999936
1403 -2.5549999999999367
1404 -2.5999999999999357
1405 -2.5499999999999368
1406 -3.109999999999925
1407 -2.6399999999999353
1408 -2.5999999999999357
1409 -2.5749999999999362
1410 -2.594999999999936
1411 -2.6199999999999353
1412 -2.624999999999935
1413 -2.5599999999999365
1414 -2.654999999999936
1415 -2.584999999999936
1416 -2.5549999999999367
1417 -2.5399999999999374
1418 -2.5999999999999357
1419 -2.5199999999999374
1420 -2.5749999999999362
1421 -2.6199999999999353
1422 -2.584999999999936
1423 -2.649999999999935
1424 -2.6149999999999354
1425 -2.594999999999936
1426 -2.594999999999936
1427 -2.5549999999999367
1428 -2.589999999999936
1429 -2.5999999999999357
1430 -2.6099999999999355
1431 -2.6449999999999347
1432 -2.6199999999999353
1433 -2.6049999999999356
1434 -2.689999999999934
1435 -2.589999999999936
1436 -2.5649999999999364
1437 -2.6749999999999345
1438 -2.6099999999999355
1439 -0.08499999999991556
1440 -2.589999999999936
1441 -3.1549999999999248
1442 -2.624999999999935
1443 -2.594999999999936
1444 -2.6049999999999356
1445 -2.694999999999936
1446 -2.5749999999999362
1447 -2.6099999999999355
1448 -3.1949999999999252
1449 -2.629999999999936
1450 -2.7249999999999344
1451 2.435000000000108
1452 -2.624999999999936
1453 -2.539999999999937
1454 -2.529999999999937
1455 -2.669999999999934
1456 -2.6149999999999354
1457 -2.5699999999999363
1458 -2.8249999999999313
1459 -2.5749999999999362
1460 -2.5999999999999357
1461 -2.629999999999935
1462 -2.5999999999999357
1463 -2.6199999999999353
1464 -2.6099999999999355
1465 -2.5449999999999373
1466 -2.6049999999999356
1467 -2.589999999999936
1468 -2.5199999999999374
1469 -2.6149999999999354
1470 -2.584999999999936
1471 -2.579999999999936
1472 -2.584999999999936
1473 -2.529999999999937
1474 -2.624999999999935
1475 -2.5549999999999367
1476 -2.674999999999934
1477 -2.5649999999999364
1478 -0.21499999999991767
1479 -2.6349999999999354
1480 -2.5649999999999364
1481 -2.624999999999935
1482 -2.539999999999937
1483 -2.6449999999999347
1484 -2.6149999999999354
1485 -2.594999999999936
1486 -2.5599999999999365
1487 -2.5049999999999377
1488 -2.579999999999936
1489 -2.6499999999999346
1490 -2.669999999999935
1491 -0.11999999999991603
1492 -2.629999999999935
1493 -0.1349999999999156
1494 -2.594999999999936
1495 -0.04999999999991555
1496 -2.579999999999936
1497 -2.5999999999999357
1498 -3.104999999999926
1499 -2.579999999999936
1500 -2.589999999999936
1501 -2.6199999999999353
1502 -2.624999999999935
1503 -2.614999999999936
1504 -2.5699999999999363
1505 -2.6049999999999356
1506 -2.609999999999937
1507 -2.679999999999934
1508 -2.539999999999937
1509 -2.499999999999938
1510 -2.5749999999999362
1511 -2.614999999999936
1512 -2.6499999999999346
1513 -2.6049999999999356
1514 -2.629999999999935
1515 -2.6299999999999355
1516 -2.529999999999937
1517 -2.669999999999934
1518 -0.15499999999991562
1519 -2.5599999999999365
1520 -2.674999999999936
1521 -2.589999999999936
1522 -2.6499999999999355
1523 -2.6449999999999347
1524 -2.584999999999936
1525 -2.7749999999999337
1526 -2.5649999999999364
1527 -2.8399999999999306
1528 -2.5599999999999365
1529 -2.5649999999999364
1530 -2.5249999999999373
1531 -2.7599999999999336
1532 -2.594999999999936
1533 -2.5699999999999363
1534 -2.5249999999999373
1535 -3.2149999999999235
1536 -2.534999999999937
1537 -2.629999999999935
1538 -2.5599999999999365
1539 -2.6499999999999346
1540 -2.5749999999999362
1541 -2.6049999999999356
1542 -2.6199999999999353
1543 -2.6449999999999347
1544 -2.534999999999937
1545 -2.5649999999999364
1546 -2.5199999999999374
1547 -2.6749999999999345
1548 -2.5499999999999368
1549 -2.5699999999999363
1550 -2.534999999999937
1551 -2.5649999999999364
1552 -2.5699999999999363
1553 -2.6599999999999344
1554 -2.6049999999999356
1555 -2.5699999999999363
1556 -2.589999999999936
1557 -2.6099999999999355
1558 -2.5999999999999357
1559 -2.5649999999999364
1560 -2.5549999999999367
1561 -2.544999999999937
1562 -2.6249999999999356
1563 -2.5099999999999376
1564 -0.07499999999991577
1565 -2.5149999999999375
1566 -2.489999999999938
1567 -2.629999999999935
1568 -2.499999999999938
1569 -2.529999999999937
1570 -2.639999999999935
1571 -0.15499999999991718
1572 -2.5599999999999365
1573 -2.6049999999999365
1574 -2.6049999999999356
1575 -2.489999999999938
1576 -2.6199999999999353
1577 -2.529999999999937
1578 -2.6099999999999355
1579 -2.6599999999999366
1580 -2.7149999999999346
1581 -3.1299999999999244
1582 -2.584999999999936
1583 -2.629999999999935
1584 -0.11999999999994646
1585 -2.529999999999937
1586 -2.6099999999999355
1587 -2.5149999999999375
1588 -2.609999999999937
1589 -2.6449999999999347
1590 -2.589999999999936
1591 -2.544999999999937
1592 -2.659999999999935
1593 -2.6399999999999357
1594 -2.5549999999999367
1595 -3.014999999999927
1596 -2.669999999999934
1597 -2.534999999999937
1598 -2.579999999999936
1599 -2.4799999999999383
1600 -2.5849999999999373
1601 -2.5699999999999363
1602 -2.629999999999935
1603 -2.6149999999999354
1604 -2.6149999999999354
1605 -2.584999999999936
1606 -2.5999999999999357
1607 -2.6049999999999356
1608 -2.5749999999999362
1609 -2.5699999999999363
1610 -2.5649999999999364
1611 -2.5599999999999365
1612 -2.6149999999999354
1613 -2.5499999999999368
1614 -2.8599999999999306
1615 -2.6499999999999346
1616 -2.6549999999999345
1617 -2.594999999999936
1618 -2.669999999999934
1619 -2.689999999999936
1620 -2.6549999999999354
1621 -0.06499999999991554
1622 -2.5599999999999365
1623 -2.98999999999993
1624 -2.6449999999999347
1625 -2.679999999999934
1626 -2.6099999999999355
1627 -2.584999999999936
1628 -2.6199999999999357
1629 -2.6199999999999357
1630 -0.07999999999991578
1631 -2.6049999999999356
1632 -2.539999999999937
1633 -2.534999999999937
1634 -2.584999999999936
1635 -2.5149999999999375
1636 -2.6149999999999354
1637 -2.6199999999999353
1638 -2.669999999999934
1639 -2.589999999999936
1640 -3.1099999999999266
1641 -2.679999999999934
1642 -2.6949999999999337
1643 -2.6549999999999345
1644 -3.2199999999999234
1645 -2.589999999999936
1646 -3.1449999999999254
1647 -2.629999999999935
1648 -2.5749999999999362
1649 -2.6149999999999354
1650 -2.5599999999999365
1651 -2.579999999999936
1652 -2.6049999999999356
1653 -2.5599999999999365
1654 -2.5649999999999364
1655 -2.5699999999999363
1656 -2.6099999999999355
1657 -2.589999999999937
1658 -2.534999999999937
1659 -2.6499999999999346
1660 -2.6149999999999354
1661 -2.6049999999999356
1662 -2.5849999999999365
1663 -2.5549999999999367
1664 -2.584999999999936
1665 -2.629999999999935
1666 -2.5549999999999367
1667 -2.6649999999999348
1668 -2.584999999999936
1669 -2.6749999999999345
1670 -2.669999999999934
1671 -2.5699999999999363
1672 -2.5649999999999364
1673 -2.6049999999999356
1674 -2.624999999999935
1675 -2.594999999999936
1676 -3.109999999999925
1677 -2.5999999999999357
1678 -2.6049999999999356
1679 -2.5999999999999357
1680 -2.6199999999999353
1681 -2.589999999999936
1682 -2.6549999999999345
1683 -2.5549999999999367
1684 -2.594999999999936
1685 -2.5149999999999375
1686 -2.529999999999937
1687 -0.07499999999991555
1688 -2.629999999999935
1689 -2.5699999999999363
1690 -2.6599999999999344
1691 -2.6049999999999356
1692 -2.5699999999999363
1693 -2.5599999999999365
1694 -2.6849999999999343
1695 -2.534999999999937
1696 -2.5499999999999368
1697 -2.544999999999937
1698 -2.579999999999936
1699 -2.6149999999999354
1700 -2.594999999999936
1701 -2.629999999999935
1702 -2.5199999999999374
1703 -2.5199999999999374
1704 -2.6199999999999353
1705 -2.6199999999999353
1706 -2.539999999999937
1707 -2.579999999999936
1708 -2.629999999999935
1709 -2.594999999999936
1710 -2.584999999999936
1711 -2.6149999999999354
1712 -2.594999999999936
1713 -2.5749999999999362
1714 -2.5549999999999375
1715 -2.629999999999935
1716 -2.629999999999935
1717 -2.6549999999999345
1718 -2.559999999999937
1719 -2.5149999999999375
1720 -2.6199999999999353
1721 -2.849999999999934
1722 -2.5349999999999375
1723 -2.5999999999999357
1724 -0.02499999999991556
1725 -2.544999999999937
1726 -2.644999999999936
1727 -2.5749999999999362
1728 -2.5749999999999362
1729 -2.6999999999999336
1730 -2.6199999999999353
1731 -2.589999999999936
1732 -2.6449999999999347
1733 -2.639999999999935
1734 -2.5649999999999364
1735 -2.5149999999999375
1736 -2.5499999999999368
1737 -2.669999999999934
1738 -2.6199999999999353
1739 -2.5499999999999368
1740 -2.6099999999999355
1741 -2.6149999999999354
1742 -2.5699999999999363
1743 -2.589999999999936
1744 -2.6599999999999344
1745 -0.06999999999991555
1746 -2.6149999999999354
1747 -2.6449999999999347
1748 -2.579999999999936
1749 -2.5649999999999364
1750 -2.5599999999999365
1751 -2.699999999999935
1752 -2.5099999999999376
1753 -2.6449999999999347
1754 -2.6249999999999356
1755 -0.04499999999991555
1756 -2.5649999999999364
1757 -0.05499999999991555
1758 -2.5849999999999365
1759 -2.584999999999936
1760 -2.534999999999939
1761 -2.6149999999999354
1762 -2.634999999999935
1763 -2.5199999999999374
1764 -2.499999999999938
1765 -2.5549999999999367
1766 -2.589999999999936
1767 -2.6449999999999347
1768 -2.589999999999936
1769 -2.6149999999999354
1770 -2.579999999999936
1771 -2.6049999999999356
1772 -2.5749999999999362
1773 -2.6049999999999356
1774 -2.679999999999934
1775 -2.544999999999937
1776 -2.5199999999999374
1777 -2.6649999999999343
1778 -2.5749999999999362
1779 -2.6499999999999346
1780 -2.6649999999999343
1781 -2.539999999999937
1782 -2.6599999999999344
1783 -2.589999999999936
1784 -2.5549999999999367
1785 -2.5699999999999363
1786 -2.6499999999999346
1787 -2.629999999999935
1788 -2.5999999999999357
1789 -2.9899999999999274
1790 -2.684999999999934
1791 -2.589999999999936
1792 -2.5499999999999368
1793 -2.584999999999936
1794 -2.5999999999999357
1795 -2.639999999999936
1796 -2.579999999999936
1797 -2.5699999999999363
1798 -0.04499999999991555
1799 -0.06499999999991554
1800 -2.544999999999937
1801 -2.539999999999937
1802 -2.494999999999938
1803 -2.6099999999999355
1804 -2.6049999999999356
1805 -2.6199999999999353
1806 -2.5999999999999357
1807 -2.594999999999936
1808 -2.634999999999935
1809 -2.5799999999999366
1810 -2.5049999999999377
1811 -2.5699999999999363
1812 -2.5549999999999367
1813 -2.584999999999936
1814 -2.5049999999999377
1815 -2.5699999999999363
1816 -2.6099999999999355
1817 -2.5749999999999362
1818 -2.579999999999936
1819 -2.5049999999999377
1820 -2.5699999999999363
1821 -2.6649999999999343
1822 -2.5649999999999364
1823 -2.589999999999936
1824 -2.5549999999999367
1825 -2.4749999999999384
1826 -2.6599999999999344
1827 -2.5699999999999363
1828 -2.594999999999936
1829 -2.594999999999936
1830 -3.1999999999999256
1831 -2.6099999999999355
1832 -2.8149999999999316
1833 -2.679999999999934
1834 -2.539999999999937
1835 -2.529999999999937
1836 -2.634999999999935
1837 -2.5199999999999374
1838 -2.584999999999936
1839 -2.584999999999936
1840 -2.594999999999936
1841 -2.6049999999999356
1842 -2.7199999999999336
1843 -2.6549999999999345
1844 -2.6199999999999353
1845 -0.059999999999915545
1846 -2.6099999999999355
1847 -2.5749999999999362
1848 -2.6649999999999343
1849 -2.6049999999999356
1850 -2.639999999999935
1851 -2.6949999999999337
1852 -2.7099999999999334
1853 -2.679999999999934
1854 -2.534999999999937
1855 -2.539999999999937
1856 2.3750000000001092
1857 -2.5549999999999367
1858 -2.679999999999934
1859 -0.06999999999991555
1860 -2.6099999999999355
1861 -2.584999999999936
1862 -2.639999999999938
1863 -2.6049999999999356
1864 -2.6549999999999354
1865 -2.579999999999936
1866 -2.5649999999999364
1867 -2.5699999999999363
1868 -2.6599999999999344
1869 -0.09499999999991557
1870 -2.5249999999999373
1871 -2.789999999999935
1872 -2.594999999999936
1873 -2.684999999999934
1874 -0.11499999999991559
1875 -2.5649999999999364
1876 -2.584999999999936
1877 -2.624999999999935
1878 -2.6449999999999347
1879 -2.674999999999934
1880 -2.6549999999999345
1881 -2.539999999999937
1882 -2.5499999999999368
1883 -2.6449999999999347
1884 -2.5699999999999363
1885 -0.13999999999991627
1886 -2.639999999999935
1887 -2.5499999999999368
1888 -2.5549999999999367
1889 -2.5699999999999363
1890 -2.6599999999999344
1891 -2.6049999999999356
1892 -2.589999999999936
1893 -2.5149999999999375
1894 -2.5699999999999363
1895 -2.629999999999935
1896 -0.10499999999991558
1897 -2.584999999999936
1898 -2.564999999999937
1899 -2.5699999999999363
1900 -2.624999999999935
1901 -2.584999999999936
1902 -2.6449999999999356
1903 -2.5999999999999357
1904 -2.6199999999999353
1905 -2.639999999999935
1906 -2.594999999999936
1907 -2.579999999999936
1908 -2.639999999999935
1909 -2.5249999999999373
1910 -2.5699999999999363
1911 -2.5599999999999365
1912 -2.589999999999936
1913 -2.5499999999999368
1914 -2.5699999999999363
1915 -2.539999999999937
1916 -2.6999999999999336
1917 -2.589999999999936
1918 -2.6549999999999345
1919 -2.529999999999937
1920 -2.579999999999936
1921 -2.5499999999999368
1922 -2.589999999999936
1923 -2.594999999999936
1924 -2.5999999999999357
1925 -2.669999999999934
1926 -2.589999999999936
1927 -2.6149999999999354
1928 -2.584999999999936
1929 -2.5599999999999365
1930 -2.6099999999999355
1931 -2.6649999999999343
1932 -2.634999999999935
1933 -2.4799999999999383
1934 -2.6149999999999354
1935 -2.584999999999936
1936 -2.684999999999934
1937 -2.5749999999999362
1938 -2.6699999999999346
1939 -2.629999999999936
1940 -2.6499999999999346
1941 -2.6049999999999356
1942 -2.6949999999999337
1943 -2.5649999999999364
1944 -0.11999999999991559
1945 -2.594999999999936
1946 -2.5599999999999365
1947 -2.6199999999999353
1948 -2.6449999999999347
1949 -2.589999999999936
1950 -2.6599999999999344
1951 -0.14999999999991562
1952 -2.5699999999999363
1953 -2.5549999999999367
1954 -2.6499999999999346
1955 -2.6149999999999354
1956 -2.5649999999999364
1957 -2.579999999999936
1958 -2.624999999999935
1959 -2.6449999999999347
1960 -2.639999999999935
1961 -2.6449999999999347
1962 -2.584999999999936
1963 -2.5599999999999365
1964 -2.6149999999999354
1965 -2.589999999999936
1966 -2.634999999999935
1967 -2.579999999999936
1968 -2.639999999999935
1969 -2.6549999999999345
1970 -2.639999999999935
1971 -2.6249999999999356
1972 -2.5249999999999373
1973 -2.5049999999999377
1974 -0.09499999999991557
1975 -2.494999999999938
1976 -2.634999999999935
1977 -2.7049999999999335
1978 -2.6449999999999356
1979 -2.5549999999999367
1980 -2.5699999999999363
1981 -2.5549999999999367
1982 -2.624999999999935
1983 -2.544999999999937
1984 -2.5449999999999373
1985 -0.21999999999991587
1986 -2.5999999999999357
1987 -2.614999999999936
1988 -2.5749999999999362
1989 -2.6199999999999353
1990 -2.5549999999999367
1991 -2.5649999999999364
1992 -2.529999999999937
1993 -2.6549999999999345
1994 -2.544999999999937
1995 -2.6199999999999357
1996 -2.849999999999931
1997 -2.6299999999999355
1998 -2.5499999999999368
1999 -2.539999999999937
5206.164905548096
