0 -2.64
1 -7.75
2 -5.27
3 -7.70
4 -2.61
5 -7.73
6 -7.64
7 -7.60
8 -7.86
9 -4.98
10 -7.66
11 -7.58
12 -7.56
13 -5.17
14 -7.72
15 -7.69
16 -5.17
17 4.94
18 -7.83
19 -7.67
20 -5.16
21 -7.62
22 -7.79
23 -7.72
24 -7.62
25 -5.23
26 -2.64
27 -7.62
28 -4.94
29 -7.60
30 -0.24
31 -2.61
32 -5.33
33 -5.24
34 -7.54
35 -7.71
36 -0.09
37 -7.57
38 -7.70
39 -7.74
40 -2.68
41 -7.75
42 -5.18
43 -7.64
44 -5.17
45 -7.66
46 -7.58
47 -2.97
48 -7.66
49 -7.74
50 -7.73
51 -7.73
52 -2.86
53 -7.77
54 -7.57
55 -7.68
56 -7.55
57 -7.66
58 -7.54
59 -7.67
60 -7.73
61 -7.52
62 -7.57
63 -7.61
64 -7.61
65 -7.79
66 -7.63
67 -2.65
68 -7.62
69 -7.67
70 -5.16
71 -7.65
72 -7.65
73 -7.68
74 -7.69
75 -2.69
76 -7.61
77 -5.31
78 -7.68
79 -7.71
80 -0.04
81 -2.61
82 -5.13
83 -7.74
84 -5.27
85 -7.80
86 -7.52
87 -7.56
88 -2.73
89 -7.67
90 -5.11
91 -7.64
92 -7.67
93 -7.65
94 -7.66
95 -7.90
96 -7.63
97 -2.68
98 -7.71
99 -7.65
100 -7.60
101 -2.70
102 -7.77
103 -7.73
104 -7.77
105 -7.70
106 -7.67
107 -5.27
108 -7.69
109 -5.21
110 -7.60
111 -7.71
112 -5.12
113 -2.73
114 -2.70
115 -5.01
116 -5.28
117 -2.64
118 -7.57
119 -7.81
120 -2.61
121 -7.65
122 -7.68
123 -5.11
124 -7.61
125 -7.70
126 -7.66
127 -7.78
128 -7.74
129 -5.13
130 -5.32
131 -5.10
132 -7.66
133 -5.03
134 -5.24
135 -7.54
136 -7.76
137 -2.70
138 -5.14
139 -7.73
140 -5.31
141 -7.59
142 -7.53
143 -5.17
144 -2.73
145 -7.68
146 -7.59
147 -7.66
148 -7.73
149 -7.62
150 -5.18
151 -7.77
152 -7.54
153 -5.00
154 -5.11
155 -7.73
156 -7.75
157 -7.54
158 -7.56
159 -7.60
160 -7.60
161 2.24
162 -7.73
163 -7.71
164 -2.78
165 -7.71
166 -0.17
167 -7.68
168 -7.81
169 -5.15
170 -5.20
171 -5.18
172 -7.56
173 -7.85
174 -5.19
175 -5.04
176 2.31
177 -2.49
178 -7.54
179 -5.07
180 -7.68
181 -2.81
182 4.66
183 -7.62
184 -7.69
185 -7.71
186 -7.66
187 -5.09
188 -7.69
189 -7.60
190 -7.75
191 -7.57
192 -5.02
193 4.91
194 -7.50
195 -7.76
196 -2.63
197 -7.86
198 -7.67
199 -5.13
200 -7.74
201 -5.18
202 -5.24
203 -7.62
204 -7.66
205 -5.19
206 -7.61
207 -7.79
208 -5.07
209 -7.80
210 -5.13
211 -7.67
212 -2.57
213 -7.70
214 -7.74
215 -5.19
216 -7.63
217 -5.11
218 -7.57
219 -5.10
220 -7.63
221 -2.65
222 -7.85
223 -2.59
224 -7.71
225 -7.59
226 -7.54
227 -5.15
228 -2.66
229 -5.08
230 -5.24
231 -7.71
232 -5.31
233 -7.61
234 -7.81
235 -7.73
236 -5.19
237 -7.49
238 -7.60
239 -7.61
240 -5.22
241 -5.10
242 -7.59
243 -5.13
244 -7.50
245 -7.89
246 -5.06
247 -5.14
248 -7.75
249 -5.21
250 -7.74
251 -7.56
252 -7.63
253 -4.96
254 -5.22
255 -0.18
256 -7.51
257 -5.05
258 -5.29
259 -7.83
260 -2.62
261 -7.69
262 -2.49
263 -5.12
264 -5.17
265 -7.74
266 -2.71
267 -7.48
268 -7.71
269 -5.19
270 -7.77
271 -5.22
272 -7.55
273 -5.15
274 -7.75
275 -7.64
276 -2.72
277 -5.30
278 -7.60
279 -7.55
280 -7.72
281 -5.28
282 -7.80
283 -7.57
284 -7.72
285 -7.56
286 -5.25
287 -0.09
288 -7.66
289 -7.64
290 -5.15
291 -5.28
292 -7.60
293 -7.72
294 -7.53
295 -7.44
296 2.40
297 -7.70
298 -2.55
299 -7.68
300 -7.50
301 -5.09
302 -2.63
303 -7.57
304 -2.69
305 -2.75
306 -7.57
307 -7.71
308 -2.70
309 -2.70
310 -7.64
311 -7.71
312 -7.67
313 -7.56
314 -5.23
315 -7.64
316 -7.47
317 -7.57
318 -7.62
319 -2.79
320 -5.12
321 -5.21
322 -5.19
323 -7.71
324 -5.15
325 -7.58
326 -7.76
327 -7.41
328 -5.34
329 0.10
330 -5.40
331 -2.70
332 -2.68
333 -2.65
334 4.94
335 -2.75
336 -7.61
337 -2.72
338 -5.00
339 -4.95
340 -7.52
341 -5.16
342 -7.54
343 -7.62
344 -7.70
345 -7.73
346 -5.27
347 -7.75
348 -7.68
349 -7.73
350 -7.75
351 -7.72
352 -5.18
353 -5.19
354 -0.23
355 -7.57
356 -5.30
357 -5.15
358 -0.16
359 -7.65
360 -2.49
361 -2.69
362 -2.61
363 -2.55
364 -7.57
365 -2.52
366 -0.11
367 -5.22
368 -0.13
369 -5.06
370 -0.06
371 -7.60
372 -7.81
373 -7.73
374 -7.77
375 -2.63
376 -5.20
377 -7.68
378 2.28
379 -7.66
380 -5.20
381 -5.18
382 -7.86
383 -7.64
384 -7.71
385 -7.64
386 -7.59
387 -5.14
388 -7.69
389 -2.73
390 -7.65
391 -5.17
392 -7.66
393 -7.63
394 -5.18
395 -7.64
396 -2.75
397 -5.12
398 -7.69
399 -7.66
400 -5.06
401 -4.96
402 -5.27
403 -7.77
404 -2.75
405 -7.79
406 -5.21
407 -7.64
408 2.39
409 -7.67
410 -7.74
411 -0.12
412 -7.60
413 -2.56
414 -5.18
415 -7.52
416 -7.62
417 -7.60
418 -7.72
419 -7.45
420 -2.68
421 -7.79
422 -7.78
423 -0.18
424 -5.04
425 -7.74
426 -7.68
427 -2.57
428 -7.60
429 -7.71
430 -7.71
431 -7.64
432 -5.18
433 -5.02
434 -5.11
435 -7.73
436 -7.81
437 -2.75
438 -7.76
439 -5.22
440 -7.63
441 -5.20
442 -7.66
443 -2.69
444 -7.72
445 -2.64
446 -7.84
447 -5.21
448 -7.51
449 -7.83
450 -2.71
451 -7.77
452 -7.68
453 -7.65
454 2.32
455 -5.11
456 -2.76
457 -7.63
458 -7.64
459 -2.65
460 -7.77
461 -7.71
462 -5.23
463 -7.57
464 -7.62
465 -0.07
466 -5.13
467 -2.58
468 0.10
469 -5.12
470 -7.72
471 -2.59
472 -7.55
473 -7.73
474 -5.16
475 -5.29
476 -5.11
477 -7.74
478 -0.15
479 -7.60
480 -2.69
481 -7.63
482 -5.20
483 -7.63
484 -7.66
485 -7.79
486 -5.21
487 -7.56
488 -7.75
489 -5.32
490 -7.71
491 -7.71
492 2.37
493 -0.23
494 -0.05
495 -0.08
496 -7.63
497 -5.25
498 -7.81
499 -7.82
500 -2.58
501 -7.53
502 -5.25
503 -7.59
504 -7.48
505 -5.24
506 -7.65
507 -7.53
508 -7.70
509 -4.98
510 -7.65
511 -5.21
512 -7.55
513 -2.70
514 -7.69
515 -0.24
516 -5.23
517 -5.13
518 -7.67
519 2.45
520 -7.75
521 -2.64
522 -2.70
523 -5.18
524 -7.68
525 -7.68
526 -7.56
527 -5.04
528 -7.68
529 -2.60
530 -2.57
531 -5.13
532 -5.16
533 -7.75
534 -7.63
535 -7.74
536 -7.62
537 -5.18
538 -5.30
539 -7.65
540 -2.57
541 -2.79
542 -5.09
543 -7.63
544 -5.22
545 -7.44
546 -7.63
547 -7.66
548 -2.78
549 -7.63
550 -2.58
551 -2.52
552 -2.60
553 -7.78
554 -5.25
555 -5.20
556 -5.08
557 -7.56
558 -5.02
559 -5.10
560 -2.72
561 -7.69
562 -5.12
563 -5.21
564 -7.62
565 -7.64
566 -2.78
567 -7.59
568 -7.71
569 -7.58
570 -2.50
571 -7.65
572 -0.21
573 -7.60
574 -5.34
575 -7.64
576 -7.72
577 -7.62
578 -5.16
579 -7.64
580 -5.16
581 -7.56
582 -2.75
583 -2.63
584 -7.68
585 -2.67
586 -5.20
587 2.43
588 -7.63
589 -7.68
590 -7.59
591 -2.63
592 -0.16
593 -5.16
594 -5.15
595 -7.70
596 -5.11
597 -7.53
598 -5.16
599 -7.53
600 -7.87
601 -5.00
602 2.42
603 -0.22
604 -7.55
605 -7.75
606 -5.21
607 -5.29
608 -5.01
609 -7.68
610 -2.72
611 -2.55
612 -5.05
613 -5.17
614 -7.78
615 -7.75
616 -7.68
617 -7.67
618 -0.29
619 -5.25
620 -7.59
621 -5.39
622 -7.61
623 -5.21
624 -7.70
625 -7.69
626 -5.26
627 -5.10
628 -7.71
629 -7.50
630 -5.11
631 -2.80
632 -5.18
633 -5.08
634 -2.67
635 -7.70
636 -5.12
637 -5.28
638 -0.27
639 -7.79
640 -0.11
641 -2.59
642 -5.15
643 -7.63
644 -7.79
645 -2.50
646 -7.80
647 -5.36
648 -7.65
649 -2.61
650 -2.72
651 -7.56
652 -7.75
653 -5.12
654 -5.18
655 -2.50
656 -7.70
657 -7.55
658 -7.61
659 -5.10
660 2.45
661 -7.71
662 -5.24
663 -5.18
664 -7.58
665 -5.14
666 -2.61
667 -5.27
668 -0.10
669 -7.65
670 -2.54
671 -0.20
672 -5.16
673 -7.85
674 -5.19
675 -7.84
676 4.76
677 2.28
678 -2.61
679 -5.24
680 -5.09
681 -5.29
682 -4.98
683 -7.53
684 -8.61
685 -7.75
686 -2.77
687 -7.64
688 0.00
689 -5.21
690 -2.53
691 -2.50
692 -7.74
693 2.27
694 -2.51
695 -7.71
696 -5.02
697 2.39
698 -0.31
699 -2.70
700 -2.56
701 -2.75
702 -7.72
703 -0.11
704 -0.09
705 7.42
706 -0.20
707 2.29
708 -0.17
709 -0.16
710 2.34
711 -7.50
712 -0.09
713 -2.86
714 2.34
715 -2.70
716 -0.25
717 -7.52
718 -5.20
719 -5.15
720 -7.06
721 -7.63
722 -5.25
723 -2.57
724 -2.44
725 -0.11
726 -5.19
727 -5.10
728 4.83
729 -5.12
730 -7.53
731 -5.02
732 -0.17
733 2.57
734 -5.09
735 -8.23
736 -5.22
737 -2.70
738 -5.21
739 -2.66
740 7.39
741 -2.58
742 -5.12
743 2.45
744 -0.23
745 -5.34
746 2.47
747 -2.57
748 -7.68
749 -2.41
750 -0.15
751 -2.58
752 -7.76
753 4.75
754 -5.13
755 9.65
756 -7.72
757 -2.50
758 4.78
759 -5.08
760 -5.11
761 -7.77
762 -2.69
763 -2.64
764 2.52
765 -7.62
766 -2.51
767 4.82
768 -2.63
769 -7.63
770 -5.12
771 -2.50
772 -2.59
773 7.45
774 -7.59
775 -0.10
776 2.39
777 -0.05
778 -5.03
779 -5.24
780 4.96
781 -5.69
782 -0.12
783 -2.89
784 -2.58
785 -7.57
786 2.41
787 -5.19
788 2.36
789 2.40
790 -2.64
791 -0.04
792 4.72
793 2.33
794 -2.65
795 4.83
796 -3.86
797 -5.14
798 2.32
799 -0.23
800 -7.52
801 5.05
802 -2.71
803 -7.66
804 -5.17
805 -2.61
806 2.34
807 -0.25
808 -0.15
809 9.80
810 4.77
811 2.44
812 -0.12
813 7.32
814 -5.07
815 -5.25
816 -2.74
817 2.36
818 -5.20
819 -7.73
820 -0.07
821 4.71
822 4.89
823 -7.69
824 -0.27
825 7.31
826 -5.08
827 9.98
828 -2.50
829 4.91
830 -0.04
831 -5.09
832 7.51
833 4.93
834 -5.10
835 9.89
836 -0.21
837 -8.63
838 9.79
839 -2.59
840 7.43
841 2.27
842 -2.62
843 4.82
844 2.37
845 2.31
846 9.88
847 -0.26
848 -5.22
849 -0.06
850 2.27
851 -2.66
852 0.04
853 3.68
854 -0.15
855 -5.15
856 -7.75
857 2.21
858 2.47
859 -0.16
860 4.92
861 2.44
862 -5.08
863 9.24
864 -0.16
865 -0.28
866 9.04
867 19.98
868 4.91
869 -7.72
870 -0.12
871 -0.24
872 17.43
873 2.31
874 0.00
875 4.84
876 9.85
877 12.37
878 7.32
879 -0.05
880 -0.27
881 17.33
882 4.97
883 10.00
884 2.36
885 4.91
886 2.26
887 7.30
888 2.40
889 2.27
890 2.43
891 -0.24
892 7.42
893 -5.23
894 -0.15
895 -3.46
896 4.97
897 2.41
898 2.30
899 4.70
900 23.59
901 12.49
902 7.47
903 7.30
904 2.33
905 4.53
906 4.82
907 9.72
908 -2.67
909 4.76
910 10.04
911 4.83
912 -0.24
913 -0.02
914 12.36
915 12.52
916 -2.79
917 2.41
918 24.95
919 4.90
920 0.04
921 -0.13
922 -0.14
923 7.32
924 10.07
925 14.82
926 12.46
927 12.63
928 4.74
929 2.38
930 14.97
931 7.27
932 4.88
933 7.37
934 6.91
935 7.32
936 7.24
937 23.67
938 -0.06
939 9.79
940 12.43
941 7.33
942 9.91
943 -0.10
944 9.61
945 2.07
946 12.43
947 7.52
948 14.78
949 2.22
950 7.43
951 22.50
952 5.09
953 12.48
954 7.48
955 7.34
956 19.94
957 19.85
958 14.32
959 10.01
960 2.40
961 11.44
962 17.50
963 4.92
964 17.57
965 4.89
966 9.94
967 9.20
968 -2.70
969 7.45
970 19.79
971 12.47
972 19.83
973 -2.69
974 -0.96
975 22.45
976 7.32
977 14.98
978 4.83
979 12.25
980 8.68
981 7.40
982 17.42
983 9.85
984 21.65
985 17.10
986 2.51
987 0.05
988 -0.23
989 21.62
990 4.96
991 12.42
992 29.67
993 18.16
994 11.60
995 15.00
996 2.51
997 2.21
998 17.43
999 15.03
3686.011074781418
