0 -7.81
1 -7.56
2 -7.72
3 -0.06
4 -2.68
5 -7.69
6 -7.68
7 -7.75
8 -5.19
9 -7.61
10 -5.21
11 -5.09
12 -5.21
13 -7.66
14 -7.69
15 -7.62
16 -7.70
17 -5.04
18 -7.58
19 -7.70
20 -7.63
21 -7.76
22 -7.75
23 -5.15
24 -7.75
25 -7.49
26 -7.84
27 -7.55
28 -7.50
29 -7.75
30 -5.22
31 -7.67
32 -7.59
33 -7.63
34 -7.61
35 -7.59
36 -5.28
37 -5.07
38 -5.14
39 -7.61
40 -5.23
41 -7.61
42 -5.18
43 -7.71
44 -7.61
45 -5.09
46 -7.60
47 -7.61
48 -7.57
49 -7.71
50 -5.11
51 -5.29
52 -7.55
53 -7.59
54 -7.76
55 -7.56
56 -5.08
57 -5.85
58 -7.67
59 -5.22
60 -7.70
61 -7.64
62 -7.79
63 -7.71
64 -7.61
65 -7.57
66 -2.66
67 -5.17
68 -5.13
69 -7.73
70 -7.57
71 -7.67
72 -7.62
73 -5.13
74 -7.80
75 -5.12
76 -7.68
77 -2.60
78 -7.68
79 -5.08
80 -7.73
81 -7.69
82 -5.26
83 -7.86
84 -7.63
85 -5.16
86 -5.18
87 -5.14
88 -7.93
89 -7.68
90 -5.02
91 -7.81
92 -7.47
93 -7.65
94 -5.06
95 4.82
96 -5.25
97 -7.60
98 -5.16
99 -7.55
100 -7.46
101 -7.61
102 -5.14
103 -7.78
104 -7.59
105 -7.53
106 -5.13
107 -7.47
108 -7.71
109 -5.24
110 -2.62
111 -2.74
112 -7.63
113 -7.70
114 -7.63
115 -2.58
116 -2.66
117 -5.24
118 -5.10
119 -2.57
120 -5.20
121 -5.23
122 -2.65
123 -2.62
124 -7.68
125 -2.72
126 -7.73
127 -7.76
128 -2.55
129 -7.77
130 -7.66
131 -7.64
132 -7.61
133 -5.31
134 -5.20
135 -5.10
136 -7.73
137 -7.66
138 -2.75
139 -5.16
140 -7.79
141 -7.66
142 -7.60
143 -2.62
144 -5.09
145 -7.78
146 -5.13
147 7.39
148 -7.77
149 -0.19
150 -5.07
151 -7.62
152 -0.33
153 -7.80
154 -2.67
155 -7.64
156 -5.12
157 -7.60
158 -5.18
159 -7.63
160 -5.14
161 -7.74
162 -5.08
163 -5.19
164 -2.53
165 -5.14
166 -7.56
167 -2.70
168 -5.18
169 -5.13
170 -7.68
171 -5.07
172 4.87
173 -7.51
174 -7.75
175 -7.54
176 -2.55
177 -7.61
178 -7.80
179 -5.14
180 -7.68
181 -7.61
182 -5.11
183 -5.07
184 -7.70
185 -7.68
186 -7.50
187 -7.75
188 -5.21
189 -7.69
190 -5.18
191 -5.22
192 -7.62
193 -5.29
194 -2.63
195 -5.21
196 -7.61
197 -5.08
198 -2.72
199 -7.70
200 -7.67
201 -5.15
202 -0.02
203 -7.78
204 -7.59
205 -7.68
206 -7.48
207 -7.62
208 -7.71
209 -7.80
210 -7.74
211 -2.64
212 -5.22
213 -7.49
214 -0.16
215 -5.09
216 -5.26
217 -7.70
218 -7.88
219 -7.71
220 -7.84
221 -7.59
222 -5.16
223 -7.71
224 -7.74
225 -7.75
226 -5.08
227 -7.55
228 -7.69
229 -7.61
230 -7.67
231 -5.15
232 -7.70
233 -7.67
234 -4.99
235 -7.76
236 -7.70
237 -2.62
238 -7.63
239 -2.66
240 -7.77
241 -7.76
242 -7.71
243 -7.71
244 -5.16
245 -7.61
246 -7.58
247 -7.51
248 -7.69
249 -7.76
250 -7.70
251 -5.11
252 -2.64
253 -7.65
254 -7.57
255 -2.71
256 -7.52
257 -5.32
258 -7.75
259 -7.75
260 -7.71
261 -7.68
262 -5.23
263 -7.71
264 -7.46
265 -5.26
266 -7.61
267 -7.76
268 -7.75
269 -5.09
270 -7.69
271 -5.06
272 -7.56
273 -7.73
274 -7.51
275 -5.16
276 -7.60
277 -7.54
278 -5.17
279 -5.11
280 -7.84
281 -7.64
282 -7.67
283 -7.68
284 -4.96
285 -7.59
286 -7.77
287 -7.81
288 -7.74
289 -7.57
290 -2.58
291 -7.67
292 -2.63
293 -5.08
294 -7.62
295 2.39
296 -7.75
297 -7.62
298 -5.05
299 -7.84
300 -7.89
301 -7.78
302 -7.60
303 -7.63
304 -5.26
305 -5.10
306 -7.57
307 -7.53
308 -2.63
309 -7.51
310 -5.20
311 -5.04
312 -7.61
313 -7.58
314 -7.56
315 -7.50
316 -7.76
317 -7.82
318 -7.72
319 -7.56
320 -5.06
321 -7.79
322 -7.70
323 2.43
324 -7.58
325 -5.28
326 -7.65
327 -7.72
328 -7.64
329 0.07
330 -2.70
331 -7.78
332 -7.66
333 -5.22
334 -7.58
335 -7.69
336 -7.67
337 -7.68
338 -7.68
339 -7.64
340 -5.17
341 -5.25
342 -2.58
343 -7.68
344 -5.15
345 -7.66
346 -7.66
347 2.46
348 -7.72
349 -7.67
350 -5.07
351 -5.17
352 -7.66
353 -2.72
354 -7.73
355 -4.98
356 -2.63
357 -7.71
358 -5.15
359 -2.68
360 -2.54
361 -7.71
362 -7.80
363 -5.24
364 -7.63
365 -7.73
366 -5.07
367 -7.72
368 -7.56
369 -7.70
370 -7.71
371 -7.72
372 -7.72
373 -7.61
374 -7.72
375 -7.55
376 -7.62
377 -7.60
378 -7.78
379 -7.57
380 -5.26
381 -7.70
382 -7.61
383 -7.53
384 -7.65
385 -7.66
386 -5.08
387 -2.55
388 0.00
389 -5.17
390 -7.70
391 -0.11
392 -5.19
393 -7.74
394 -7.57
395 -7.75
396 -7.68
397 -5.08
398 -7.57
399 -7.69
400 -5.01
401 -5.11
402 -7.65
403 -7.67
404 -5.04
405 -7.64
406 -7.71
407 -7.80
408 -2.65
409 -5.24
410 -7.61
411 -7.71
412 -7.73
413 2.29
414 -2.68
415 -5.36
416 -7.71
417 -7.66
418 -7.68
419 -7.71
420 -2.67
421 2.37
422 -7.62
423 -5.16
424 -0.22
425 -7.53
426 -7.68
427 -7.75
428 -7.67
429 -7.53
430 -2.60
431 -7.71
432 -2.69
433 -7.78
434 -5.15
435 -7.62
436 -5.20
437 -7.70
438 -5.04
439 -7.60
440 -7.64
441 -7.78
442 -5.03
443 -5.14
444 -7.66
445 -7.67
446 -5.00
447 -5.18
448 -5.08
449 -7.70
450 -7.56
451 -5.21
452 -2.57
453 -7.75
454 -7.66
455 -5.23
456 -7.60
457 -2.51
458 -7.68
459 -5.15
460 -7.70
461 -2.71
462 -5.10
463 -5.26
464 -2.55
465 -7.67
466 -5.18
467 -5.17
468 -7.68
469 -5.25
470 -7.67
471 -7.61
472 -7.71
473 -7.80
474 -7.70
475 -7.62
476 -7.61
477 -2.50
478 -5.16
479 -5.11
480 -5.10
481 -5.26
482 -7.74
483 -7.57
484 -7.69
485 -5.03
486 -5.13
487 -7.74
488 -7.66
489 -7.64
490 -2.67
491 -7.80
492 -7.68
493 -5.14
494 -7.54
495 -2.59
496 -7.74
497 -7.68
498 -5.04
499 -5.26
500 -7.74
501 -5.22
502 -5.03
503 -7.66
504 -7.71
505 -2.71
506 -5.17
507 -5.15
508 -7.78
509 -5.21
510 -7.62
511 -7.85
512 -2.58
513 -5.16
514 -7.63
515 -5.13
516 -5.12
517 -7.68
518 -7.83
519 -4.88
520 -7.61
521 -7.73
522 -7.62
523 -5.35
524 -7.60
525 -7.78
526 -7.79
527 -7.78
528 -7.48
529 -7.71
530 -7.52
531 -7.71
532 -5.20
533 -5.01
534 -7.71
535 -7.80
536 -2.52
537 -7.65
538 -7.55
539 -7.76
540 -5.08
541 -7.64
542 -7.59
543 -7.56
544 -5.03
545 -7.59
546 -5.17
547 -7.65
548 -5.23
549 -5.24
550 -7.63
551 -2.69
552 -7.57
553 -5.25
554 -2.62
555 -7.60
556 -7.70
557 -5.09
558 -7.73
559 -7.61
560 -7.80
561 -5.25
562 -7.62
563 -7.51
564 -5.27
565 -7.76
566 -7.60
567 -7.86
568 -7.61
569 -0.12
570 -7.65
571 -7.59
572 -7.64
573 -7.56
574 -5.07
575 -5.28
576 -7.65
577 -7.65
578 -5.21
579 -7.52
580 -7.62
581 -5.10
582 -7.70
583 -7.75
584 -5.15
585 -7.73
586 -5.06
587 -5.07
588 -5.16
589 -5.26
590 -7.65
591 -2.80
592 -5.20
593 -5.06
594 -7.72
595 -5.32
596 -7.58
597 -7.72
598 -7.74
599 0.01
600 -7.66
601 -7.77
602 -7.64
603 -7.69
604 -0.08
605 -5.10
606 -7.69
607 -7.66
608 -7.61
609 -7.71
610 -7.43
611 -4.97
612 -2.80
613 -7.77
614 -5.26
615 -5.11
616 -7.61
617 -7.71
618 -7.80
619 -7.64
620 -5.21
621 -7.65
622 -7.49
623 -7.64
624 -5.24
625 -7.47
626 -5.09
627 -7.73
628 -5.24
629 -5.15
630 -2.51
631 -0.18
632 -7.68
633 -2.59
634 -5.23
635 -4.99
636 -5.12
637 -7.68
638 -7.77
639 -7.65
640 -5.09
641 -7.78
642 -7.84
643 -2.66
644 -7.62
645 -2.44
646 -7.71
647 -7.61
648 -7.63
649 -7.68
650 -5.21
651 -7.55
652 -7.75
653 -7.70
654 -7.65
655 -7.59
656 -7.59
657 -7.64
658 -7.78
659 -0.17
660 -7.69
661 -5.19
662 -5.09
663 -2.76
664 -7.71
665 -7.75
666 -7.65
667 -7.75
668 -5.22
669 -2.66
670 -5.13
671 -2.55
672 -5.23
673 -7.74
674 -5.17
675 -5.20
676 -7.82
677 -5.06
678 -7.51
679 -7.51
680 -5.22
681 -7.85
682 -5.28
683 -2.56
684 -0.09
685 -5.09
686 -7.74
687 -7.67
688 -2.71
689 -7.69
690 -7.64
691 -7.71
692 -5.28
693 -5.04
694 -5.11
695 -7.76
696 -2.64
697 -7.68
698 -7.64
699 -0.26
700 -5.20
701 -7.84
702 -7.61
703 -7.84
704 -7.80
705 -2.69
706 -7.65
707 -5.05
708 -7.61
709 -7.79
710 -7.68
711 -5.11
712 -5.06
713 -7.61
714 0.06
715 -2.58
716 -5.14
717 -5.17
718 -7.64
719 -7.67
720 -7.73
721 -5.25
722 -7.61
723 -7.65
724 -5.13
725 -7.63
726 -7.69
727 -2.67
728 -7.75
729 -2.72
730 -5.19
731 -5.19
732 -7.63
733 -2.66
734 -2.71
735 -5.15
736 -7.62
737 -7.64
738 -7.67
739 -5.21
740 -2.56
741 -7.84
742 -7.82
743 -5.08
744 -7.60
745 -7.72
746 -7.76
747 -7.83
748 -2.56
749 -7.63
750 -7.65
751 -7.76
752 -2.60
753 -5.13
754 -5.02
755 -2.63
756 -7.53
757 -7.63
758 -5.21
759 -7.69
760 -2.76
761 -7.74
762 -5.16
763 -5.19
764 -5.19
765 -3.41
766 -5.18
767 -7.65
768 -7.73
769 -5.25
770 -5.06
771 -7.86
772 -7.64
773 -2.79
774 -7.59
775 -7.63
776 -7.65
777 -5.11
778 -2.45
779 -2.65
780 -7.67
781 -2.47
782 -7.58
783 -5.11
784 7.35
785 -5.21
786 -7.55
787 -0.10
788 -7.74
789 -7.70
790 -7.73
791 -5.29
792 -7.65
793 -7.58
794 -5.06
795 -0.10
796 -7.62
797 -7.81
798 -7.58
799 -2.47
800 -2.68
801 -2.58
802 -5.24
803 -0.10
804 -7.76
805 -5.16
806 -7.63
807 -7.74
808 -7.75
809 -5.28
810 -7.70
811 -2.48
812 -2.55
813 -7.58
814 -2.75
815 -2.53
816 -5.25
817 -5.18
818 -2.74
819 -7.80
820 -7.59
821 -5.08
822 -5.19
823 -7.70
824 -7.69
825 -5.18
826 -7.53
827 -7.68
828 -7.76
829 -7.91
830 2.31
831 -5.05
832 -7.87
833 -5.19
834 -0.24
835 -5.13
836 -5.08
837 -2.71
838 -2.56
839 -7.71
840 -7.45
841 -7.58
842 -5.11
843 -7.49
844 4.86
845 -5.20
846 -0.03
847 4.88
848 -7.67
849 -4.91
850 -2.51
851 -7.60
852 -5.13
853 -5.02
854 -7.79
855 -5.08
856 -2.78
857 -7.70
858 -2.73
859 -7.63
860 -0.16
861 -5.14
862 -7.72
863 -7.75
864 -2.69
865 -7.75
866 -5.34
867 4.91
868 -5.29
869 -5.06
870 -7.63
871 -5.15
872 -5.19
873 -5.37
874 -2.56
875 -5.11
876 -7.51
877 -7.55
878 -5.15
879 -7.60
880 -7.76
881 -5.24
882 10.08
883 -7.67
884 -7.68
885 -4.99
886 -5.22
887 -7.68
888 -0.26
889 -2.62
890 -4.99
891 -5.09
892 -5.35
893 -7.78
894 -7.70
895 -2.70
896 -5.12
897 -7.59
898 7.33
899 -7.49
900 -2.52
901 -7.80
902 -0.16
903 -5.14
904 1.97
905 -7.67
906 -7.68
907 -2.62
908 -2.60
909 -7.87
910 -2.75
911 -2.63
912 -2.63
913 -7.76
914 -7.82
915 -7.71
916 -2.61
917 -5.05
918 -0.08
919 -7.74
920 -7.64
921 -7.59
922 -7.73
923 -8.07
924 -7.52
925 -7.75
926 -7.46
927 -7.88
928 -5.14
929 -7.51
930 -7.63
931 -5.24
932 -7.81
933 -7.57
934 -7.73
935 -2.64
936 2.46
937 -7.81
938 -7.65
939 -5.16
940 -7.74
941 -5.01
942 -7.75
943 -4.96
944 2.43
945 -5.19
946 -7.89
947 -7.58
948 -5.09
949 -5.11
950 -5.12
951 -2.80
952 -7.66
953 -2.57
954 -2.60
955 -5.19
956 -5.09
957 -2.77
958 -2.68
959 -7.73
960 -7.58
961 -5.22
962 -0.23
963 -5.05
964 -7.68
965 -7.64
966 -2.69
967 4.78
968 -7.71
969 -2.77
970 -7.66
971 -5.19
972 -7.75
973 2.51
974 -7.61
975 -7.68
976 -7.70
977 -0.14
978 -7.70
979 0.00
980 -7.60
981 -5.15
982 -2.64
983 -2.64
984 -5.07
985 -5.09
986 -0.28
987 -7.58
988 -2.70
989 -5.28
990 -5.31
991 -7.53
992 -7.65
993 -7.60
994 -7.58
995 -7.63
996 -7.69
997 -5.13
998 -5.06
999 -7.74
3691.1969697475433
