0 62.299999999999585
1 60.53499999999965
2 62.784999999999506
3 62.389999999999546
4 54.29999999999969
5 62.919999999999675
6 55.39999999999968
7 60.439999999999706
8 77.98499999999977
9 47.809999999999675
10 52.36999999999967
11 66.35499999999966
12 66.44499999999952
13 47.93999999999982
14 50.429999999999694
15 55.26499999999958
16 66.99999999999964
17 47.879999999999704
18 47.629999999999654
19 80.97999999999979
20 57.78499999999974
21 50.29999999999976
22 52.754999999999576
23 52.754999999999676
24 52.614999999999725
25 45.50499999999969
26 61.6649999999996
27 58.26499999999965
28 67.1799999999998
29 50.36499999999981
30 52.09499999999963
31 54.69999999999969
32 47.71999999999965
33 49.81999999999974
34 49.97999999999957
35 52.06499999999974
36 50.2299999999997
37 62.75499999999962
38 52.844999999999615
39 63.00999999999967
40 61.80499999999962
41 52.64999999999973
42 45.26499999999977
43 72.09499999999977
44 49.624999999999666
45 40.0349999999998
46 66.91999999999982
47 58.80499999999955
48 47.26499999999973
49 48.58999999999986
50 47.04999999999977
51 47.1499999999997
52 57.88499999999958
53 47.324999999999825
54 55.39999999999974
55 47.8549999999997
56 47.56999999999971
57 42.679999999999815
58 61.51499999999966
59 62.24999999999969
60 77.25999999999979
61 49.219999999999665
62 62.75999999999968
63 44.62499999999965
64 45.229999999999805
65 37.71999999999974
66 52.80999999999965
67 62.79499999999958
68 57.66499999999977
69 64.25999999999955
70 51.71999999999966
71 54.019999999999584
72 53.95999999999966
73 55.50999999999961
74 37.19499999999975
75 46.144999999999705
76 82.64999999999972
77 57.789999999999736
78 56.31999999999966
79 54.92999999999971
80 51.099999999999675
81 56.22499999999956
82 62.349999999999625
83 62.74999999999972
84 50.32499999999967
85 55.34999999999964
86 37.75999999999976
87 49.07999999999968
88 60.28499999999971
89 36.5349999999997
90 54.619999999999756
91 44.2949999999997
92 57.83499999999971
93 52.69499999999973
94 49.6449999999997
95 46.32499999999968
96 45.31499999999983
97 57.679999999999765
98 46.354999999999684
99 42.70499999999975
100 53.8949999999997
101 50.24999999999966
102 52.424999999999734
103 39.98999999999983
104 57.72999999999964
105 48.239999999999874
106 54.11999999999957
107 45.229999999999684
108 64.92999999999964
109 46.994999999999756
110 80.32499999999982
111 50.194999999999766
112 34.559999999999725
113 44.73999999999987
114 32.859999999999935
115 55.34499999999968
116 70.20999999999965
117 42.57499999999981
118 25.18999999999984
119 77.3049999999997
120 45.28499999999973
121 66.91499999999961
122 52.22999999999968
123 64.66499999999957
124 54.75999999999972
125 47.65499999999974
126 64.65499999999963
127 51.154999999999674
128 60.3599999999996
129 41.74499999999976
130 40.16999999999978
131 59.25499999999967
132 61.464999999999655
133 52.7349999999997
134 47.199999999999875
135 37.64999999999983
136 63.2399999999997
137 47.739999999999846
138 64.53499999999964
139 56.6099999999995
140 49.109999999999786
141 39.919999999999796
142 42.00999999999972
143 62.134999999999664
144 42.70999999999968
145 61.6349999999996
146 62.914999999999665
147 36.19499999999978
148 57.60999999999965
149 37.7649999999998
150 42.07499999999981
151 52.224999999999646
152 36.37999999999989
153 55.08999999999963
154 32.71999999999982
155 40.324999999999775
156 27.78999999999982
157 65.89499999999948
158 45.30999999999971
159 67.08999999999972
160 35.24999999999984
161 58.75499999999968
162 46.629999999999825
163 40.3749999999997
164 35.354999999999706
165 65.21499999999978
166 47.829999999999764
167 57.4049999999997
168 66.70499999999967
169 67.2199999999997
170 62.80999999999966
171 64.33499999999962
172 72.07999999999966
173 42.5649999999998
174 62.839999999999634
175 57.00499999999965
176 69.73499999999973
177 59.77499999999972
178 40.22999999999987
179 42.864999999999654
180 34.63999999999973
181 45.32999999999964
182 58.984999999999644
183 62.06999999999972
184 52.249999999999645
185 44.604999999999734
186 59.87999999999963
187 52.16499999999963
188 47.469999999999764
189 35.21499999999977
190 71.20999999999968
191 61.77499999999962
192 67.32999999999964
193 65.37499999999973
194 47.439999999999685
195 78.99499999999972
196 63.07999999999968
197 44.534999999999826
198 49.66499999999969
199 59.01999999999967
200 37.63999999999982
201 61.33499999999956
202 67.88999999999967
203 40.18499999999976
204 62.54499999999963
205 45.22999999999966
206 40.28499999999974
207 31.56999999999984
208 32.71499999999976
209 73.30999999999962
210 49.7449999999997
211 56.2549999999996
212 42.27499999999986
213 52.72499999999969
214 63.00999999999965
215 47.62499999999985
216 85.52499999999978
217 57.40499999999964
218 34.36999999999979
219 54.87999999999957
220 57.78999999999969
221 46.574999999999754
222 52.884999999999664
223 32.80999999999984
224 47.17999999999971
225 37.474999999999824
226 46.71499999999969
227 63.88999999999958
228 57.53499999999966
229 55.29999999999976
230 44.214999999999705
231 59.744999999999656
232 41.7599999999997
233 52.859999999999694
234 40.21999999999978
235 27.664999999999853
236 55.3249999999997
237 62.134999999999664
238 37.784999999999826
239 29.934999999999835
240 57.154999999999646
241 45.33499999999994
242 55.32999999999979
243 34.65499999999981
244 52.08999999999969
245 42.8499999999998
246 60.33499999999972
247 39.59499999999989
248 62.244999999999685
249 40.26499999999977
250 40.19499999999981
251 47.72999999999978
252 52.48499999999964
253 40.18499999999977
254 46.83999999999965
255 35.71499999999969
256 41.68499999999972
257 64.40999999999951
258 33.79999999999981
259 37.5299999999998
260 55.249999999999645
261 82.51999999999973
262 74.70499999999959
263 76.46999999999957
264 56.2699999999997
265 42.784999999999776
266 45.28499999999971
267 56.639999999999596
268 52.28999999999966
269 40.25999999999983
270 61.0299999999996
271 40.23999999999982
272 44.29999999999976
273 37.68499999999987
274 40.04999999999982
275 52.38499999999974
276 33.50499999999987
277 57.714999999999684
278 41.73999999999978
279 44.654999999999696
280 44.26499999999966
281 25.08999999999981
282 35.214999999999755
283 34.69499999999977
284 40.444999999999666
285 39.58499999999976
286 27.824999999999864
287 24.789999999999793
288 60.384999999999714
289 37.65999999999989
290 31.424999999999773
291 42.63499999999977
292 32.57499999999985
293 54.6599999999998
294 56.70499999999953
295 37.1699999999998
296 49.21999999999976
297 54.7049999999997
298 56.599999999999646
299 49.73999999999965
300 63.779999999999724
301 54.29999999999965
302 42.19999999999983
303 27.619999999999912
304 46.279999999999646
305 32.504999999999825
306 70.97499999999961
307 51.73999999999968
308 26.649999999999846
309 53.42999999999962
310 72.9549999999997
311 37.82499999999992
312 39.33499999999975
313 65.80499999999948
314 30.274999999999945
315 62.38999999999966
316 30.269999999999836
317 42.77999999999983
318 40.31499999999967
319 70.24999999999956
320 45.27999999999971
321 41.899999999999714
322 45.05999999999964
323 36.96999999999991
324 56.314999999999586
325 37.799999999999734
326 35.2149999999997
327 25.309999999999793
328 44.45999999999972
329 36.58499999999968
330 35.28999999999986
331 34.51999999999979
332 77.98499999999972
333 52.17999999999976
334 46.20999999999959
335 27.59999999999987
336 49.58999999999972
337 34.73999999999992
338 47.0349999999998
339 64.85499999999962
340 46.43999999999974
341 66.21999999999962
342 57.13999999999966
343 51.70499999999973
344 67.94999999999969
345 39.3699999999999
346 37.854999999999706
347 53.889999999999716
348 51.88499999999975
349 60.3049999999996
350 47.98999999999971
351 51.364999999999625
352 37.834999999999674
353 37.72999999999983
354 61.899999999999515
355 47.79999999999977
356 32.244999999999834
357 62.57499999999966
358 29.69999999999985
359 49.20999999999969
360 52.86999999999967
361 58.009999999999685
362 50.28499999999967
363 46.0949999999997
364 66.1599999999995
365 42.02999999999986
366 52.32999999999958
367 55.40499999999969
368 40.49999999999978
369 39.46499999999981
370 47.224999999999724
371 38.754999999999704
372 42.739999999999796
373 44.01499999999969
374 34.23499999999973
375 29.64499999999979
376 42.86999999999965
377 40.91999999999963
378 32.524999999999764
379 45.084999999999766
380 49.86999999999956
381 40.314999999999756
382 47.70999999999972
383 51.559999999999675
384 47.90999999999979
385 57.76999999999977
386 45.019999999999804
387 52.01999999999966
388 45.039999999999715
389 42.80499999999972
390 30.26499999999996
391 45.439999999999756
392 43.1349999999998
393 43.71499999999977
394 33.799999999999734
395 41.91499999999966
396 45.399999999999686
397 37.81499999999976
398 34.69499999999986
399 42.74999999999976
400 32.244999999999834
401 47.23999999999974
402 50.514999999999574
403 43.11999999999959
404 57.69499999999961
405 35.374999999999865
406 46.07999999999967
407 63.09999999999964
408 30.239999999999938
409 17.505000000000027
410 58.93999999999961
411 35.38999999999981
412 51.42499999999972
413 42.44999999999967
414 42.53999999999975
415 38.2649999999998
416 30.029999999999816
417 40.134999999999586
418 67.2249999999995
419 35.19999999999982
420 38.83999999999977
421 53.40999999999964
422 39.57999999999983
423 45.43499999999967
424 55.27999999999968
425 42.94999999999966
426 45.03999999999975
427 53.32999999999977
428 40.83499999999963
429 30.129999999999868
430 52.06999999999964
431 29.5249999999998
432 47.22999999999968
433 47.71499999999974
434 49.139999999999695
435 43.25999999999961
436 36.929999999999744
437 37.474999999999866
438 40.38999999999966
439 64.32999999999964
440 33.42999999999973
441 49.819999999999624
442 29.994999999999877
443 32.054999999999815
444 47.0749999999997
445 50.774999999999544
446 42.73999999999966
447 30.88499999999974
448 42.76499999999989
449 47.81499999999984
450 22.05499999999995
451 44.34499999999969
452 47.84499999999977
453 52.254999999999605
454 18.84499999999975
455 45.01999999999963
456 47.05499999999966
457 49.4699999999996
458 58.2849999999996
459 36.084999999999766
460 27.584999999999816
461 17.144999999999868
462 25.10499999999985
463 22.119999999999752
464 29.11999999999987
465 34.674999999999855
466 17.704999999999902
467 41.19499999999966
468 38.24999999999973
469 35.33999999999981
470 36.80999999999983
471 37.114999999999775
472 42.67499999999967
473 19.4799999999999
474 29.64499999999978
475 32.024999999999864
476 31.879999999999804
477 42.024999999999736
478 15.179999999999838
479 27.78499999999976
480 22.50499999999979
481 55.39999999999942
482 39.124999999999666
483 45.31999999999985
484 22.014999999999958
485 34.03999999999984
486 49.32999999999965
487 39.83999999999967
488 32.7349999999998
489 40.23999999999974
490 44.56499999999975
491 37.99499999999966
492 36.28000000000001
493 50.26999999999971
494 42.794999999999796
495 7.445000000000161
496 37.059999999999846
497 29.929999999999847
498 25.099999999999824
499 34.11499999999973
500 27.58999999999981
501 31.12999999999972
502 23.514999999999787
503 37.79499999999983
504 39.959999999999766
505 64.11999999999965
506 49.38999999999976
507 31.299999999999795
508 29.614999999999796
509 19.499999999999797
510 42.53499999999987
511 25.089999999999886
512 40.25499999999981
513 21.5149999999998
514 32.82499999999977
515 25.50999999999977
516 59.794999999999675
517 36.89499999999957
518 41.5549999999998
519 40.424999999999784
520 26.3449999999998
521 24.019999999999694
522 42.80499999999965
523 29.584999999999916
524 33.21499999999957
525 15.099999999999843
526 21.619999999999937
527 24.184999999999935
528 49.13999999999967
529 34.13499999999975
530 31.824999999999783
531 16.76499999999996
532 33.19999999999974
533 25.134999999999852
534 44.63499999999973
535 43.03999999999981
536 30.234999999999907
537 19.35999999999985
538 14.389999999999898
539 37.53999999999984
540 25.324999999999825
541 36.575000000000045
542 31.529999999999834
543 21.48999999999985
544 25.06499999999987
545 24.399999999999853
546 18.69999999999964
547 33.154999999999774
548 10.090000000000021
549 30.439999999999856
550 24.659999999999993
551 31.359999999999808
552 17.359999999999854
553 25.190000000000044
554 13.679999999999882
555 26.664999999999708
556 34.03499999999975
557 35.32999999999996
558 19.944999999999858
559 14.249999999999801
560 37.58499999999974
561 22.40499999999977
562 34.04499999999991
563 10.770000000000078
564 19.164999999999765
565 21.914999999999818
566 43.83999999999971
567 29.994999999999777
568 17.15999999999975
569 21.76999999999969
570 17.79500000000007
571 14.649999999999743
572 -3.0049999999998716
573 18.69999999999983
574 3.8200000000001157
575 19.9349999999998
576 14.410000000000036
577 17.699999999999708
578 16.83499999999971
579 8.570000000000121
580 26.89499999999981
581 21.80499999999978
582 -6.339999999999886
583 15.839999999999872
584 2.3900000000000947
585 6.899999999999871
586 3.1650000000001395
587 17.094999999999896
588 7.5349999999999575
589 9.224999999999746
590 4.7950000000001465
591 28.884999999999724
592 12.214999999999753
593 26.759999999999764
594 5.875000000000054
595 6.709999999999918
596 13.374999999999774
597 6.690000000000059
598 12.919999999999785
599 20.694999999999666
600 -5.6749999999998995
601 16.454999999999927
602 -0.3199999999999549
603 6.945000000000066
604 9.489999999999771
605 31.419999999999863
606 -0.6449999999998762
607 6.989999999999822
608 9.239999999999991
609 -2.889999999999905
610 -6.5699999999998795
611 -5.649999999999898
612 9.315000000000062
613 -6.57999999999988
614 4.765000000000165
615 2.420000000000102
616 11.899999999999933
617 14.204999999999924
618 1.7800000000001566
619 1.6450000000000586
620 3.0150000000000965
621 -4.614999999999911
622 -2.109999999999908
623 -0.19999999999987628
624 -5.3499999999999
625 0.07000000000012335
626 -2.1049999999999134
627 -4.994999999999911
628 -3.594999999999882
629 -5.899999999999893
630 -2.9599999999999316
631 4.384999999999954
632 -2.809999999999933
633 -0.2599999999999157
634 -0.7749999999999194
635 -3.0599999999999272
636 6.779999999999473
637 1.0500000000001875
638 -3.5999999999999215
639 -4.194999999999912
640 6.4549999999994405
641 -3.8199999999999186
642 -0.22499999999991563
643 -2.8849999999999296
644 1.5050000000000607
645 5.069999999999781
646 -0.38999999999991647
647 -2.799999999999932
648 -2.7849999999999326
649 -4.189999999999923
650 -3.3849999999999265
651 -3.519999999999921
652 1.0000000000001354
653 -1.3799999999999344
654 3.7200000000000424
655 -2.6599999999999344
656 -0.1449999999999156
657 0.040000000000110246
658 -1.2949999999999358
659 -3.2949999999999235
660 -2.8299999999999343
661 -0.26499999999991636
662 -2.729999999999933
663 -0.9049999999999309
664 -1.1499999999999158
665 -0.3999999999999165
666 -0.8449999999999397
667 -1.4199999999999164
668 2.285000000000111
669 0.49000000000007415
670 -1.3549999999999258
671 -2.7299999999999334
672 -3.144999999999925
673 -0.5199999999999187
674 -3.5449999999999218
675 -2.6649999999999343
676 -2.7899999999999316
677 -0.19499999999991566
678 -0.729999999999916
679 2.200000000000113
680 -3.319999999999921
681 -3.439999999999923
682 -2.709999999999934
683 -3.234999999999928
684 1.3650000000001303
685 -2.7449999999999326
686 2.1700000000001136
687 -2.7599999999999323
688 0.7900000000001277
689 -2.7599999999999323
690 -0.17499999999991564
691 -2.6599999999999344
692 -2.7549999999999333
693 -2.6049999999999356
694 -2.719999999999933
695 -2.8449999999999305
696 -0.15499999999991562
697 3.2600000000001437
698 -2.629999999999935
699 -0.25499999999991635
700 -2.7899999999999316
701 -2.6599999999999344
702 -2.7499999999999325
703 -2.719999999999933
704 2.3200000000001104
705 -2.7449999999999326
706 -0.4849999999999161
707 -0.4099999999999158
708 -2.6499999999999346
709 -2.684999999999934
710 -2.754999999999934
711 -2.9299999999999344
712 -2.674999999999934
713 -0.8499999999999166
714 4.754999999999928
715 -3.1999999999999234
716 -1.4899999999999605
717 -0.374999999999918
718 -0.1249999999999156
719 2.1350000000001144
720 -2.6899999999999338
721 -2.809999999999934
722 -2.7899999999999325
723 -2.914999999999936
724 -2.974999999999932
725 -3.4199999999999284
726 -0.1299999999999156
727 -2.7649999999999344
728 -1.5649999999999615
729 -0.2999999999999157
730 3.9800000000001283
731 -3.3699999999999273
732 -2.719999999999933
733 -2.7499999999999325
734 -1.259999999999956
735 -0.1299999999999156
736 -2.729999999999933
737 -2.6549999999999345
738 -3.9649999999999253
739 -2.7849999999999326
740 -2.6149999999999354
741 -2.754999999999933
742 -2.7599999999999323
743 -2.6049999999999356
744 2.300000000000111
745 -2.6149999999999354
746 2.380000000000109
747 -0.15999999999991563
748 -3.2549999999999284
749 1.5100000000001277
750 -2.774999999999932
751 -2.6199999999999353
752 -2.7849999999999318
753 2.3100000000001106
754 -0.24999999999991682
755 -2.7349999999999333
756 1.7650000000001222
757 -3.644999999999918
758 2.435000000000108
759 -2.674999999999934
760 -2.7499999999999325
761 2.3100000000001106
762 -0.19999999999991563
763 -3.2599999999999225
764 -2.5899999999999364
765 2.2700000000001115
766 -0.18499999999991654
767 -0.26499999999991813
768 -3.739999999999925
769 -1.5049999999999149
770 -2.6999999999999336
771 -1.0049999999999162
772 1.2600000000001284
773 -0.9599999999999205
774 -0.2349999999999157
775 -2.6049999999999356
776 9.464999999999282
777 -0.474999999999919
778 -2.6199999999999353
779 2.33500000000011
780 -2.6649999999999343
781 -0.12499999999991582
782 -2.6549999999999345
783 -2.6549999999999345
784 -0.1349999999999156
785 -0.19499999999991566
786 -1.2249999999999668
787 -2.639999999999935
788 -0.10999999999991558
789 -2.6649999999999343
790 -3.1799999999999304
791 -3.38999999999992
792 -2.739999999999933
793 2.195000000000113
794 -2.644999999999935
795 -3.1799999999999278
796 -0.5549999999999159
797 -0.08499999999991556
798 -0.10999999999991558
799 -0.15499999999991562
800 -0.04999999999991555
801 -1.714999999999934
802 2.3150000000001105
803 -0.499999999999923
804 -0.2599999999999157
805 -2.809999999999931
806 -0.6399999999999171
807 -0.10499999999991558
808 -2.7149999999999337
809 -2.7049999999999335
810 -3.6549999999999234
811 -2.6099999999999355
812 -2.6649999999999343
813 2.2600000000001117
814 1.6650000000001244
815 -0.2499999999999157
816 -0.21999999999991568
817 -0.2899999999999157
818 -2.6599999999999344
819 -2.6899999999999338
820 -1.1849999999999523
821 -2.634999999999935
822 -2.6449999999999347
823 -0.6149999999999524
824 2.4000000000001087
825 -2.719999999999933
826 6.739999999999466
827 -2.844999999999934
828 -0.18499999999991565
829 -2.709999999999935
830 -0.18999999999991565
831 -2.6949999999999337
832 -2.774999999999932
833 -2.5749999999999362
834 2.380000000000109
835 -2.6449999999999347
836 -2.6649999999999348
837 -2.7499999999999325
838 -0.20499999999991567
839 -2.639999999999935
840 -2.669999999999934
841 -0.14999999999991562
842 -0.17999999999991564
843 -0.21999999999991568
844 -2.7849999999999318
845 -2.584999999999936
846 -2.674999999999934
847 -2.7199999999999336
848 -2.7449999999999335
849 -2.594999999999936
850 7.2349999999994274
851 -2.6649999999999343
852 -0.16999999999991564
853 -2.7499999999999325
854 -2.584999999999936
855 -2.679999999999934
856 -0.2849999999999157
857 -2.6599999999999344
858 -2.6549999999999345
859 -0.5149999999999201
860 2.3600000000001096
861 -2.624999999999935
862 -2.874999999999937
863 -0.16499999999991563
864 -2.7099999999999334
865 -0.22499999999991568
866 -2.6099999999999355
867 -3.649999999999922
868 -0.2999999999999157
869 -2.6099999999999355
870 -2.719999999999933
871 -3.0299999999999323
872 -2.759999999999933
873 -2.734999999999933
874 1.4950000000001058
875 -0.15999999999991563
876 4.744999999999848
877 -2.6199999999999353
878 2.34000000000011
879 -2.8149999999999364
880 -2.6149999999999354
881 -2.6099999999999355
882 -2.629999999999935
883 -2.6549999999999345
884 -2.6499999999999346
885 4.939999999999782
886 -1.4999999999999165
887 -2.679999999999934
888 -0.3099999999999166
889 -2.579999999999936
890 -2.8099999999999326
891 -2.6599999999999344
892 -2.6899999999999338
893 -0.2399999999999157
894 -2.7099999999999334
895 1.6950000000001237
896 -2.6499999999999346
897 -2.639999999999935
898 -2.6049999999999356
899 -3.2849999999999273
900 -3.609999999999918
901 2.3200000000001104
902 -0.1249999999999156
903 -0.1349999999999156
904 -0.21499999999991568
905 -2.894999999999932
906 -2.6749999999999345
907 -0.13499999999991583
908 -2.6549999999999345
909 -2.594999999999936
910 2.3650000000001095
911 2.4200000000001083
912 -0.2399999999999157
913 -2.7049999999999335
914 -2.724999999999933
915 -2.634999999999935
916 -2.6049999999999356
917 -3.849999999999923
918 -2.7499999999999334
919 -2.7499999999999325
920 -2.724999999999933
921 -0.724999999999916
922 -0.2499999999999157
923 -0.2749999999999157
924 -0.17999999999991564
925 -2.6999999999999336
926 1.3200000000001315
927 -0.11999999999991559
928 -2.6949999999999337
929 2.255000000000112
930 -2.669999999999934
931 -0.2949999999999157
932 -2.584999999999936
933 -0.21499999999991568
934 -2.6649999999999343
935 -0.11499999999991559
936 -2.6549999999999345
937 -2.5999999999999357
938 -2.6549999999999345
939 -2.6649999999999343
940 -0.17999999999991564
941 -2.7599999999999323
942 2.3200000000001104
943 4.924999999999773
944 -2.729999999999933
945 -2.669999999999934
946 -0.1449999999999156
947 -2.669999999999934
948 -0.19499999999991566
949 -0.2599999999999157
950 -3.2449999999999233
951 2.33000000000011
952 -2.6649999999999343
953 -2.6449999999999347
954 -2.624999999999935
955 -2.634999999999935
956 -2.734999999999935
957 -2.7099999999999334
958 -2.6899999999999338
959 -2.7549999999999324
960 -0.17499999999991564
961 -2.7899999999999325
962 -0.20999999999991567
963 -2.779999999999932
964 -2.539999999999937
965 -2.979999999999933
966 -0.19999999999991566
967 -2.639999999999935
968 -2.679999999999934
969 -0.1399999999999156
970 -2.6949999999999337
971 -2.674999999999934
972 -2.6049999999999356
973 2.3050000000001107
974 -2.749999999999934
975 -0.1399999999999156
976 -0.16999999999991586
977 -0.14499999999991584
978 -2.7699999999999374
979 -2.9199999999999298
980 -2.6849999999999357
981 -3.3799999999999204
982 -0.15999999999991563
983 2.285000000000111
984 2.380000000000109
985 -3.0299999999999345
986 -2.7149999999999332
987 4.784999999999831
988 -2.6899999999999338
989 -2.669999999999934
990 -2.634999999999935
991 -2.6899999999999338
992 -2.639999999999935
993 -2.6449999999999347
994 -2.699999999999936
995 -3.43499999999992
996 -2.7599999999999323
997 -0.02499999999991556
998 -2.679999999999934
999 -2.6949999999999337
1000 -2.634999999999935
1001 -2.6099999999999355
1002 -2.684999999999934
1003 -2.6549999999999345
1004 -3.1699999999999258
1005 -2.639999999999935
1006 -0.17499999999991564
1007 -0.2649999999999157
1008 -3.694999999999922
1009 -0.15999999999991563
1010 -2.7349999999999337
1011 -3.1099999999999324
1012 -2.634999999999935
1013 -2.534999999999937
1014 -0.11999999999991559
1015 -2.5599999999999365
1016 2.3750000000001092
1017 -2.8149999999999333
1018 -2.934999999999938
1019 -3.624999999999921
1020 2.0900000000001153
1021 -2.814999999999934
1022 -2.6949999999999346
1023 -0.17499999999991564
1024 2.2600000000001117
1025 -0.11499999999991559
1026 -2.7999999999999323
1027 -2.624999999999935
1028 -2.669999999999934
1029 -0.04499999999991555
1030 -2.594999999999936
1031 -2.734999999999933
1032 2.2300000000001123
1033 -3.209999999999928
1034 -0.07499999999991555
1035 2.2750000000001114
1036 -2.779999999999932
1037 -0.19999999999991566
1038 -0.10499999999991558
1039 7.274999999999375
1040 -2.624999999999935
1041 -2.584999999999936
1042 -0.07999999999991556
1043 -0.2349999999999157
1044 -2.6099999999999355
1045 -2.669999999999934
1046 -0.2299999999999157
1047 -2.6199999999999353
1048 -2.634999999999935
1049 -2.5699999999999363
1050 -0.07499999999991555
1051 -2.729999999999933
1052 -2.629999999999935
1053 -2.634999999999935
1054 -2.639999999999935
1055 -2.7649999999999335
1056 -2.6149999999999354
1057 -2.7449999999999326
1058 -2.7099999999999334
1059 -2.5649999999999364
1060 -2.7399999999999327
1061 2.3550000000001097
1062 -2.6199999999999353
1063 -2.5999999999999357
1064 -2.5699999999999363
1065 -2.7549999999999324
1066 2.3200000000001104
1067 2.250000000000112
1068 4.754999999999839
1069 -2.639999999999935
1070 -2.6249999999999356
1071 -0.17499999999991564
1072 -2.709999999999937
1073 2.285000000000111
1074 -2.7049999999999335
1075 -2.579999999999936
1076 -2.729999999999933
1077 -0.17499999999991564
1078 -0.11999999999991559
1079 -2.6899999999999347
1080 -2.7049999999999335
1081 -2.6149999999999354
1082 -0.06499999999991554
1083 -2.584999999999936
1084 -0.19499999999991566
1085 4.819999999999831
1086 -2.629999999999935
1087 -0.04499999999991555
1088 -2.6549999999999345
1089 -2.5999999999999357
1090 -2.6049999999999356
1091 -2.634999999999935
1092 -2.909999999999929
1093 -0.14999999999991562
1094 -2.589999999999936
1095 -2.6549999999999345
1096 -2.6949999999999354
1097 -2.6199999999999353
1098 -2.584999999999936
1099 -0.16999999999991564
1100 -2.684999999999934
1101 -2.6649999999999343
1102 -2.6599999999999344
1103 -3.1149999999999256
1104 -2.6499999999999346
1105 -0.4499999999999163
1106 -2.724999999999933
1107 -2.8049999999999318
1108 -0.1399999999999156
1109 -2.629999999999935
1110 -0.11999999999991559
1111 -0.2799999999999166
1112 -2.629999999999935
1113 -2.594999999999936
1114 -0.23499999999991747
1115 -2.624999999999935
1116 -2.579999999999936
1117 -2.634999999999935
1118 -2.7449999999999326
1119 -2.684999999999934
1120 -2.679999999999934
1121 -2.644999999999935
1122 -2.629999999999935
1123 -3.02999999999993
1124 -0.1299999999999156
1125 -3.324999999999921
1126 -2.849999999999931
1127 -2.629999999999935
1128 -2.6899999999999338
1129 -0.18999999999991565
1130 2.4000000000001087
1131 -0.1249999999999156
1132 2.3550000000001097
1133 4.819999999999813
1134 -0.11499999999991559
1135 -2.724999999999933
1136 -2.6649999999999343
1137 -2.624999999999935
1138 -2.594999999999936
1139 2.380000000000109
1140 -2.674999999999934
1141 7.43999999999935
1142 -0.11499999999991559
1143 -0.08999999999991556
1144 -2.674999999999934
1145 -0.22499999999991568
1146 -2.7549999999999324
1147 -2.6449999999999347
1148 -2.6949999999999337
1149 -2.6549999999999345
1150 -2.679999999999934
1151 -2.7499999999999325
1152 -2.679999999999934
1153 -2.5649999999999364
1154 -2.7099999999999334
1155 -2.6199999999999353
1156 -0.21999999999991635
1157 -2.634999999999935
1158 -0.7749999999999179
1159 -2.6549999999999345
1160 -0.10999999999991558
1161 -2.7049999999999335
1162 -2.739999999999934
1163 -2.609999999999936
1164 -2.729999999999933
1165 -2.819999999999936
1166 -2.669999999999934
1167 -3.119999999999927
1168 -2.6499999999999346
1169 -0.5749999999999177
1170 -2.7849999999999318
1171 2.33000000000011
1172 -2.7049999999999335
1173 -0.19499999999991566
1174 -2.6499999999999346
1175 -2.629999999999935
1176 -2.5249999999999373
1177 2.440000000000108
1178 -0.2449999999999157
1179 2.3250000000001103
1180 -3.309999999999924
1181 -2.7099999999999334
1182 -2.634999999999939
1183 -2.6049999999999356
1184 -0.1299999999999156
1185 -0.1449999999999156
1186 -2.7399999999999327
1187 -2.669999999999934
1188 -2.679999999999934
1189 -2.6649999999999343
1190 -0.26499999999991636
1191 -0.11999999999991559
1192 -2.6449999999999347
1193 -0.1349999999999156
1194 -2.729999999999933
1195 -2.7199999999999336
1196 -2.669999999999934
1197 -2.6549999999999345
1198 -2.8749999999999307
1199 -2.7099999999999334
1200 1.6900000000001238
1201 -2.679999999999934
1202 -2.669999999999934
1203 -0.11499999999991559
1204 -2.6799999999999344
1205 -2.6049999999999356
1206 -2.6449999999999347
1207 -0.16999999999991564
1208 -2.6099999999999355
1209 -3.479999999999918
1210 -2.634999999999935
1211 -2.6899999999999338
1212 -2.7049999999999335
1213 -2.7699999999999347
1214 -2.634999999999935
1215 -3.374999999999925
1216 -0.26999999999991614
1217 -2.7449999999999335
1218 -2.6099999999999355
1219 -2.6999999999999336
1220 -2.6149999999999354
1221 -2.6549999999999345
1222 -0.1249999999999156
1223 -2.7049999999999335
1224 -2.5749999999999362
1225 -2.6549999999999345
1226 -2.5549999999999367
1227 -2.7499999999999325
1228 -2.674999999999934
1229 -2.7049999999999335
1230 -0.16999999999991564
1231 -2.5999999999999357
1232 -2.684999999999934
1233 -2.584999999999936
1234 2.35000000000011
1235 -0.1299999999999156
1236 2.33000000000011
1237 -2.634999999999935
1238 -0.11999999999991559
1239 -2.634999999999935
1240 -2.624999999999935
1241 -2.6199999999999357
1242 -0.21999999999991568
1243 -0.15999999999991563
1244 -2.629999999999935
1245 -2.6599999999999344
1246 -2.6999999999999336
1247 -0.1449999999999156
1248 -2.629999999999935
1249 -0.08499999999991556
1250 -0.16499999999991563
1251 -2.6549999999999345
1252 -2.579999999999936
1253 -0.15999999999991563
1254 -2.6649999999999343
1255 -0.16499999999991563
1256 -2.684999999999934
1257 -2.6099999999999355
1258 -0.04499999999991555
1259 -2.669999999999934
1260 2.4450000000001078
1261 -2.679999999999934
1262 2.3750000000001092
1263 -2.6499999999999346
1264 -2.629999999999935
1265 -2.7599999999999323
1266 2.35000000000011
1267 -2.759999999999935
1268 -2.6949999999999337
1269 -0.22499999999991568
1270 -2.6899999999999338
1271 -2.6899999999999338
1272 -2.679999999999934
1273 2.2750000000001114
1274 -0.20499999999991567
1275 -2.6449999999999347
1276 -0.31499999999991596
1277 -2.6499999999999355
1278 -2.729999999999933
1279 -2.5699999999999363
1280 -2.5999999999999357
1281 -2.719999999999933
1282 -2.594999999999936
1283 -2.719999999999933
1284 -0.11999999999991559
1285 -2.679999999999934
1286 -2.629999999999935
1287 -2.7499999999999325
1288 -0.11499999999991559
1289 -0.17499999999991564
1290 -2.5849999999999365
1291 -2.6499999999999346
1292 -2.5999999999999357
1293 -2.629999999999935
1294 -0.15499999999991562
1295 -0.2299999999999159
1296 -2.6599999999999344
1297 -2.759999999999934
1298 -2.6049999999999356
1299 -2.629999999999935
1300 -2.624999999999935
1301 -2.6649999999999343
1302 -0.14999999999991562
1303 -0.18999999999991565
1304 -0.18499999999991587
1305 -0.25499999999991657
1306 -2.7599999999999323
1307 -0.21999999999991568
1308 2.33000000000011
1309 -0.1249999999999156
1310 -2.679999999999934
1311 -2.6849999999999343
1312 -0.15999999999991563
1313 -2.6149999999999354
1314 -2.674999999999934
1315 -2.624999999999935
1316 -0.2399999999999157
1317 -2.629999999999935
1318 -2.579999999999936
1319 -2.5099999999999376
1320 -2.684999999999934
1321 -0.1449999999999156
1322 -0.2749999999999157
1323 -2.7049999999999335
1324 -2.629999999999935
1325 -2.589999999999936
1326 -0.11499999999991559
1327 -2.5699999999999363
1328 -0.04999999999991555
1329 -0.09499999999991557
1330 -2.7449999999999326
1331 -0.17499999999991564
1332 -2.624999999999935
1333 -3.1499999999999266
1334 -2.6649999999999343
1335 -2.639999999999935
1336 -2.719999999999933
1337 -2.5749999999999362
1338 -0.15999999999991563
1339 -2.6849999999999343
1340 -2.6449999999999347
1341 -0.2749999999999168
1342 -2.5249999999999373
1343 -2.7099999999999334
1344 -2.679999999999934
1345 -2.639999999999935
1346 -2.6649999999999343
1347 -2.729999999999933
1348 -2.629999999999935
1349 4.799999999999788
1350 -2.7149999999999332
1351 -2.6449999999999347
1352 -2.6549999999999345
1353 -2.6499999999999346
1354 -0.059999999999915545
1355 -2.674999999999934
1356 -2.669999999999934
1357 -0.15499999999991562
1358 -2.6899999999999338
1359 2.385000000000109
1360 -2.5649999999999364
1361 -2.5999999999999357
1362 -2.7499999999999325
1363 -2.6899999999999347
1364 -2.629999999999935
1365 -0.10499999999991558
1366 -0.1449999999999156
1367 -2.7449999999999326
1368 -2.6249999999999374
1369 -3.154999999999924
1370 -2.674999999999934
1371 -2.6549999999999345
1372 -2.6449999999999347
1373 -2.724999999999933
1374 -2.6649999999999343
1375 -2.7599999999999323
1376 -2.7099999999999334
1377 -2.6449999999999347
1378 -0.11499999999991559
1379 -0.10499999999991558
1380 -0.19499999999991566
1381 -2.6199999999999353
1382 -2.6549999999999345
1383 -2.6449999999999347
1384 -0.18499999999991565
1385 -2.6199999999999353
1386 -2.6599999999999344
1387 -2.724999999999933
1388 -0.18499999999991565
1389 -2.634999999999935
1390 2.3050000000001107
1391 -0.1299999999999156
1392 -2.584999999999936
1393 -2.6649999999999343
1394 -2.6549999999999345
1395 -2.674999999999934
1396 -2.7149999999999332
1397 -2.724999999999933
1398 -2.624999999999935
1399 -2.6449999999999347
1400 -2.5699999999999363
1401 -0.16499999999991563
1402 -0.18499999999991565
1403 -2.659999999999935
1404 -2.684999999999934
1405 -2.7599999999999323
1406 -2.6949999999999337
1407 -2.634999999999935
1408 -2.6149999999999354
1409 2.33500000000011
1410 -0.1449999999999156
1411 -2.6149999999999354
1412 -2.674999999999934
1413 -2.6949999999999337
1414 -2.6899999999999338
1415 -2.8249999999999353
1416 2.4000000000001087
1417 -2.5549999999999367
1418 -2.584999999999936
1419 -2.684999999999934
1420 -2.6999999999999336
1421 -2.544999999999937
1422 2.3100000000001106
1423 -2.694999999999934
1424 -0.17499999999991564
1425 -2.639999999999935
1426 -2.6499999999999346
1427 -2.6899999999999338
1428 -2.629999999999935
1429 -2.6999999999999353
1430 -2.6099999999999355
1431 -2.6949999999999337
1432 -2.5599999999999365
1433 -2.724999999999933
1434 -2.6099999999999355
1435 -2.6649999999999343
1436 -2.674999999999934
1437 -2.6199999999999353
1438 -2.5749999999999362
1439 -2.5599999999999365
1440 -0.14999999999991562
1441 -2.6199999999999353
1442 -2.5549999999999367
1443 -0.20999999999991567
1444 -2.619999999999936
1445 -2.674999999999934
1446 -2.579999999999936
1447 -0.039999999999915554
1448 -2.7399999999999327
1449 2.34000000000011
1450 -0.17499999999991564
1451 -0.14999999999991562
1452 -2.6899999999999338
1453 -2.584999999999936
1454 -2.589999999999936
1455 -2.579999999999936
1456 -2.5599999999999365
1457 -0.17999999999991564
1458 -2.6499999999999346
1459 -2.5999999999999357
1460 -2.6649999999999343
1461 -2.7549999999999324
1462 -2.6649999999999343
1463 -2.7049999999999335
1464 -2.629999999999935
1465 -2.769999999999932
1466 -0.20999999999991567
1467 -2.7799999999999336
1468 -2.7049999999999335
1469 -2.589999999999936
1470 -2.5599999999999365
1471 -2.7149999999999332
1472 -2.679999999999934
1473 -2.6649999999999343
1474 -2.684999999999934
1475 -2.6549999999999345
1476 -2.624999999999935
1477 -2.669999999999934
1478 -2.6499999999999346
1479 -0.20499999999991567
1480 -2.624999999999935
1481 -2.579999999999936
1482 -2.6649999999999343
1483 -3.064999999999926
1484 -2.684999999999934
1485 -2.6449999999999347
1486 2.395000000000109
1487 -2.6499999999999346
1488 -2.639999999999935
1489 -2.634999999999935
1490 -0.2599999999999157
1491 -2.6999999999999336
1492 -2.584999999999936
1493 -2.684999999999934
1494 -2.5999999999999357
1495 -3.1449999999999263
1496 -2.794999999999932
1497 -2.5999999999999357
1498 -0.1599999999999174
1499 4.874999999999785
1500 -2.6199999999999353
1501 -2.674999999999934
1502 -2.6049999999999356
1503 -2.6599999999999344
1504 -0.14999999999991562
1505 -2.7399999999999327
1506 -0.1299999999999156
1507 -2.634999999999935
1508 -2.6199999999999353
1509 -0.17499999999991564
1510 -2.6949999999999337
1511 -0.16499999999991563
1512 -2.6599999999999344
1513 2.390000000000109
1514 -2.6599999999999344
1515 -2.594999999999936
1516 -2.534999999999937
1517 -2.634999999999935
1518 -2.6099999999999355
1519 -0.18499999999991565
1520 -2.639999999999935
1521 -2.6049999999999356
1522 -2.589999999999936
1523 1.7950000000001216
1524 -2.6499999999999346
1525 -0.10499999999991558
1526 -0.1399999999999156
1527 -2.629999999999935
1528 -2.5249999999999373
1529 -0.18999999999991565
1530 -2.6149999999999354
1531 -0.19499999999991566
1532 -0.19999999999991566
1533 4.884999999999819
1534 -2.624999999999935
1535 -0.1249999999999156
1536 -2.614999999999936
1537 -0.09999999999991557
1538 -2.684999999999934
1539 -2.634999999999935
1540 -2.634999999999935
1541 2.3550000000001097
1542 2.33000000000011
1543 -2.6549999999999345
1544 -2.639999999999935
1545 2.3250000000001103
1546 -2.669999999999934
1547 -2.7149999999999332
1548 -2.6199999999999353
1549 -2.669999999999934
1550 -2.6599999999999344
1551 -0.02499999999991556
1552 -2.5699999999999363
1553 -2.5549999999999367
1554 -2.629999999999935
1555 -2.6899999999999338
1556 -2.7149999999999332
1557 -0.20999999999991567
1558 -0.1449999999999156
1559 -2.7049999999999335
1560 -0.05499999999991555
1561 -0.18499999999991587
1562 -2.6099999999999355
1563 -2.5749999999999362
1564 -2.6149999999999354
1565 -2.6449999999999347
1566 -2.624999999999935
1567 -2.6599999999999344
1568 -0.06499999999991554
1569 -2.6099999999999355
1570 -0.1449999999999156
1571 -2.674999999999934
1572 -2.594999999999936
1573 -2.6499999999999346
1574 -2.6599999999999344
1575 -2.734999999999933
1576 -2.7049999999999335
1577 -2.579999999999936
1578 -0.19499999999991566
1579 2.470000000000107
1580 -2.5999999999999357
1581 -2.584999999999936
1582 -2.6599999999999344
1583 -0.07999999999991556
1584 -0.1299999999999156
1585 -0.09499999999991557
1586 -0.09999999999991557
1587 -2.5999999999999357
1588 -2.5999999999999357
1589 -2.6199999999999353
1590 -2.6499999999999346
1591 -2.6449999999999347
1592 -2.634999999999935
1593 -2.639999999999935
1594 -2.6049999999999356
1595 2.435000000000108
1596 -0.09999999999991557
1597 -2.6499999999999346
1598 -2.629999999999935
1599 -0.16499999999991563
1600 -0.1449999999999156
1601 2.34500000000011
1602 -2.5999999999999357
1603 -2.7149999999999332
1604 -2.6599999999999344
1605 -2.674999999999934
1606 -2.674999999999934
1607 -2.5649999999999364
1608 -2.6199999999999353
1609 -0.11499999999991559
1610 -2.6949999999999337
1611 -2.5649999999999364
1612 -2.584999999999936
1613 -2.6549999999999345
1614 -2.639999999999935
1615 -2.584999999999936
1616 -2.7399999999999327
1617 -2.7099999999999334
1618 -2.584999999999936
1619 -2.6099999999999355
1620 -0.059999999999915545
1621 -2.589999999999936
1622 2.3050000000001107
1623 -2.639999999999935
1624 -2.6149999999999354
1625 -0.11499999999991559
1626 -2.6199999999999353
1627 -0.16999999999991564
1628 -2.6899999999999338
1629 -2.6649999999999343
1630 -0.16999999999991564
1631 -2.594999999999936
1632 -0.14999999999991562
1633 -0.15999999999991563
1634 -0.06999999999991555
1635 -2.6899999999999338
1636 -2.629999999999935
1637 -2.5599999999999365
1638 -2.6949999999999337
1639 -2.5749999999999362
1640 -0.06499999999991554
1641 -0.18499999999991584
1642 -0.2399999999999157
1643 -0.06999999999991555
1644 -0.15999999999991563
1645 -2.624999999999935
1646 -2.629999999999935
1647 4.794999999999781
1648 -2.6649999999999343
1649 -2.679999999999934
1650 2.380000000000109
1651 -2.629999999999935
1652 -2.6899999999999338
1653 -2.779999999999934
1654 -0.02999999999991556
1655 -2.6049999999999356
1656 -2.6949999999999337
1657 -0.09999999999991557
1658 -2.6099999999999355
1659 -2.5749999999999362
1660 -2.6099999999999355
1661 -2.7049999999999335
1662 -2.6199999999999353
1663 -2.674999999999934
1664 -2.5749999999999362
1665 -2.6549999999999345
1666 -2.5649999999999364
1667 -2.674999999999934
1668 -2.584999999999936
1669 -2.6049999999999356
1670 -0.10999999999991558
1671 -0.2699999999999157
1672 -2.6549999999999345
1673 -2.634999999999935
1674 -2.6099999999999355
1675 2.3150000000001105
1676 2.290000000000111
1677 -2.7099999999999334
1678 -0.20499999999991567
1679 -2.684999999999934
1680 -2.6099999999999355
1681 -2.5049999999999377
1682 -2.769999999999932
1683 2.3250000000001103
1684 -2.7099999999999334
1685 -2.6149999999999354
1686 -2.6499999999999346
1687 -0.1299999999999156
1688 -2.6049999999999356
1689 -2.579999999999936
1690 -0.11999999999991559
1691 -2.629999999999935
1692 -2.6649999999999343
1693 -2.5649999999999364
1694 -2.669999999999934
1695 2.4000000000001087
1696 -2.6549999999999345
1697 2.33500000000011
1698 -0.1399999999999156
1699 -2.6449999999999347
1700 -2.7899999999999316
1701 -2.6499999999999346
1702 -2.6499999999999346
1703 -2.6649999999999343
1704 -2.5649999999999364
1705 -2.7099999999999334
1706 -0.1449999999999156
1707 -2.679999999999934
1708 -2.6899999999999338
1709 -2.6149999999999354
1710 -0.15999999999991563
1711 -2.729999999999933
1712 -2.6099999999999355
1713 -2.6049999999999356
1714 -2.6899999999999338
1715 -2.499999999999938
1716 -0.11499999999991559
1717 -2.594999999999936
1718 2.3050000000001107
1719 -0.1449999999999156
1720 -2.6449999999999347
1721 -2.639999999999935
1722 -2.629999999999935
1723 -2.684999999999934
1724 2.3550000000001097
1725 -2.589999999999936
1726 -2.719999999999933
1727 -2.6899999999999338
1728 -2.684999999999934
1729 -2.5699999999999363
1730 -0.17499999999991564
1731 -2.5549999999999367
1732 -2.6999999999999336
1733 -2.5499999999999368
1734 -2.6099999999999355
1735 -0.15999999999991563
1736 -2.6099999999999355
1737 -0.17999999999991564
1738 -2.629999999999935
1739 -2.629999999999935
1740 -2.6099999999999355
1741 -2.6049999999999356
1742 -2.6499999999999346
1743 -2.679999999999934
1744 -0.07499999999991555
1745 -2.6599999999999344
1746 -2.6549999999999345
1747 -2.6899999999999356
1748 -2.674999999999935
1749 -2.6499999999999346
1750 2.2600000000001117
1751 -2.634999999999935
1752 -0.08499999999991556
1753 -0.17999999999991564
1754 -0.1399999999999156
1755 -2.579999999999936
1756 -0.06999999999991555
1757 -2.6599999999999344
1758 -2.6099999999999355
1759 -2.584999999999936
1760 -2.624999999999935
1761 -0.07999999999991556
1762 -2.629999999999935
1763 -2.534999999999937
1764 -2.6649999999999343
1765 -2.579999999999936
1766 -0.1399999999999156
1767 -2.6149999999999354
1768 -2.589999999999936
1769 -2.669999999999934
1770 -2.5749999999999362
1771 -2.584999999999936
1772 -0.08999999999991556
1773 -2.6199999999999353
1774 -2.6449999999999347
1775 -2.584999999999936
1776 -2.6049999999999356
1777 -2.6199999999999353
1778 -2.679999999999934
1779 -0.14999999999991562
1780 -2.639999999999935
1781 -2.5599999999999365
1782 -2.629999999999935
1783 -2.579999999999936
1784 -0.1249999999999156
1785 -2.639999999999935
1786 -2.669999999999934
1787 -0.16499999999991585
1788 -2.6949999999999337
1789 -2.6949999999999337
1790 -2.6499999999999346
1791 -2.669999999999934
1792 -2.629999999999935
1793 -2.5749999999999362
1794 -2.6199999999999353
1795 -2.6199999999999353
1796 -2.6649999999999343
1797 -0.10999999999991558
1798 -2.594999999999936
1799 -0.14999999999991562
1800 -2.5699999999999363
1801 -2.639999999999935
1802 -2.669999999999934
1803 -2.6549999999999345
1804 -0.10999999999991558
1805 -2.659999999999935
1806 -2.5999999999999357
1807 -2.6649999999999343
1808 -0.07999999999991556
1809 -2.6449999999999347
1810 -0.18999999999991632
1811 -2.5499999999999368
1812 -2.534999999999937
1813 -2.634999999999935
1814 -2.6199999999999353
1815 -0.14999999999991562
1816 2.4150000000001084
1817 -2.6599999999999353
1818 -2.629999999999935
1819 -2.6549999999999345
1820 -0.15499999999991562
1821 -2.6649999999999343
1822 -2.6899999999999338
1823 -2.6099999999999355
1824 -2.6499999999999346
1825 -2.6599999999999344
1826 -2.6199999999999353
1827 -2.5249999999999373
1828 -2.679999999999934
1829 -2.5649999999999364
1830 -2.6549999999999345
1831 2.34500000000011
1832 -2.684999999999934
1833 -2.579999999999936
1834 -2.5549999999999367
1835 -2.594999999999936
1836 -2.5699999999999363
1837 -2.674999999999934
1838 -0.08499999999991556
1839 -0.09499999999991557
1840 -2.5749999999999362
1841 -0.15499999999991562
1842 -0.1749999999999163
1843 -0.11999999999991559
1844 -2.494999999999938
1845 -2.6449999999999347
1846 -2.6149999999999354
1847 -2.579999999999936
1848 -2.634999999999935
1849 -2.6949999999999337
1850 -2.589999999999936
1851 -2.6099999999999355
1852 -2.6599999999999344
1853 -2.6499999999999346
1854 -2.589999999999936
1855 -2.5599999999999365
1856 -0.1299999999999156
1857 -2.6449999999999347
1858 -0.1349999999999156
1859 -2.6199999999999353
1860 -2.669999999999934
1861 -2.5249999999999373
1862 -2.6499999999999346
1863 -2.629999999999935
1864 -2.679999999999934
1865 -0.009999999999915556
1866 -0.06499999999991554
1867 -2.6749999999999345
1868 -0.1399999999999156
1869 -2.6199999999999353
1870 -2.6499999999999346
1871 -0.14999999999991562
1872 4.884999999999781
1873 2.3750000000001092
1874 -2.579999999999936
1875 -0.10499999999991558
1876 2.33500000000011
1877 -2.674999999999935
1878 -2.544999999999937
1879 -2.5999999999999357
1880 -2.6949999999999337
1881 -2.624999999999935
1882 -0.06499999999991554
1883 -2.679999999999934
1884 -3.094999999999925
1885 -0.1299999999999156
1886 -0.1349999999999156
1887 -2.624999999999935
1888 -0.1449999999999156
1889 2.390000000000109
1890 -2.639999999999935
1891 -2.6649999999999343
1892 -0.17499999999991564
1893 -2.6899999999999338
1894 -2.6099999999999355
1895 -0.09499999999991557
1896 -2.579999999999936
1897 -2.5599999999999365
1898 -2.6499999999999346
1899 -2.5699999999999363
1900 -2.544999999999937
1901 -2.639999999999935
1902 -0.10999999999991558
1903 -2.5599999999999365
1904 -2.584999999999936
1905 -0.15499999999991562
1906 -2.6999999999999336
1907 2.33000000000011
1908 -2.5999999999999357
1909 -2.589999999999936
1910 -2.5999999999999357
1911 -2.594999999999936
1912 -2.639999999999935
1913 -0.08999999999991556
1914 -2.6149999999999354
1915 -2.6899999999999338
1916 -2.589999999999936
1917 -2.6899999999999338
1918 -2.6499999999999346
1919 -2.634999999999935
1920 -2.5649999999999364
1921 -0.09999999999991557
1922 -2.7549999999999324
1923 -2.539999999999937
1924 -0.11499999999991559
1925 -2.6549999999999345
1926 -2.579999999999936
1927 -0.11499999999991559
1928 -2.669999999999934
1929 -2.679999999999934
1930 -0.14999999999991562
1931 -2.6549999999999345
1932 -0.1249999999999156
1933 -2.6999999999999336
1934 -0.07999999999991556
1935 -2.584999999999936
1936 -2.5999999999999357
1937 -2.6549999999999345
1938 -2.6099999999999355
1939 -0.1249999999999156
1940 -2.579999999999936
1941 -0.1249999999999156
1942 -2.6199999999999353
1943 2.3550000000001097
1944 -2.684999999999934
1945 -2.6099999999999355
1946 -0.20499999999991567
1947 -2.534999999999937
1948 -2.594999999999936
1949 -2.669999999999935
1950 -2.579999999999936
1951 -2.6499999999999346
1952 -0.14999999999991562
1953 -2.629999999999935
1954 -0.1299999999999156
1955 -0.16999999999991564
1956 -2.529999999999937
1957 -2.6199999999999353
1958 -2.6049999999999356
1959 -0.08499999999991556
1960 -0.07999999999991556
1961 -2.624999999999935
1962 -2.4799999999999383
1963 -0.1349999999999156
1964 -0.10999999999991558
1965 -2.6049999999999356
1966 -2.679999999999934
1967 -2.674999999999934
1968 -2.5599999999999365
1969 -2.6649999999999343
1970 -0.08999999999991556
1971 -2.624999999999935
1972 -0.15999999999991563
1973 -0.039999999999915554
1974 -2.6049999999999356
1975 -0.07999999999991556
1976 -2.589999999999936
1977 -2.634999999999935
1978 -2.589999999999936
1979 -0.18499999999991565
1980 -0.1399999999999156
1981 -2.579999999999936
1982 -2.6649999999999343
1983 -2.624999999999935
1984 -2.594999999999936
1985 -0.10999999999991558
1986 -2.624999999999935
1987 -2.544999999999937
1988 -0.2399999999999157
1989 -0.06499999999991554
1990 -2.624999999999935
1991 -2.594999999999936
1992 -0.14999999999991562
1993 -0.014999999999915557
1994 -0.08499999999991556
1995 -2.5649999999999364
1996 -2.679999999999934
1997 -2.6649999999999343
1998 -2.6449999999999347
1999 4.414999999999788
5229.860486984253
