0 18.294999999999924
1 28.325000000000006
2 10.774999999999773
3 12.709999999999996
4 22.824999999999775
5 13.264999999999842
6 21.574999999999946
7 12.859999999999726
8 28.759999999999867
9 25.85999999999992
10 28.54500000000006
11 23.119999999999816
12 25.76999999999996
13 18.30499999999995
14 13.39999999999974
15 21.159999999999652
16 13.295000000000103
17 27.779999999999994
18 34.84999999999989
19 13.28499999999966
20 20.80499999999982
21 30.884999999999973
22 19.654999999999905
23 18.279999999999955
24 39.20499999999955
25 31.98499999999968
26 26.189999999999785
27 27.24499999999987
28 8.170000000000059
29 25.19999999999988
30 27.975000000000023
31 33.95999999999967
32 8.295000000000053
33 21.20499999999981
34 28.380000000000006
35 30.249999999999932
36 23.284999999999975
37 28.204999999999885
38 13.264999999999775
39 15.839999999999806
40 18.325000000000042
41 28.29999999999994
42 35.52999999999987
43 18.009999999999952
44 24.724999999999923
45 25.909999999999886
46 20.78500000000006
47 25.735000000000056
48 18.339999999999783
49 28.310000000000063
50 20.700000000000035
51 22.780000000000094
52 20.810000000000063
53 25.854999999999922
54 13.250000000000048
55 17.730000000000008
56 23.294999999999852
57 28.48
58 32.82
59 22.449999999999985
60 30.699999999999935
61 17.809999999999885
62 18.269999999999726
63 23.27999999999997
64 39.39999999999933
65 28.27000000000008
66 20.809999999999842
67 28.194999999999837
68 6.865000000000093
69 15.77499999999993
70 15.894999999999708
71 3.245000000000144
72 20.89999999999998
73 25.829999999999885
74 28.269999999999804
75 38.174999999999585
76 12.545000000000003
77 23.179999999999925
78 19.81999999999993
79 30.259999999999938
80 23.229999999999915
81 13.34999999999974
82 28.33000000000005
83 25.809999999999956
84 23.855000000000032
85 23.049999999999784
86 15.759999999999934
87 27.080000000000116
88 17.299999999999883
89 20.81499999999998
90 8.165000000000079
91 20.68999999999981
92 18.094999999999814
93 34.43499999999998
94 27.81499999999998
95 30.290000000000003
96 32.699999999999804
97 18.26999999999995
98 23.230000000000057
99 25.384999999999867
100 31.44499999999993
101 23.259999999999906
102 18.219999999999914
103 28.27999999999989
104 26.009999999999796
105 37.67999999999949
106 30.304999999999964
107 15.879999999999846
108 17.23999999999994
109 32.67499999999998
110 40.224999999999845
111 23.70500000000008
112 30.50499999999993
113 23.29999999999973
114 28.32499999999988
115 10.59999999999993
116 24.05999999999995
117 40.709999999999724
118 20.039999999999797
119 29.824999999999868
120 23.219999999999935
121 29.39999999999996
122 15.3049999999999
123 38.31999999999969
124 35.69499999999983
125 17.974999999999895
126 33.2249999999999
127 52.64999999999947
128 20.794999999999842
129 23.324999999999925
130 30.905000000000097
131 28.14
132 22.790000000000006
133 33.339999999999996
134 18.244999999999642
135 23.20499999999987
136 18.284999999999773
137 18.314999999999934
138 23.229999999999936
139 25.019999999999936
140 25.360000000000024
141 28.330000000000002
142 31.794999999999973
143 37.679999999999836
144 17.83499999999988
145 36.609999999999665
146 30.67999999999977
147 42.71999999999956
148 10.480000000000038
149 13.219999999999859
150 15.254999999999965
151 30.234999999999864
152 23.264999999999947
153 37.93999999999966
154 22.72499999999991
155 17.674999999999805
156 10.194999999999897
157 20.325000000000042
158 14.019999999999966
159 7.724999999999775
160 18.294999999999796
161 27.784999999999954
162 23.354999999999954
163 23.25999999999991
164 20.785000000000057
165 29.90500000000006
166 30.769999999999932
167 14.37999999999975
168 17.585000000000026
169 38.48999999999972
170 20.814999999999934
171 20.629999999999807
172 5.755000000000143
173 26.99500000000001
174 13.149999999999958
175 23.2200000000001
176 19.769999999999875
177 40.67999999999971
178 12.609999999999737
179 32.790000000000006
180 10.714999999999922
181 8.234999999999712
182 22.089999999999904
183 13.754999999999692
184 25.75499999999983
185 30.759999999999923
186 18.17000000000001
187 10.595000000000043
188 15.664999999999706
189 47.409999999999656
190 18.239999999999903
191 3.1800000000001427
192 24.940000000000076
193 28.58499999999997
194 32.229999999999855
195 14.574999999999793
196 10.559999999999807
197 25.684999999999857
198 20.714999999999954
199 15.079999999999888
200 22.58999999999971
201 5.565000000000014
202 22.659999999999993
203 13.195
204 20.624999999999847
205 30.764999999999898
206 18.24500000000003
207 36.95499999999976
208 10.690000000000015
209 28.374999999999886
210 5.735000000000105
211 10.870000000000031
212 9.924999999999942
213 15.719999999999825
214 20.29499999999999
215 23.264999999999958
216 29.044999999999998
217 15.714999999999714
218 30.64000000000005
219 17.664999999999893
220 23.209999999999873
221 18.22999999999978
222 10.699999999999964
223 17.699999999999942
224 20.6649999999999
225 8.150000000000112
226 20.71999999999971
227 15.134999999999941
228 12.68999999999968
229 20.775000000000016
230 20.764999999999986
231 23.150000000000006
232 20.660000000000018
233 5.720000000000107
234 10.660000000000089
235 19.85499999999981
236 30.739999999999974
237 20.724999999999884
238 15.619999999999804
239 15.59999999999988
240 26.315000000000026
241 15.214999999999657
242 23.269999999999865
243 13.19499999999984
244 15.89999999999993
245 22.329999999999902
246 18.135000000000062
247 32.08499999999996
248 15.629999999999939
249 20.22999999999979
250 28.144999999999904
251 10.789999999999825
252 8.174999999999708
253 -1.7599999999999574
254 37.56999999999972
255 23.150000000000027
256 24.209999999999944
257 34.75499999999988
258 15.72999999999974
259 20.745
260 34.13999999999991
261 15.68999999999988
262 37.17499999999996
263 28.31499999999994
264 23.199999999999903
265 32.434999999999896
266 13.300000000000052
267 5.660000000000128
268 35.604999999999784
269 15.730000000000006
270 35.6949999999998
271 15.714999999999916
272 13.304999999999813
273 38.439999999999806
274 28.184999999999786
275 15.654999999999802
276 12.614999999999641
277 25.669999999999916
278 15.74499999999989
279 12.714999999999863
280 20.749999999999996
281 10.15500000000001
282 32.689999999999884
283 15.574999999999655
284 11.609999999999822
285 28.194999999999748
286 18.25500000000003
287 12.394999999999731
288 15.754999999999878
289 23.30500000000005
290 10.75
291 30.509999999999838
292 8.129999999999916
293 19.889999999999716
294 17.164999999999768
295 18.289999999999807
296 34.67999999999992
297 23.10999999999999
298 20.650000000000002
299 25.705000000000084
300 22.715000000000025
301 28.194999999999897
302 25.6799999999999
303 13.099999999999778
304 10.484999999999944
305 25.70499999999996
306 18.32999999999989
307 22.67499999999994
308 23.6
309 13.129999999999988
310 10.719999999999786
311 30.739999999999984
312 20.854999999999926
313 30.03000000000009
314 23.174999999999923
315 13.314999999999598
316 10.555
317 10.765000000000034
318 32.809999999999896
319 33.33999999999993
320 15.590000000000034
321 29.640000000000015
322 22.600000000000062
323 25.774999999999967
324 13.14999999999982
325 15.82999999999996
326 5.705000000000061
327 33.13499999999986
328 25.12500000000001
329 15.429999999999715
330 20.769999999999982
331 25.81499999999991
332 18.074999999999964
333 28.249999999999943
334 27.43499999999984
335 18.244999999999887
336 5.7200000000001445
337 23.3199999999998
338 15.644999999999843
339 25.16999999999989
340 12.05499999999967
341 9.019999999999976
342 15.734999999999996
343 18.244999999999983
344 8.174999999999907
345 30.804999999999986
346 23.294999999999966
347 10.664999999999988
348 20.68999999999998
349 26.754999999999868
350 17.23999999999977
351 22.83500000000002
352 15.669999999999774
353 18.274999999999697
354 33.90499999999982
355 25.819999999999972
356 20.659999999999915
357 12.584999999999779
358 15.73499999999983
359 16.79499999999962
360 27.979999999999944
361 11.534999999999654
362 23.219999999999864
363 27.769999999999897
364 29.954999999999977
365 25.479999999999933
366 16.684999999999768
367 13.220000000000018
368 25.750000000000092
369 29.544999999999856
370 26.18499999999996
371 25.84000000000001
372 15.7199999999997
373 13.27499999999982
374 22.869999999999916
375 5.645000000000059
376 15.204999999999822
377 10.690000000000083
378 13.0899999999999
379 18.174999999999844
380 18.184999999999768
381 15.64999999999969
382 20.724999999999966
383 9.520000000000051
384 17.699999999999605
385 21.49
386 10.749999999999837
387 22.994999999999855
388 12.094999999999796
389 15.589999999999796
390 15.564999999999824
391 12.999999999999796
392 32.90499999999992
393 13.209999999999923
394 32.95000000000001
395 35.77499999999983
396 15.124999999999735
397 18.125000000000092
398 26.249999999999996
399 18.19499999999995
400 15.654999999999957
401 20.58999999999997
402 33.159999999999805
403 38.19499999999987
404 15.67999999999965
405 28.82999999999986
406 23.35499999999976
407 10.199999999999935
408 10.150000000000015
409 24.549999999999997
410 18.19499999999985
411 32.450000000000024
412 32.20499999999974
413 10.65500000000006
414 20.24999999999981
415 18.19999999999999
416 28.154999999999927
417 24.12999999999982
418 48.38499999999971
419 27.45000000000008
420 23.159999999999886
421 18.17499999999985
422 18.189999999999873
423 13.124999999999684
424 48.159999999999606
425 18.20999999999999
426 25.760000000000016
427 15.824999999999815
428 21.54999999999974
429 20.399999999999757
430 20.724999999999856
431 20.154999999999944
432 20.70999999999993
433 27.594999999999988
434 25.749999999999996
435 18.25000000000005
436 23.14999999999996
437 27.73999999999999
438 5.135000000000136
439 32.51499999999982
440 27.54499999999988
441 25.73999999999986
442 38.18999999999972
443 32.10499999999981
444 10.164999999999631
445 22.584999999999894
446 20.599999999999717
447 23.125000000000043
448 20.834999999999926
449 15.605000000000011
450 12.595000000000047
451 20.669999999999845
452 15.674999999999839
453 30.165000000000013
454 18.589999999999918
455 20.039999999999722
456 25.67499999999994
457 32.759999999999934
458 27.664999999999864
459 25.645000000000007
460 45.734999999999495
461 13.20999999999998
462 18.229999999999944
463 27.579999999999806
464 27.2899999999999
465 47.47999999999945
466 20.080000000000084
467 30.154999999999983
468 20.67499999999994
469 18.11499999999976
470 17.90999999999982
471 10.669999999999689
472 12.70499999999975
473 23.15499999999994
474 10.560000000000041
475 0.6700000000000446
476 25.614999999999895
477 13.325000000000022
478 23.260000000000062
479 10.424999999999887
480 5.405000000000109
481 30.150000000000095
482 13.154999999999722
483 23.149999999999935
484 15.109999999999959
485 38.219999999999764
486 15.814999999999957
487 13.649999999999839
488 10.164999999999742
489 25.76500000000005
490 15.234999999999829
491 18.224999999999888
492 15.66499999999985
493 28.389999999999812
494 20.744999999999905
495 18.139999999999766
496 10.750000000000071
497 30.799999999999955
498 23.34000000000006
499 33.19500000000001
500 15.664999999999889
501 18.354999999999993
502 25.69499999999982
503 7.430000000000152
504 28.115000000000016
505 8.145000000000104
506 15.669999999999881
507 10.079999999999817
508 3.170000000000135
509 18.340000000000067
510 17.74499999999999
511 35.724999999999746
512 18.015
513 5.705000000000113
514 27.694999999999997
515 23.159999999999915
516 23.109999999999893
517 8.294999999999817
518 39.659999999999634
519 33.21499999999998
520 29.01499999999998
521 33.26999999999987
522 15.659999999999984
523 15.669999999999837
524 18.279999999999767
525 20.559999999999807
526 5.725000000000092
527 22.579999999999988
528 10.570000000000055
529 18.62499999999995
530 25.709999999999994
531 25.684999999999953
532 29.664999999999917
533 32.61499999999997
534 23.209999999999965
535 13.12499999999969
536 3.1650000000001226
537 23.24499999999979
538 26.22999999999995
539 13.239999999999972
540 28.5850000000001
541 36.28499999999983
542 20.39999999999986
543 13.080000000000044
544 19.21499999999991
545 32.41999999999992
546 31.854999999999894
547 35.64499999999988
548 17.28500000000012
549 23.18999999999982
550 33.1899999999998
551 33.26999999999996
552 15.774999999999995
553 25.940000000000076
554 5.710000000000145
555 20.640000000000015
556 25.580000000000002
557 8.250000000000075
558 20.749999999999787
559 25.769999999999953
560 10.549999999999997
561 18.399999999999586
562 10.769999999999856
563 8.214999999999982
564 4.3750000000001075
565 25.899999999999924
566 20.655000000000026
567 13.279999999999808
568 19.884999999999838
569 18.139999999999826
570 7.73000000000015
571 13.149999999999721
572 43.22499999999951
573 16.789999999999672
574 12.86999999999956
575 27.744999999999756
576 28.235000000000014
577 17.904999999999955
578 19.87499999999974
579 22.384999999999916
580 20.704999999999902
581 27.025000000000013
582 19.039999999999715
583 18.239999999999906
584 23.265000000000025
585 18.135000000000023
586 15.729999999999903
587 21.439999999999948
588 9.449999999999772
589 25.789999999999896
590 38.8799999999998
591 15.56999999999983
592 28.174999999999955
593 25.22499999999967
594 10.759999999999884
595 13.014999999999688
596 18.19999999999989
597 27.86499999999983
598 8.27500000000005
599 14.334999999999946
600 33.20499999999982
601 25.854999999999958
602 16.65499999999962
603 17.724999999999824
604 24.444999999999936
605 25.88500000000007
606 18.894999999999865
607 8.175000000000106
608 15.479999999999876
609 18.149999999999938
610 23.134999999999877
611 22.444999999999897
612 27.555
613 12.374999999999911
614 27.514999999999972
615 24.864999999999892
616 30.669999999999934
617 20.229999999999922
618 32.35999999999994
619 14.719999999999692
620 20.70999999999977
621 20.784999999999968
622 13.194999999999775
623 27.774999999999768
624 5.305000000000076
625 35.82999999999986
626 5.670000000000129
627 20.829999999999984
628 15.199999999999768
629 20.694999999999915
630 9.934999999999757
631 18.159999999999936
632 27.164999999999907
633 10.769999999999978
634 15.244999999999854
635 23.71500000000005
636 20.68999999999998
637 38.294999999999916
638 10.11999999999988
639 31.574999999999978
640 18.154999999999724
641 37.53999999999947
642 24.8849999999997
643 23.150000000000016
644 23.144999999999843
645 7.569999999999754
646 19.08999999999976
647 20.2749999999999
648 38.24500000000002
649 28.809999999999906
650 13.26499999999997
651 15.679999999999838
652 32.6199999999999
653 13.159999999999792
654 24.529999999999845
655 28.31999999999986
656 22.585000000000015
657 22.11500000000004
658 12.429999999999781
659 31.35499999999999
660 30.784999999999922
661 19.99499999999973
662 18.245000000000015
663 20.81000000000008
664 20.779999999999998
665 20.199999999999896
666 25.704999999999888
667 25.760000000000026
668 22.69500000000004
669 23.249999999999968
670 10.730000000000084
671 19.389999999999933
672 18.244999999999912
673 15.659999999999926
674 11.439999999999902
675 -4.569999999999919
676 28.05500000000005
677 27.789999999999964
678 18.15999999999969
679 23.00499999999992
680 30.645000000000017
681 16.939999999999888
682 10.625000000000108
683 15.634999999999918
684 13.13999999999993
685 17.20500000000005
686 5.535000000000146
687 17.45499999999997
688 15.724999999999891
689 20.824999999999967
690 36.674999999999834
691 20.729999999999833
692 18.124999999999986
693 2.680000000000133
694 13.214999999999977
695 22.694999999999933
696 27.915000000000077
697 36.96999999999974
698 13.079999999999673
699 13.119999999999875
700 33.33999999999998
701 25.154999999999713
702 32.61999999999997
703 20.105000000000043
704 26.99499999999994
705 10.57500000000006
706 23.105
707 0.6200000000000716
708 29.53499999999982
709 23.245000000000037
710 18.279999999999845
711 17.69499999999996
712 2.8950000000000866
713 25.13499999999996
714 15.499999999999869
715 14.88999999999971
716 42.57499999999952
717 23.02999999999983
718 13.14500000000003
719 20.609999999999854
720 20.689999999999724
721 30.115000000000045
722 18.15499999999972
723 10.965000000000082
724 12.154999999999584
725 13.274999999999736
726 13.15999999999999
727 20.719999999999878
728 23.259999999999952
729 25.604999999999958
730 37.569999999999666
731 28.24500000000004
732 28.26500000000001
733 34.66999999999973
734 14.620000000000044
735 18.22999999999995
736 20.779999999999962
737 20.745000000000047
738 25.730000000000025
739 30.09999999999992
740 29.320000000000046
741 28.269999999999925
742 7.129999999999884
743 15.640000000000061
744 23.16499999999991
745 12.979999999999666
746 15.814999999999793
747 35.794999999999916
748 8.140000000000036
749 5.1950000000001415
750 10.794999999999861
751 35.70499999999985
752 10.595000000000024
753 12.549999999999631
754 15.649999999999887
755 22.72499999999994
756 23.22500000000003
757 3.265000000000125
758 13.2649999999996
759 10.635000000000002
760 20.67499999999981
761 18.11999999999981
762 30.804999999999882
763 40.75499999999961
764 18.22499999999992
765 12.609999999999731
766 18.21499999999998
767 15.704999999999904
768 27.935000000000006
769 25.48499999999996
770 2.690000000000155
771 20.15999999999984
772 18.254999999999676
773 23.234999999999975
774 27.775000000000077
775 15.659999999999762
776 35.94499999999993
777 18.239999999999956
778 15.594999999999743
779 17.57500000000002
780 22.59499999999989
781 30.564999999999912
782 20.724999999999785
783 24.444999999999762
784 20.64999999999979
785 17.59999999999991
786 18.224999999999902
787 40.754999999999775
788 15.754999999999797
789 15.674999999999864
790 20.634999999999792
791 13.12999999999969
792 15.649999999999833
793 20.729999999999922
794 18.23500000000001
795 14.069999999999713
796 13.20499999999987
797 34.95000000000002
798 3.230000000000061
799 15.664999999999852
800 21.50499999999992
801 15.774999999999872
802 18.014999999999777
803 12.704999999999732
804 23.165000000000006
805 28.169999999999998
806 26.074999999999992
807 13.039999999999674
808 13.149999999999885
809 30.67999999999992
810 10.5399999999999
811 27.469999999999843
812 15.689999999999834
813 26.574999999999907
814 13.184999999999892
815 5.670000000000144
816 12.934999999999807
817 28.414999999999964
818 33.83499999999968
819 23.20999999999995
820 17.530000000000037
821 10.580000000000037
822 27.00500000000004
823 16.760000000000076
824 15.084999999999727
825 23.199999999999985
826 20.264999999999954
827 18.144999999999754
828 32.5649999999999
829 19.96499999999992
830 33.279999999999866
831 23.23
832 28.47999999999997
833 0.615000000000078
834 18.184999999999935
835 18.164999999999782
836 15.714999999999836
837 23.209999999999727
838 38.36499999999982
839 10.68499999999992
840 20.61999999999976
841 19.124999999999925
842 31.784999999999858
843 22.71999999999995
844 23.115000000000006
845 11.189999999999557
846 18.119999999999944
847 23.85499999999986
848 5.665000000000146
849 28.199999999999932
850 20.684999999999686
851 13.184999999999816
852 18.209999999999745
853 28.099999999999934
854 10.734999999999886
855 15.694999999999672
856 27.699999999999935
857 26.8449999999999
858 5.594999999999958
859 18.134999999999867
860 13.149999999999748
861 0.025000000000035966
862 20.72499999999992
863 10.694999999999919
864 10.709999999999788
865 23.10999999999976
866 20.709999999999873
867 0.6050000000000538
868 22.549999999999848
869 8.120000000000044
870 35.444999999999816
871 32.849999999999746
872 15.299999999999866
873 15.640000000000095
874 23.310000000000002
875 25.74000000000003
876 33.20499999999992
877 12.714999999999707
878 37.97999999999978
879 5.6750000000001455
880 10.064999999999852
881 23.214999999999847
882 23.12999999999993
883 25.235000000000035
884 20.184999999999928
885 15.714999999999936
886 13.244999999999761
887 13.12499999999993
888 25.744999999999813
889 15.659999999999881
890 8.015000000000114
891 35.77499999999975
892 12.109999999999546
893 13.149999999999817
894 20.299999999999926
895 20.690000000000033
896 29.62000000000002
897 32.72499999999998
898 17.58499999999975
899 14.644999999999829
900 13.20999999999969
901 19.72499999999993
902 25.160000000000004
903 2.6050000000001146
904 15.619999999999743
905 25.455000000000023
906 25.62999999999986
907 30.445000000000032
908 13.144999999999994
909 19.600000000000005
910 18.139999999999795
911 13.139999999999675
912 4.795000000000032
913 28.24499999999986
914 18.074999999999854
915 18.224999999999998
916 18.179999999999694
917 15.539999999999692
918 20.44499999999984
919 18.13000000000006
920 24.409999999999837
921 25.714999999999858
922 28.2249999999999
923 10.69499999999979
924 15.709999999999674
925 20.144999999999673
926 19.4949999999999
927 13.179999999999884
928 25.114999999999974
929 23.209999999999976
930 15.714999999999849
931 30.774999999999963
932 33.3499999999998
933 17.980000000000004
934 5.690000000000086
935 24.490000000000073
936 10.630000000000013
937 20.40500000000001
938 15.204999999999808
939 10.589999999999986
940 35.589999999999925
941 5.680000000000135
942 25.764999999999922
943 29.575000000000042
944 28.2599999999999
945 25.54999999999986
946 18.24499999999986
947 13.154999999999854
948 20.62999999999997
949 13.229999999999889
950 20.174999999999912
951 28.105000000000043
952 20.589999999999826
953 9.075000000000095
954 12.149999999999839
955 10.600000000000055
956 30.559999999999963
957 10.649999999999968
958 27.59500000000002
959 20.64
960 20.664999999999978
961 18.119999999999884
962 17.12999999999997
963 23.125000000000053
964 26.605000000000043
965 35.78000000000001
966 5.160000000000099
967 18.169999999999824
968 10.649999999999952
969 20.724999999999987
970 13.844999999999958
971 20.58999999999994
972 15.674999999999859
973 18.64999999999976
974 13.119999999999688
975 20.594999999999832
976 26.72499999999995
977 17.01499999999986
978 3.14000000000008
979 9.744999999999951
980 12.569999999999963
981 3.1500000000001087
982 13.994999999999687
983 11.70499999999993
984 23.229999999999794
985 16.80499999999974
986 20.794999999999956
987 25.950000000000056
988 24.975000000000055
989 10.740000000000078
990 10.810000000000086
991 23.169999999999867
992 13.225000000000001
993 28.245000000000008
994 20.67499999999981
995 28.20999999999992
996 28.539999999999768
997 15.63999999999995
998 35.44499999999996
999 13.074999999999914
1000 8.065000000000007
1001 15.640000000000041
1002 10.214999999999893
1003 10.659999999999897
1004 13.359999999999717
1005 10.624999999999963
1006 20.834999999999916
1007 17.685000000000066
1008 10.36499999999976
1009 23.20999999999993
1010 24.349999999999643
1011 20.639999999999798
1012 20.77499999999998
1013 20.774999999999842
1014 8.119999999999955
1015 28.20500000000001
1016 15.09999999999986
1017 25.52500000000004
1018 24.934999999999786
1019 21.894999999999968
1020 23.80999999999989
1021 18.214999999999996
1022 15.664999999999807
1023 28.254999999999903
1024 15.53499999999983
1025 18.109999999999864
1026 33.26499999999996
1027 30.14499999999999
1028 23.120000000000026
1029 25.789999999999967
1030 15.700000000000045
1031 12.36500000000002
1032 15.559999999999963
1033 27.25500000000007
1034 20.749999999999968
1035 27.659999999999933
1036 27.610000000000007
1037 10.634999999999934
1038 10.029999999999944
1039 25.680000000000042
1040 20.099999999999692
1041 10.104999999999833
1042 31.394999999999907
1043 14.559999999999585
1044 14.519999999999984
1045 9.99000000000012
1046 26.489999999999785
1047 15.669999999999927
1048 22.390000000000025
1049 20.694999999999947
1050 12.584999999999782
1051 20.080000000000027
1052 39.57999999999956
1053 22.90000000000004
1054 30.58999999999987
1055 24.579999999999984
1056 18.124999999999677
1057 13.23499999999995
1058 18.195000000000014
1059 23.16499999999998
1060 10.594999999999956
1061 -1.8549999999999198
1062 38.26499999999978
1063 27.109999999999896
1064 3.170000000000109
1065 22.579999999999888
1066 19.129999999999814
1067 20.644999999999865
1068 28.97999999999998
1069 21.819999999999826
1070 30.765000000000075
1071 24.549999999999983
1072 16.274999999999977
1073 26.37499999999999
1074 5.735000000000134
1075 20.599999999999905
1076 23.269999999999868
1077 24.734999999999943
1078 13.134999999999698
1079 28.10499999999996
1080 25.859999999999957
1081 15.674999999999882
1082 20.649999999999757
1083 18.264999999999915
1084 31.224999999999923
1085 3.2450000000001387
1086 22.400000000000034
1087 13.06000000000001
1088 7.900000000000011
1089 15.65499999999974
1090 18.17500000000003
1091 41.10499999999965
1092 12.085000000000042
1093 16.919999999999575
1094 32.93499999999987
1095 10.674999999999972
1096 23.23000000000002
1097 33.00999999999994
1098 15.784999999999851
1099 33.37499999999981
1100 13.254999999999855
1101 13.144999999999758
1102 20.750000000000078
1103 40.71999999999953
1104 29.29999999999984
1105 20.705
1106 23.174999999999994
1107 30.660000000000018
1108 10.710000000000088
1109 23.179999999999957
1110 17.04999999999996
1111 8.094999999999898
1112 8.189999999999849
1113 30.70999999999982
1114 27.66499999999995
1115 25.65500000000002
1116 23.29999999999999
1117 28.139999999999933
1118 16.784999999999965
1119 13.214999999999726
1120 18.189999999999873
1121 15.509999999999781
1122 34.60999999999991
1123 30.6949999999998
1124 27.705000000000044
1125 22.714999999999918
1126 13.094999999999656
1127 17.094999999999924
1128 22.12499999999999
1129 8.215000000000112
1130 13.789999999999612
1131 5.750000000000133
1132 23.124999999999936
1133 19.889999999999986
1134 20.019999999999943
1135 15.31999999999972
1136 11.619999999999925
1137 37.62999999999972
1138 5.500000000000112
1139 10.644999999999843
1140 39.80499999999974
1141 17.994999999999866
1142 15.734999999999832
1143 28.764999999999876
1144 25.740000000000112
1145 18.15999999999993
1146 20.144999999999946
1147 30.184999999999995
1148 20.77000000000011
1149 19.164999999999925
1150 30.699999999999967
1151 32.414999999999935
1152 32.72499999999984
1153 10.624999999999957
1154 19.31999999999994
1155 30.749999999999922
1156 12.534999999999847
1157 8.8650000000001
1158 22.67499999999992
1159 22.985000000000074
1160 20.54000000000002
1161 25.75000000000004
1162 20.059999999999945
1163 28.270000000000003
1164 32.314999999999685
1165 10.169999999999954
1166 18.20499999999987
1167 28.08999999999979
1168 15.634999999999772
1169 15.709999999999788
1170 19.32999999999986
1171 13.004999999999702
1172 13.000000000000053
1173 5.7050000000001395
1174 41.2599999999995
1175 15.694999999999716
1176 13.13999999999996
1177 35.77000000000001
1178 19.579999999999828
1179 25.024999999999963
1180 15.044999999999582
1181 20.689999999999984
1182 5.660000000000062
1183 15.739999999999773
1184 39.36499999999972
1185 18.15499999999989
1186 15.609999999999847
1187 25.81499999999993
1188 20.11499999999977
1189 18.19999999999984
1190 10.914999999999639
1191 33.25000000000004
1192 10.730000000000013
1193 11.489999999999764
1194 14.609999999999948
1195 31.42499999999987
1196 17.999999999999886
1197 20.63999999999992
1198 27.239999999999927
1199 13.255000000000052
1200 28.454999999999867
1201 10.219999999999965
1202 25.375000000000043
1203 17.30999999999992
1204 20.614999999999995
1205 9.834999999999878
1206 18.169999999999956
1207 12.37499999999993
1208 28.060000000000002
1209 15.619999999999619
1210 21.97499999999961
1211 15.724999999999737
1212 7.660000000000146
1213 20.674999999999862
1214 15.51499999999964
1215 25.604999999999965
1216 10.575000000000008
1217 31.464999999999943
1218 28.155000000000022
1219 13.244999999999981
1220 -1.8349999999999596
1221 32.749999999999886
1222 19.09499999999975
1223 12.999999999999817
1224 21.214999999999915
1225 15.614999999999778
1226 28.189999999999937
1227 25.519999999999893
1228 33.27499999999987
1229 10.685000000000057
1230 10.61999999999971
1231 33.205
1232 17.100000000000012
1233 13.629999999999638
1234 25.67999999999995
1235 22.069999999999894
1236 25.73499999999988
1237 23.02999999999993
1238 18.169999999999856
1239 8.149999999999736
1240 32.14499999999992
1241 18.21999999999971
1242 13.129999999999782
1243 28.589999999999982
1244 27.640000000000025
1245 23.309999999999995
1246 30.13999999999999
1247 15.70999999999993
1248 16.050000000000082
1249 17.764999999999887
1250 19.029999999999855
1251 17.484999999999918
1252 23.205000000000055
1253 20.739999999999974
1254 18.169999999999824
1255 15.704999999999908
1256 15.020000000000026
1257 20.729999999999922
1258 12.64499999999997
1259 18.294999999999927
1260 38.239999999999704
1261 22.385000000000034
1262 13.144999999999884
1263 28.799999999999873
1264 35.94500000000001
1265 2.0450000000000945
1266 10.599999999999786
1267 8.265000000000054
1268 25.219999999999743
1269 28.76499999999997
1270 23.164999999999917
1271 20.684999999999935
1272 20.764999999999983
1273 15.734999999999982
1274 19.469999999999846
1275 15.92999999999998
1276 33.36499999999988
1277 20.80999999999992
1278 15.699999999999914
1279 27.17499999999989
1280 25.649999999999977
1281 25.64999999999986
1282 17.379999999999704
1283 22.20999999999989
1284 18.23999999999972
1285 35.83499999999966
1286 15.104999999999796
1287 23.16499999999998
1288 12.6499999999996
1289 25.22500000000006
1290 24.120000000000047
1291 20.234999999999985
1292 13.119999999999804
1293 17.490000000000027
1294 35.23999999999978
1295 30.824999999999854
1296 10.73499999999966
1297 12.56999999999998
1298 17.959999999999752
1299 25.68499999999999
1300 19.304999999999993
1301 15.759999999999996
1302 5.664999999999898
1303 14.954999999999973
1304 20.74
1305 13.104999999999755
1306 20.089999999999794
1307 8.259999999999932
1308 7.705000000000127
1309 13.084999999999768
1310 20.614999999999746
1311 25.739999999999785
1312 3.1550000000000784
1313 17.46999999999977
1314 18.22999999999986
1315 28.275000000000023
1316 28.305000000000017
1317 30.705000000000098
1318 15.654999999999683
1319 17.614999999999863
1320 28.19999999999999
1321 38.35999999999993
1322 20.03999999999991
1323 35.57999999999983
1324 4.49000000000012
1325 18.114999999999988
1326 8.185000000000029
1327 15.609999999999916
1328 13.215000000000016
1329 24.65999999999979
1330 21.299999999999933
1331 22.755000000000102
1332 18.31499999999998
1333 10.229999999999956
1334 28.29499999999985
1335 24.469999999999985
1336 20.674999999999766
1337 15.604999999999835
1338 15.869999999999905
1339 20.76499999999987
1340 12.304999999999797
1341 27.749999999999954
1342 16.894999999999953
1343 22.71499999999992
1344 23.25000000000006
1345 10.90999999999991
1346 15.604999999999787
1347 10.544999999999986
1348 20.82999999999989
1349 15.69999999999984
1350 20.829999999999814
1351 30.739999999999927
1352 20.11999999999985
1353 24.564999999999714
1354 35.779999999999454
1355 20.649999999999924
1356 20.51499999999991
1357 18.26
1358 20.759999999999945
1359 18.15499999999994
1360 25.10999999999996
1361 15.079999999999986
1362 30.225000000000026
1363 25.714999999999925
1364 11.460000000000136
1365 25.69999999999999
1366 23.24499999999983
1367 22.91499999999993
1368 28.069999999999848
1369 43.71499999999901
1370 36.82999999999981
1371 25.34499999999982
1372 5.635000000000139
1373 33.24999999999993
1374 13.109999999999813
1375 18.250000000000036
1376 36.655
1377 23.069999999999837
1378 13.594999999999835
1379 34.10499999999968
1380 27.390000000000047
1381 18.550000000000022
1382 13.234999999999847
1383 10.184999999999823
1384 30.150000000000077
1385 20.739999999999913
1386 4.605000000000084
1387 20.650000000000066
1388 39.31999999999964
1389 3.200000000000089
1390 26.42499999999981
1391 26.095000000000002
1392 19.40999999999976
1393 25.62499999999985
1394 23.139999999999908
1395 20.539999999999974
1396 17.63999999999965
1397 15.754999999999766
1398 28.494999999999983
1399 20.079999999999874
1400 20.804999999999875
1401 15.169999999999733
1402 23.029999999999912
1403 23.275000000000023
1404 20.639999999999738
1405 15.669999999999902
1406 15.594999999999837
1407 15.74999999999973
1408 8.11500000000008
1409 28.204999999999927
1410 23.21499999999991
1411 13.239999999999867
1412 34.84999999999983
1413 24.174999999999926
1414 10.045000000000048
1415 15.204999999999991
1416 13.23499999999999
1417 20.350000000000044
1418 17.66
1419 15.645000000000032
1420 20.22999999999986
1421 25.62
1422 23.234999999999836
1423 15.039999999999692
1424 14.929999999999806
1425 25.669999999999984
1426 20.760000000000034
1427 25.665
1428 23.10999999999983
1429 9.919999999999982
1430 11.420000000000105
1431 2.730000000000116
1432 5.61000000000013
1433 27.480000000000082
1434 18.12999999999966
1435 29.559999999999867
1436 23.07499999999999
1437 7.589999999999919
1438 15.67999999999987
1439 21.64499999999975
1440 10.714999999999735
1441 18.240000000000087
1442 28.19499999999996
1443 20.210000000000072
1444 23.32999999999986
1445 23.254999999999875
1446 18.21499999999996
1447 3.1150000000001237
1448 20.61000000000001
1449 15.089999999999915
1450 21.90999999999991
1451 16.544999999999977
1452 19.40999999999978
1453 22.67500000000006
1454 10.490000000000043
1455 18.10999999999995
1456 10.6249999999998
1457 25.774999999999984
1458 18.209999999999763
1459 16.720000000000024
1460 17.51499999999996
1461 33.96999999999982
1462 14.524999999999888
1463 20.640000000000004
1464 15.714999999999694
1465 13.169999999999792
1466 8.12999999999997
1467 13.089999999999916
1468 14.984999999999713
1469 20.549999999999912
1470 23.240000000000002
1471 28.20500000000005
1472 15.659999999999913
1473 11.67999999999991
1474 18.06499999999985
1475 25.744999999999965
1476 19.534999999999773
1477 28.165000000000067
1478 18.134999999999994
1479 10.679999999999902
1480 16.564999999999912
1481 20.64999999999999
1482 10.834999999999727
1483 18.09999999999986
1484 17.42999999999987
1485 32.67999999999978
1486 20.56499999999986
1487 34.349999999999824
1488 8.149999999999817
1489 10.054999999999692
1490 23.139999999999894
1491 25.229999999999926
1492 13.180000000000062
1493 30.810000000000105
1494 28.30999999999989
1495 30.179999999999975
1496 20.709999999999948
1497 9.31499999999987
1498 28.15999999999998
1499 18.239999999999945
1500 24.65499999999999
1501 13.214999999999758
1502 13.254999999999688
1503 32.69999999999994
1504 18.21499999999988
1505 8.054999999999886
1506 10.210000000000088
1507 28.18000000000001
1508 18.25499999999991
1509 20.694999999999705
1510 18.084999999999894
1511 35.74999999999972
1512 29.339999999999968
1513 5.755000000000106
1514 33.16999999999996
1515 25.909999999999926
1516 21.464999999999783
1517 16.829999999999792
1518 23.284999999999744
1519 -1.9049999999999245
1520 15.73499999999989
1521 20.689999999999998
1522 19.924999999999958
1523 29.959999999999955
1524 20.77999999999989
1525 4.345000000000156
1526 35.19999999999996
1527 30.819999999999947
1528 13.169999999999828
1529 14.304999999999705
1530 13.134999999999838
1531 20.75999999999976
1532 23.229999999999965
1533 41.364999999999796
1534 15.629999999999633
1535 15.41999999999991
1536 18.045000000000048
1537 13.259999999999634
1538 30.79500000000002
1539 15.629999999999615
1540 27.67000000000003
1541 15.664999999999846
1542 15.504999999999812
1543 15.66499999999988
1544 43.31999999999983
1545 23.189999999999987
1546 13.214999999999748
1547 27.71499999999991
1548 30.780000000000054
1549 35.65999999999986
1550 15.219999999999663
1551 17.69499999999996
1552 18.37499999999999
1553 10.574999999999768
1554 10.759999999999902
1555 14.939999999999683
1556 20.63499999999985
1557 17.474999999999945
1558 25.199999999999815
1559 15.60499999999993
1560 14.600000000000016
1561 34.01999999999994
1562 30.624999999999964
1563 25.17499999999985
1564 26.109999999999957
1565 15.219999999999914
1566 15.699999999999958
1567 18.22999999999986
1568 15.064999999999761
1569 23.294999999999874
1570 27.74000000000001
1571 2.535000000000135
1572 21.909999999999897
1573 13.599999999999536
1574 23.755000000000035
1575 20.574999999999797
1576 15.099999999999655
1577 17.729999999999876
1578 26.03999999999998
1579 28.125000000000036
1580 22.799999999999965
1581 19.934999999999917
1582 20.719999999999825
1583 17.664999999999814
1584 18.184999999999853
1585 23.184999999999995
1586 25.70499999999987
1587 13.169999999999915
1588 27.949999999999967
1589 30.550000000000065
1590 9.01500000000015
1591 27.715000000000018
1592 23.21999999999997
1593 21.6649999999998
1594 24.149999999999913
1595 27.684999999999846
1596 12.529999999999697
1597 23.124999999999996
1598 15.579999999999833
1599 23.234999999999932
1600 23.199999999999978
1601 14.674999999999752
1602 35.71499999999988
1603 12.739999999999696
1604 20.674999999999894
1605 15.824999999999934
1606 10.854999999999826
1607 23.28999999999987
1608 45.64499999999963
1609 33.29999999999994
1610 35.75000000000001
1611 23.514999999999855
1612 7.909999999999942
1613 23.30999999999986
1614 7.025000000000164
1615 27.235000000000063
1616 10.68499999999998
1617 8.144999999999982
1618 13.150000000000084
1619 7.635000000000096
1620 18.149999999999896
1621 5.690000000000116
1622 12.824999999999818
1623 13.084999999999674
1624 15.5849999999998
1625 30.33000000000005
1626 8.135000000000026
1627 35.69999999999986
1628 16.044999999999938
1629 3.1700000000000457
1630 33.28999999999983
1631 7.920000000000036
1632 -0.3599999999998782
1633 17.160000000000096
1634 16.999999999999602
1635 20.639999999999873
1636 15.629999999999622
1637 18.13999999999997
1638 30.649999999999913
1639 10.63000000000005
1640 25.81999999999992
1641 15.644999999999602
1642 10.584999999999914
1643 13.084999999999987
1644 21.71999999999985
1645 29.714999999999836
1646 21.854999999999922
1647 35.104999999999926
1648 13.264999999999922
1649 20.704999999999828
1650 14.784999999999803
1651 16.934999999999967
1652 42.53499999999968
1653 23.080000000000098
1654 36.17499999999972
1655 25.81499999999995
1656 15.719999999999839
1657 24.98499999999976
1658 48.889999999999354
1659 23.284999999999965
1660 20.704999999999977
1661 17.714999999999886
1662 20.684999999999924
1663 23.13999999999985
1664 22.614999999999938
1665 15.759999999999799
1666 17.39499999999986
1667 8.134999999999984
1668 13.209999999999786
1669 23.22000000000004
1670 15.714999999999677
1671 32.62999999999996
1672 15.694999999999741
1673 19.695000000000014
1674 10.750000000000082
1675 27.875000000000025
1676 27.50499999999996
1677 22.48499999999979
1678 13.14999999999999
1679 13.164999999999662
1680 23.165000000000028
1681 27.864999999999934
1682 15.684999999999679
1683 4.655000000000167
1684 17.545000000000005
1685 18.02500000000002
1686 3.910000000000169
1687 15.609999999999664
1688 33.15999999999984
1689 8.134999999999858
1690 21.14499999999994
1691 18.144999999999815
1692 13.139999999999956
1693 14.57000000000011
1694 20.73499999999985
1695 15.78500000000002
1696 24.994999999999752
1697 29.23500000000005
1698 25.619999999999933
1699 13.119999999999852
1700 10.114999999999897
1701 43.27499999999965
1702 25.309999999999967
1703 17.584999999999933
1704 33.63499999999982
1705 18.324999999999985
1706 15.625000000000043
1707 25.79499999999985
1708 10.779999999999754
1709 25.63500000000003
1710 8.130000000000134
1711 5.56500000000012
1712 13.234999999999946
1713 20.70999999999997
1714 15.704999999999805
1715 12.2549999999998
1716 23.15499999999991
1717 28.554999999999925
1718 23.265000000000043
1719 23.01999999999993
1720 38.30999999999955
1721 10.714999999999685
1722 22.970000000000027
1723 32.67999999999987
1724 7.880000000000128
1725 33.175000000000004
1726 38.909999999999926
1727 25.759999999999934
1728 24.59500000000009
1729 26.50499999999994
1730 23.164999999999907
1731 12.584999999999932
1732 13.134999999999742
1733 15.129999999999859
1734 35.71999999999982
1735 30.78999999999999
1736 10.679999999999813
1737 18.119999999999976
1738 27.1649999999999
1739 13.13499999999989
1740 20.199999999999932
1741 30.125000000000036
1742 9.774999999999846
1743 28.149999999999913
1744 11.824999999999463
1745 37.054999999999616
1746 18.164999999999964
1747 10.65499999999995
1748 27.724999999999852
1749 5.610000000000094
1750 19.53499999999993
1751 18.15499999999992
1752 17.494999999999806
1753 28.219999999999995
1754 54.024999999999594
1755 31.60999999999994
1756 15.634999999999993
1757 12.244999999999663
1758 29.99499999999987
1759 40.88499999999963
1760 17.58499999999976
1761 15.66999999999997
1762 18.14499999999987
1763 8.150000000000004
1764 10.655000000000046
1765 20.65499999999977
1766 47.129999999999406
1767 15.689999999999733
1768 12.659999999999963
1769 26.764999999999763
1770 12.699999999999697
1771 18.330000000000037
1772 38.30999999999986
1773 18.174999999999827
1774 23.264999999999898
1775 20.694999999999883
1776 49.19999999999931
1777 22.90999999999989
1778 21.329999999999902
1779 8.244999999999854
1780 25.83499999999994
1781 27.124999999999865
1782 18.20999999999987
1783 35.169999999999824
1784 8.095000000000125
1785 20.48499999999992
1786 13.11999999999999
1787 8.165000000000076
1788 6.615000000000167
1789 20.60499999999975
1790 20.629999999999974
1791 17.069999999999833
1792 15.69500000000002
1793 13.194999999999936
1794 10.649999999999704
1795 30.799999999999947
1796 35.999999999999716
1797 35.194999999999794
1798 17.214999999999833
1799 9.689999999999639
1800 25.51499999999989
1801 17.170000000000037
1802 15.754999999999885
1803 15.264999999999816
1804 24.629999999999974
1805 22.759999999999877
1806 20.504999999999765
1807 8.125000000000018
1808 13.21999999999994
1809 10.574999999999951
1810 17.12499999999984
1811 18.149999999999647
1812 17.324999999999964
1813 16.929999999999936
1814 32.89999999999988
1815 21.054999999999875
1816 6.71000000000009
1817 30.70499999999979
1818 26.76499999999985
1819 13.710000000000136
1820 27.579999999999902
1821 12.994999999999958
1822 5.6250000000001235
1823 18.295000000000016
1824 15.604999999999924
1825 8.25500000000004
1826 27.349999999999813
1827 22.664999999999957
1828 24.610000000000007
1829 15.609999999999697
1830 13.18499999999988
1831 26.920000000000034
1832 8.259999999999817
1833 18.08999999999982
1834 22.15999999999994
1835 12.574999999999724
1836 22.934999999999864
1837 13.129999999999766
1838 20.535000000000043
1839 25.78499999999974
1840 27.069999999999805
1841 20.649999999999785
1842 13.154999999999909
1843 15.139999999999914
1844 22.250000000000025
1845 12.834999999999754
1846 25.159999999999997
1847 23.274999999999956
1848 10.239999999999858
1849 40.8049999999996
1850 30.815000000000076
1851 20.194999999999904
1852 7.905000000000148
1853 26.55000000000003
1854 19.234999999999612
1855 17.149999999999714
1856 5.755000000000121
1857 35.854999999999954
1858 15.829999999999803
1859 10.814999999999683
1860 11.235000000000118
1861 15.199999999999651
1862 35.69499999999998
1863 15.665000000000036
1864 11.604999999999878
1865 17.694999999999595
1866 8.104999999999727
1867 17.765000000000008
1868 10.709999999999965
1869 20.77999999999985
1870 29.364999999999895
1871 8.229999999999759
1872 23.114999999999913
1873 18.274999999999974
1874 18.229999999999958
1875 21.699999999999992
1876 25.835000000000015
1877 10.624999999999991
1878 10.634999999999906
1879 28.304999999999875
1880 25.724999999999902
1881 15.194999999999913
1882 5.600000000000144
1883 20.644999999999815
1884 38.354999999999606
1885 15.534999999999883
1886 25.71499999999991
1887 22.619999999999816
1888 20.739999999999934
1889 5.540000000000144
1890 8.279999999999717
1891 15.61999999999992
1892 33.94499999999963
1893 17.654999999999912
1894 18.184999999999913
1895 16.179999999999744
1896 28.979999999999933
1897 15.664999999999877
1898 5.6850000000001355
1899 5.620000000000138
1900 30.185
1901 38.16499999999978
1902 13.199999999999989
1903 10.539999999999832
1904 20.664999999999765
1905 17.809999999999768
1906 20.654999999999887
1907 23.129999999999757
1908 10.799999999999645
1909 10.859999999999642
1910 31.33
1911 32.729999999999905
1912 35.734999999999836
1913 23.460000000000107
1914 16.359999999999726
1915 7.675000000000103
1916 6.835000000000134
1917 13.034999999999906
1918 17.939999999999685
1919 37.68999999999992
1920 8.174999999999839
1921 18.199999999999964
1922 30.71999999999997
1923 10.555000000000026
1924 24.28499999999979
1925 31.309999999999864
1926 15.66499999999966
1927 17.56499999999975
1928 25.72499999999994
1929 25.69000000000004
1930 30.800000000000058
1931 5.620000000000112
1932 28.085000000000026
1933 23.164999999999885
1934 13.23999999999986
1935 20.35
1936 33.029999999999944
1937 20.139999999999866
1938 13.154999999999848
1939 17.65999999999976
1940 35.82999999999983
1941 9.684999999999775
1942 30.67999999999988
1943 2.965000000000108
1944 2.365000000000058
1945 13.209999999999749
1946 13.154999999999813
1947 20.614999999999768
1948 13.4899999999999
1949 18.089999999999893
1950 31.670000000000044
1951 11.799999999999905
1952 23.15999999999993
1953 17.494999999999997
1954 28.675000000000026
1955 30.63499999999994
1956 17.100000000000023
1957 13.224999999999659
1958 25.119999999999965
1959 15.68499999999982
1960 27.994999999999905
1961 5.3550000000001425
1962 15.599999999999852
1963 15.6699999999999
1964 22.55999999999991
1965 25.69999999999992
1966 26.554999999999776
1967 20.354999999999816
1968 23.249999999999964
1969 20.779999999999895
1970 26.144999999999882
1971 15.199999999999665
1972 24.644999999999982
1973 34.21499999999979
1974 13.109999999999703
1975 34.999999999999815
1976 30.274999999999995
1977 29.7
1978 28.164999999999942
1979 5.550000000000143
1980 23.154999999999934
1981 28.374999999999996
1982 24.93500000000003
1983 5.725000000000132
1984 22.699999999999992
1985 7.099999999999869
1986 20.739999999999764
1987 20.119999999999905
1988 22.20999999999995
1989 8.235000000000001
1990 42.339999999999705
1991 15.085000000000015
1992 10.640000000000018
1993 3.1250000000000995
1994 0.6600000000001267
1995 20.76499999999987
1996 28.279999999999955
1997 18.169999999999796
1998 18.109999999999836
1999 40.27999999999962
5030.652512550354
