0 -2.66
1 -7.77
2 -7.84
3 -5.11
4 -5.05
5 -7.73
6 -7.56
7 -7.63
8 -7.59
9 -7.73
10 -7.79
11 -7.69
12 -7.74
13 -5.25
14 -7.71
15 -7.66
16 -7.65
17 -7.60
18 -7.71
19 -5.25
20 -7.64
21 -7.77
22 -7.68
23 -7.56
24 -7.64
25 -7.70
26 -7.63
27 -7.74
28 -7.73
29 -7.64
30 -7.75
31 -7.72
32 -5.11
33 -7.60
34 -7.72
35 -7.60
36 -7.66
37 -7.72
38 -7.81
39 -7.67
40 -7.64
41 -7.49
42 -7.64
43 -7.68
44 -7.59
45 -7.68
46 -7.71
47 -7.63
48 -5.09
49 -7.71
50 -7.68
51 -7.75
52 -7.61
53 -5.20
54 -5.10
55 -7.70
56 -7.66
57 -7.68
58 -7.66
59 -7.83
60 -7.80
61 -7.76
62 -7.72
63 -5.07
64 -7.79
65 -7.76
66 -7.50
67 -7.77
68 -5.06
69 -7.47
70 -5.21
71 -5.18
72 -7.61
73 -7.80
74 -7.62
75 -7.64
76 -5.18
77 -7.57
78 -7.54
79 -7.76
80 -7.59
81 -7.71
82 -5.04
83 -7.66
84 -7.61
85 -7.74
86 -5.04
87 -7.57
88 -7.65
89 -7.79
90 -7.68
91 -7.69
92 -5.17
93 -7.56
94 -7.55
95 -7.68
96 -5.30
97 -7.61
98 -7.74
99 -7.66
100 -7.81
101 -7.80
102 -5.03
103 -7.72
104 -4.96
105 -2.62
106 -5.06
107 -7.76
108 -7.68
109 -7.57
110 -5.04
111 -7.62
112 -7.60
113 -7.62
114 -7.76
115 -7.58
116 -7.67
117 -5.10
118 -7.58
119 -7.65
120 -7.55
121 -7.78
122 -7.65
123 -7.62
124 -7.62
125 -5.12
126 -7.79
127 -5.09
128 -5.11
129 -7.59
130 -5.18
131 -5.08
132 -7.69
133 -7.70
134 -2.68
135 -2.77
136 -5.18
137 -7.68
138 -7.76
139 -7.75
140 -5.16
141 -7.60
142 -7.74
143 -7.75
144 -2.67
145 -2.75
146 -7.72
147 -7.82
148 -2.57
149 -7.71
150 -7.71
151 -7.64
152 -5.08
153 -5.17
154 -5.14
155 -7.60
156 -7.69
157 -7.70
158 -7.61
159 -7.77
160 -7.61
161 -7.73
162 -7.68
163 -7.63
164 -5.30
165 -5.12
166 -7.73
167 -7.52
168 -5.17
169 -7.55
170 -7.73
171 -7.70
172 -7.69
173 -7.65
174 -7.58
175 -5.13
176 -7.70
177 -7.72
178 -7.48
179 -7.75
180 -7.60
181 -5.09
182 -5.06
183 -7.55
184 -7.59
185 -7.52
186 -7.76
187 -7.80
188 -7.71
189 -2.68
190 -2.73
191 -7.57
192 -5.08
193 -5.16
194 -5.08
195 -7.67
196 -7.57
197 -7.59
198 -7.74
199 -7.58
200 -7.66
201 -7.66
202 -7.63
203 -5.06
204 -7.83
205 -7.64
206 -7.61
207 -7.53
208 -7.67
209 -7.61
210 -7.68
211 -7.73
212 -7.75
213 -7.69
214 -7.69
215 -7.61
216 -7.71
217 -7.54
218 -7.73
219 -7.73
220 -5.17
221 -7.63
222 -7.76
223 -7.86
224 -5.28
225 -7.75
226 -7.69
227 -5.11
228 -7.65
229 -7.76
230 -7.64
231 -7.85
232 -5.14
233 -7.56
234 -7.77
235 -7.79
236 -7.62
237 -7.60
238 -7.65
239 -7.46
240 -7.59
241 -7.61
242 -5.07
243 -7.71
244 -7.57
245 -7.68
246 -7.66
247 -7.64
248 -7.68
249 -7.76
250 -7.71
251 -7.74
252 -7.86
253 -7.73
254 -2.74
255 -5.22
256 -7.54
257 -7.64
258 -7.63
259 -7.59
260 -7.63
261 -7.57
262 -7.70
263 -7.77
264 -7.55
265 -4.97
266 -7.73
267 -5.03
268 -5.08
269 -7.53
270 -7.68
271 -7.57
272 -5.22
273 -7.75
274 -7.62
275 -7.77
276 -7.63
277 -7.60
278 -7.53
279 -7.68
280 -7.78
281 -5.14
282 -5.03
283 -7.66
284 -7.67
285 -7.65
286 -7.64
287 -7.71
288 -2.71
289 -7.72
290 -7.61
291 -7.73
292 -7.75
293 -5.13
294 -7.66
295 -7.74
296 -7.60
297 -7.67
298 -5.28
299 -7.60
300 -5.12
301 -2.63
302 -7.69
303 -7.59
304 -7.63
305 -7.76
306 -5.33
307 -7.55
308 -7.49
309 -7.71
310 -7.62
311 -7.63
312 -5.13
313 -7.71
314 -7.54
315 -5.02
316 -7.63
317 -7.73
318 -7.61
319 -7.58
320 -7.56
321 -7.82
322 -2.74
323 -5.24
324 -7.58
325 -7.59
326 -5.02
327 -5.33
328 -5.12
329 -7.59
330 -7.76
331 -7.73
332 -5.32
333 -7.75
334 -5.25
335 -5.25
336 -7.76
337 -7.32
338 -5.09
339 -5.16
340 -7.69
341 -7.74
342 -7.77
343 -7.71
344 -7.75
345 -7.58
346 -7.80
347 -7.69
348 -5.18
349 -5.17
350 -7.70
351 -7.66
352 -7.59
353 -7.68
354 -7.57
355 -7.67
356 -5.21
357 -7.64
358 -7.74
359 -5.10
360 -7.69
361 -7.72
362 -7.66
363 -7.76
364 -7.58
365 -7.69
366 -7.59
367 -7.81
368 -7.57
369 -7.71
370 -5.15
371 -5.10
372 -7.64
373 -5.23
374 -7.60
375 -7.78
376 -7.64
377 -5.18
378 -7.60
379 -7.66
380 -7.67
381 -7.73
382 -7.56
383 -7.59
384 -7.80
385 -7.77
386 -7.75
387 -7.62
388 -7.70
389 -7.76
390 -7.66
391 -7.58
392 -7.82
393 -7.79
394 -7.69
395 -7.63
396 -7.82
397 -7.70
398 -5.28
399 -7.73
400 -7.60
401 -7.64
402 -7.56
403 -7.62
404 -7.63
405 -5.17
406 -7.66
407 -7.64
408 -7.65
409 -7.50
410 -7.67
411 -7.81
412 -7.65
413 -7.67
414 -5.14
415 -7.68
416 -7.63
417 -7.60
418 -5.08
419 -5.09
420 -4.99
421 -7.62
422 -7.63
423 -5.23
424 -2.56
425 -7.72
426 -5.21
427 -7.66
428 -7.80
429 -7.61
430 -7.60
431 -5.21
432 -7.65
433 -5.19
434 -7.56
435 -7.65
436 -7.71
437 -7.71
438 -7.69
439 -7.62
440 -7.64
441 -7.67
442 -7.69
443 -7.72
444 -7.80
445 -7.61
446 -7.56
447 -7.54
448 -5.04
449 -7.68
450 -7.61
451 -7.66
452 -7.60
453 -5.14
454 -5.06
455 -7.63
456 -4.99
457 -5.14
458 -7.56
459 -5.12
460 -5.07
461 -5.17
462 -7.71
463 -5.16
464 -7.57
465 -7.58
466 -7.72
467 -5.10
468 -7.70
469 -7.72
470 -5.26
471 -7.69
472 -7.75
473 -2.55
474 -5.10
475 -5.12
476 -7.66
477 -7.60
478 -7.74
479 -7.65
480 -2.56
481 -5.06
482 -2.68
483 -7.44
484 -7.60
485 -7.71
486 -7.66
487 -7.85
488 -7.67
489 -7.67
490 -7.76
491 -7.62
492 -5.12
493 -7.54
494 -7.59
495 -5.17
496 -7.66
497 -7.57
498 -7.67
499 -5.10
500 -5.08
501 -5.21
502 -7.69
503 -7.68
504 -7.76
505 -7.74
506 -5.36
507 -7.46
508 -7.69
509 -5.09
510 -7.60
511 -7.71
512 -7.57
513 -7.53
514 -7.79
515 -7.63
516 -5.18
517 -5.17
518 -7.70
519 -7.72
520 -5.12
521 -7.93
522 -5.28
523 -5.12
524 -7.84
525 -7.72
526 -7.51
527 -7.76
528 -5.15
529 -7.77
530 -7.70
531 -7.68
532 -2.68
533 -5.21
534 -7.71
535 -7.58
536 -5.06
537 -5.16
538 -5.05
539 -7.53
540 -5.13
541 -7.67
542 -7.75
543 -5.14
544 -7.56
545 -7.65
546 -7.65
547 -5.11
548 -7.58
549 -2.63
550 -7.68
551 -7.73
552 -5.22
553 -7.67
554 -7.67
555 -7.68
556 -2.60
557 -7.69
558 -7.77
559 -5.09
560 -7.84
561 -7.79
562 -7.60
563 -5.00
564 -5.18
565 -7.73
566 -7.74
567 -7.64
568 -7.70
569 -7.67
570 -7.54
571 -2.73
572 -7.68
573 -7.75
574 -7.52
575 -5.35
576 -7.61
577 -7.83
578 -7.63
579 -7.74
580 -7.57
581 -7.66
582 -7.78
583 -5.19
584 -7.71
585 -5.29
586 -7.57
587 -5.25
588 -7.64
589 -7.76
590 -7.56
591 -5.14
592 -5.01
593 -7.68
594 -5.14
595 -7.54
596 -7.60
597 -7.78
598 -7.66
599 -7.71
600 -7.77
601 -7.61
602 -7.62
603 -7.66
604 -7.56
605 -7.67
606 -7.71
607 -7.67
608 -7.67
609 -7.65
610 -7.68
611 -5.20
612 -2.82
613 -7.71
614 -5.19
615 -7.74
616 -7.78
617 -7.62
618 -5.12
619 -7.61
620 -7.64
621 -7.69
622 -7.93
623 -7.60
624 -7.59
625 -7.62
626 -7.66
627 -7.71
628 -7.87
629 -7.69
630 -7.64
631 -7.82
632 -7.75
633 -7.72
634 -7.63
635 -7.61
636 -5.18
637 -7.66
638 -7.65
639 -7.68
640 -7.63
641 -7.71
642 -7.59
643 -7.61
644 -5.32
645 -5.15
646 -2.63
647 -7.52
648 -5.23
649 -7.79
650 -5.07
651 -7.70
652 -7.55
653 -7.62
654 -7.66
655 -7.63
656 -7.72
657 -7.59
658 -7.67
659 -2.66
660 -7.70
661 -7.60
662 -7.52
663 -7.74
664 -7.65
665 -7.71
666 -7.59
667 -5.39
668 -7.66
669 -7.73
670 -7.68
671 -7.67
672 -5.15
673 -7.62
674 -7.61
675 -5.10
676 -7.59
677 -7.55
678 -7.69
679 -5.13
680 -7.83
681 -7.57
682 -7.65
683 -7.70
684 -7.50
685 -2.63
686 -7.63
687 -7.80
688 -7.85
689 -7.75
690 -7.61
691 -7.64
692 -7.86
693 -7.79
694 -5.22
695 -7.67
696 -7.72
697 -7.63
698 -7.65
699 -5.19
700 -7.77
701 -7.68
702 -7.67
703 -7.62
704 -7.78
705 -5.25
706 -5.19
707 -7.61
708 -7.74
709 -7.74
710 -5.14
711 -7.65
712 -7.58
713 -7.62
714 -7.74
715 -7.65
716 -7.67
717 -7.77
718 -5.14
719 -5.12
720 -7.64
721 -5.19
722 -7.75
723 -7.64
724 -5.32
725 -5.20
726 -7.62
727 -2.68
728 -7.76
729 -7.72
730 -7.57
731 -7.72
732 -7.48
733 -7.69
734 -7.82
735 -5.05
736 -5.23
737 -7.69
738 -7.50
739 -7.81
740 -7.66
741 -7.58
742 -5.17
743 -7.70
744 -7.71
745 -5.25
746 -7.78
747 -7.75
748 -7.75
749 -7.81
750 -7.59
751 -7.62
752 -7.60
753 -7.79
754 -7.82
755 -2.75
756 -5.23
757 -7.73
758 -5.12
759 -7.71
760 -7.71
761 -5.16
762 -5.19
763 -7.75
764 -7.82
765 -7.66
766 -7.75
767 -2.73
768 -7.68
769 -7.64
770 -7.48
771 -7.77
772 -7.65
773 -7.65
774 -7.67
775 -5.09
776 -7.49
777 -7.73
778 -5.08
779 -7.86
780 -7.68
781 -7.70
782 -7.62
783 -7.74
784 -7.76
785 -5.25
786 -7.66
787 -7.77
788 -7.81
789 -7.66
790 -5.18
791 -5.08
792 -7.72
793 -7.72
794 -7.61
795 -7.76
796 -5.09
797 -7.72
798 -7.78
799 -7.76
800 -7.54
801 -7.67
802 -5.06
803 -7.74
804 -7.65
805 -5.10
806 -7.64
807 -2.58
808 -7.64
809 -7.62
810 -7.57
811 -0.20
812 -2.64
813 -7.70
814 -7.68
815 -7.72
816 -7.71
817 -7.62
818 -7.73
819 -5.29
820 -5.24
821 -5.29
822 -7.60
823 -5.30
824 -7.67
825 -7.63
826 -5.38
827 -7.63
828 -7.83
829 -5.17
830 -7.66
831 -7.85
832 -7.45
833 -7.61
834 -7.67
835 -7.71
836 -7.73
837 -7.62
838 -7.70
839 -5.21
840 -7.61
841 -7.63
842 -7.73
843 -7.66
844 -7.71
845 -7.68
846 -5.15
847 -5.10
848 -5.04
849 -7.71
850 -7.72
851 -7.78
852 -7.66
853 -5.03
854 -7.62
855 -7.77
856 -7.64
857 -7.80
858 -5.01
859 -7.74
860 -7.65
861 -7.67
862 -2.67
863 -5.27
864 -7.65
865 -7.71
866 -5.14
867 -7.67
868 -2.63
869 -2.87
870 -2.61
871 -7.63
872 -5.32
873 -4.94
874 -7.72
875 -7.61
876 -7.94
877 -7.72
878 -7.71
879 -7.72
880 -7.67
881 -7.77
882 -7.80
883 -7.60
884 -7.61
885 -7.74
886 -5.15
887 -5.14
888 -5.26
889 -7.70
890 -5.28
891 -7.76
892 -7.74
893 -7.68
894 -7.65
895 -7.67
896 -7.69
897 -7.68
898 -7.66
899 -7.72
900 -7.71
901 -7.68
902 -7.72
903 -7.69
904 -7.70
905 -7.60
906 -7.57
907 -7.71
908 -7.54
909 -7.50
910 -7.64
911 -5.11
912 -5.24
913 -7.64
914 -2.50
915 -7.64
916 -7.82
917 -7.73
918 -7.77
919 -7.66
920 -5.15
921 -5.46
922 -7.59
923 -7.55
924 -7.74
925 -7.58
926 -7.68
927 -7.56
928 -5.13
929 -5.08
930 -7.72
931 -7.65
932 -7.74
933 -5.05
934 -7.63
935 -7.67
936 -7.75
937 -7.48
938 -7.59
939 -7.65
940 -5.22
941 -7.79
942 -7.73
943 -7.58
944 -7.54
945 -7.73
946 -5.21
947 -7.83
948 -7.64
949 -7.66
950 -7.63
951 -7.67
952 -7.76
953 -7.72
954 -5.07
955 -7.61
956 -7.79
957 -5.21
958 -7.62
959 -7.62
960 -7.60
961 -5.22
962 -7.87
963 -7.78
964 -7.58
965 -7.63
966 -7.53
967 -5.02
968 -7.70
969 -7.62
970 -7.70
971 -7.72
972 -7.65
973 -7.70
974 -7.72
975 -7.62
976 -7.71
977 -7.72
978 -5.15
979 -5.05
980 -7.62
981 -7.72
982 -7.73
983 -7.59
984 -4.98
985 -7.74
986 -7.65
987 -7.83
988 -7.56
989 -7.71
990 -7.63
991 -7.60
992 -5.12
993 -7.70
994 -5.06
995 -7.63
996 -5.20
997 -7.68
998 -7.69
999 -7.63
3691.167420864105
