0 -7.6499999999998725
1 -7.424999999999877
2 -7.839999999999868
3 -7.809999999999869
4 -7.679999999999872
5 -7.644999999999873
6 -7.639999999999873
7 -7.729999999999871
8 -7.8349999999998685
9 -7.514999999999875
10 -7.729999999999871
11 -7.8849999999998674
12 -7.529999999999875
13 -7.689999999999872
14 -7.524999999999875
15 -7.704999999999871
16 -7.594999999999874
17 -7.699999999999871
18 -7.564999999999874
19 -7.564999999999874
20 -7.569999999999874
21 -7.689999999999872
22 -7.679999999999872
23 -7.709999999999871
24 -7.74999999999987
25 -7.594999999999874
26 -7.544999999999875
27 -7.724999999999871
28 -7.684999999999872
29 -7.534999999999875
30 -7.559999999999874
31 -7.609999999999873
32 -7.604999999999873
33 -7.77499999999987
34 -7.629999999999873
35 -7.679999999999872
36 -7.679999999999872
37 -7.729999999999871
38 -7.579999999999874
39 -7.684999999999872
40 -7.6499999999998725
41 -7.75999999999987
42 -7.579999999999874
43 -5.184999999999872
44 -7.664999999999872
45 -5.134999999999873
46 -5.25999999999987
47 -7.564999999999874
48 -7.544999999999875
49 -7.78499999999987
50 -7.709999999999871
51 -7.674999999999872
52 -7.734999999999871
53 -7.669999999999872
54 -5.064999999999874
55 -7.674999999999872
56 -7.529999999999875
57 -7.604999999999873
58 -7.579999999999874
59 -5.024999999999875
60 -7.559999999999874
61 -5.144999999999873
62 -7.684999999999872
63 -7.584999999999874
64 -7.629999999999873
65 -7.6949999999998715
66 -7.724999999999871
67 -7.679999999999872
68 -7.624999999999873
69 -7.719999999999871
70 -7.644999999999873
71 -7.539999999999875
72 -7.629999999999873
73 -7.514999999999875
74 -7.679999999999872
75 -7.569999999999874
76 -7.679999999999872
77 -7.524999999999875
78 -7.734999999999871
79 -7.624999999999873
80 -7.639999999999873
81 -7.654999999999872
82 -7.794999999999869
83 -7.74999999999987
84 -7.5549999999998745
85 -7.639999999999873
86 -7.644999999999873
87 -7.639999999999873
88 -7.619999999999873
89 -7.709999999999871
90 -7.629999999999873
91 -5.079999999999874
92 -7.719999999999871
93 -7.699999999999871
94 -7.729999999999871
95 -7.639999999999873
96 -7.659999999999872
97 -7.644999999999873
98 -7.5999999999998735
99 -7.664999999999872
100 -7.734999999999871
101 -7.644999999999873
102 -7.514999999999875
103 -7.8849999999998674
104 -7.809999999999869
105 -7.619999999999873
106 -7.714999999999871
107 -7.684999999999872
108 -7.509999999999875
109 -7.689999999999872
110 -5.139999999999873
111 -7.669999999999872
112 -7.724999999999871
113 -7.679999999999872
114 -7.724999999999871
115 -7.824999999999869
116 -7.589999999999874
117 -7.619999999999873
118 -7.719999999999871
119 -7.594999999999874
120 -5.114999999999873
121 -7.729999999999871
122 -7.864999999999868
123 -7.589999999999874
124 -7.639999999999873
125 -7.689999999999872
126 -5.049999999999875
127 -7.619999999999873
128 -7.719999999999871
129 -7.679999999999872
130 -7.729999999999871
131 -7.889999999999867
132 -7.484999999999876
133 -7.544999999999875
134 -5.199999999999871
135 -7.734999999999871
136 -7.709999999999871
137 -5.339999999999868
138 -7.654999999999872
139 -7.584999999999874
140 -7.639999999999873
141 -7.7899999999998695
142 -7.614999999999873
143 -7.689999999999872
144 -5.029999999999875
145 -7.539999999999875
146 -7.809999999999869
147 -5.27999999999987
148 -7.629999999999873
149 -4.984999999999876
150 -7.479999999999876
151 -5.199999999999871
152 -7.709999999999871
153 -7.864999999999868
154 -5.049999999999875
155 -5.144999999999873
156 -7.619999999999873
157 -7.664999999999872
158 -5.074999999999874
159 -5.139999999999873
160 -5.0049999999998755
161 -7.519999999999875
162 -7.604999999999873
163 -5.314999999999869
164 -7.619999999999873
165 -7.674999999999872
166 -7.714999999999871
167 -7.499999999999876
168 -7.829999999999869
169 -7.604999999999873
170 -7.719999999999871
171 -7.734999999999871
172 -7.729999999999871
173 -7.624999999999873
174 -7.614999999999873
175 -7.74499999999987
176 -7.689999999999872
177 -7.719999999999871
178 -7.569999999999874
179 -7.669999999999872
180 -7.619999999999873
181 -7.499999999999876
182 -7.474999999999876
183 -7.689999999999872
184 -7.659999999999872
185 -7.509999999999875
186 -7.624999999999873
187 -7.689999999999872
188 -7.729999999999871
189 -7.889999999999867
190 -7.634999999999873
191 -7.614999999999873
192 -7.679999999999872
193 -7.699999999999871
194 -7.579999999999874
195 -7.679999999999872
196 -7.579999999999874
197 -7.674999999999872
198 -7.659999999999872
199 -7.7399999999998705
200 -5.159999999999872
201 -5.109999999999873
202 -5.039999999999875
203 -7.76999999999987
204 -7.619999999999873
205 -7.684999999999872
206 -5.27999999999987
207 -7.549999999999875
208 -7.654999999999872
209 -7.679999999999872
210 -7.75999999999987
211 -7.709999999999871
212 -7.679999999999872
213 -7.629999999999873
214 -7.644999999999873
215 -7.474999999999876
216 -5.129999999999873
217 -7.704999999999871
218 -7.659999999999872
219 -7.564999999999874
220 -7.719999999999871
221 -7.7899999999998695
222 -7.569999999999874
223 -7.669999999999872
224 -7.819999999999869
225 -7.679999999999872
226 -7.634999999999873
227 -7.629999999999873
228 -7.899999999999867
229 -5.134999999999873
230 -7.689999999999872
231 -7.909999999999867
232 -7.7399999999998705
233 -7.669999999999872
234 -7.584999999999874
235 -2.519999999999875
236 -7.669999999999872
237 -7.6499999999998725
238 -7.639999999999873
239 -7.5049999999998755
240 -7.579999999999874
241 -7.679999999999872
242 -7.5999999999998735
243 -7.76499999999987
244 -7.574999999999874
245 -5.0999999999998735
246 -7.799999999999869
247 -7.619999999999873
248 -7.674999999999872
249 -7.619999999999873
250 -7.5549999999998745
251 -7.799999999999869
252 -7.619999999999873
253 -7.634999999999873
254 -7.609999999999873
255 -7.514999999999875
256 -7.6499999999998725
257 -7.639999999999873
258 -7.574999999999874
259 -7.589999999999874
260 -7.564999999999874
261 -7.539999999999875
262 -7.669999999999872
263 -7.869999999999868
264 -7.729999999999871
265 -7.76999999999987
266 -7.679999999999872
267 -7.629999999999873
268 -7.704999999999871
269 -7.539999999999875
270 -7.674999999999872
271 -7.634999999999873
272 -5.224999999999871
273 -7.589999999999874
274 -7.619999999999873
275 -5.029999999999875
276 -7.539999999999875
277 -7.699999999999871
278 -7.569999999999874
279 -7.709999999999871
280 -5.089999999999874
281 -7.5999999999998735
282 -7.609999999999873
283 -7.639999999999873
284 -5.229999999999871
285 -7.609999999999873
286 -7.644999999999873
287 -7.564999999999874
288 -7.669999999999872
289 -7.579999999999874
290 -7.664999999999872
291 -7.729999999999871
292 -7.7399999999998705
293 -7.619999999999873
294 -7.519999999999875
295 -7.77999999999987
296 -5.229999999999871
297 -5.234999999999871
298 -7.74999999999987
299 -5.1949999999998715
300 -7.729999999999871
301 -7.684999999999872
302 -5.26499999999987
303 -7.544999999999875
304 -7.589999999999874
305 -7.604999999999873
306 -7.579999999999874
307 -7.469999999999876
308 -2.6649999999998717
309 -7.669999999999872
310 -7.659999999999872
311 -7.77999999999987
312 -7.689999999999872
313 -7.799999999999869
314 -7.699999999999871
315 -7.564999999999874
316 -7.719999999999871
317 -7.729999999999871
318 -7.629999999999873
319 -5.019999999999875
320 -7.604999999999873
321 -5.049999999999875
322 -7.7399999999998705
323 -7.8349999999998685
324 -7.589999999999874
325 -7.679999999999872
326 -7.604999999999873
327 -7.719999999999871
328 -7.589999999999874
329 -5.074999999999874
330 -7.589999999999874
331 -7.75999999999987
332 -7.609999999999873
333 -7.619999999999873
334 -7.724999999999871
335 -7.78499999999987
336 -7.569999999999874
337 -7.77999999999987
338 -5.229999999999871
339 -7.709999999999871
340 -7.549999999999875
341 -7.634999999999873
342 -7.76499999999987
343 -7.734999999999871
344 -7.674999999999872
345 -7.819999999999869
346 -7.809999999999869
347 -2.5399999999998744
348 -7.609999999999873
349 -7.629999999999873
350 -7.674999999999872
351 -7.604999999999873
352 -7.664999999999872
353 -7.719999999999871
354 -7.509999999999875
355 -7.529999999999875
356 -7.619999999999873
357 -7.614999999999873
358 -7.719999999999871
359 -7.6499999999998725
360 -2.564999999999874
361 -7.579999999999874
362 -7.669999999999872
363 -7.7899999999998695
364 -5.109999999999873
365 -7.659999999999872
366 -5.119999999999873
367 -7.659999999999872
368 -7.664999999999872
369 -7.479999999999876
370 -5.214999999999871
371 -5.169999999999872
372 -7.7399999999998705
373 -7.574999999999874
374 -5.109999999999873
375 -7.589999999999874
376 -7.644999999999873
377 -7.699999999999871
378 -7.869999999999868
379 -7.534999999999875
380 -7.674999999999872
381 -7.669999999999872
382 -7.639999999999873
383 -5.034999999999875
384 -7.509999999999875
385 -7.719999999999871
386 -7.639999999999873
387 -7.6499999999998725
388 -7.77499999999987
389 -7.619999999999873
390 -7.689999999999872
391 -7.544999999999875
392 -7.679999999999872
393 -7.559999999999874
394 -7.7399999999998705
395 -5.109999999999873
396 -2.5849999999998734
397 -7.6499999999998725
398 -7.76999999999987
399 -7.559999999999874
400 -7.689999999999872
401 -7.829999999999869
402 -7.679999999999872
403 -7.659999999999872
404 -7.75999999999987
405 -5.204999999999871
406 -5.0999999999998735
407 -5.044999999999875
408 -7.729999999999871
409 -7.709999999999871
410 -5.184999999999872
411 -7.579999999999874
412 -7.799999999999869
413 -7.794999999999869
414 -7.6499999999998725
415 -7.569999999999874
416 -7.559999999999874
417 -7.724999999999871
418 -7.699999999999871
419 -7.479999999999876
420 -7.699999999999871
421 -7.719999999999871
422 -7.689999999999872
423 -7.5999999999998735
424 -7.77999999999987
425 -7.629999999999873
426 -7.729999999999871
427 -7.634999999999873
428 -7.7399999999998705
429 -7.684999999999872
430 -2.6749999999998715
431 -7.514999999999875
432 -7.609999999999873
433 -7.614999999999873
434 -7.594999999999874
435 -7.77999999999987
436 -5.314999999999869
437 -5.109999999999873
438 -7.76999999999987
439 -7.709999999999871
440 -7.699999999999871
441 -7.77499999999987
442 -7.689999999999872
443 -5.044999999999875
444 -5.119999999999873
445 -7.799999999999869
446 -7.77999999999987
447 -7.659999999999872
448 -7.5999999999998735
449 -7.719999999999871
450 -5.184999999999872
451 -7.869999999999868
452 -7.659999999999872
453 -7.714999999999871
454 -7.6499999999998725
455 -7.699999999999871
456 -4.964999999999876
457 -7.549999999999875
458 -7.569999999999874
459 -5.199999999999871
460 -7.449999999999877
461 -7.659999999999872
462 -7.499999999999876
463 -5.069999999999874
464 -7.7399999999998705
465 -7.6499999999998725
466 -7.8849999999998674
467 -7.669999999999872
468 -7.644999999999873
469 -7.74999999999987
470 -7.489999999999876
471 -7.689999999999872
472 -7.559999999999874
473 -7.699999999999871
474 -7.6499999999998725
475 -5.159999999999872
476 -7.75999999999987
477 -7.654999999999872
478 -7.474999999999876
479 -7.519999999999875
480 -5.074999999999874
481 -7.659999999999872
482 -7.679999999999872
483 -7.5999999999998735
484 -7.434999999999877
485 -7.674999999999872
486 -7.644999999999873
487 -7.699999999999871
488 -7.679999999999872
489 -7.594999999999874
490 -7.814999999999869
491 -4.989999999999876
492 -7.77999999999987
493 -7.699999999999871
494 -7.5999999999998735
495 -7.6499999999998725
496 -7.519999999999875
497 -7.729999999999871
498 -7.519999999999875
499 -7.594999999999874
500 -7.809999999999869
501 -7.639999999999873
502 -7.714999999999871
503 -7.579999999999874
504 -7.669999999999872
505 -7.799999999999869
506 -0.1549999999998321
507 -7.734999999999871
508 -7.669999999999872
509 -5.179999999999872
510 -7.519999999999875
511 -5.104999999999873
512 -7.679999999999872
513 -7.7399999999998705
514 -5.164999999999872
515 -7.539999999999875
516 -7.6499999999998725
517 -7.699999999999871
518 -7.519999999999875
519 -7.829999999999869
520 -2.5749999999998736
521 -7.549999999999875
522 -7.614999999999873
523 -7.894999999999867
524 -7.639999999999873
525 -7.499999999999876
526 -5.069999999999874
527 -5.3349999999998685
528 -7.539999999999875
529 -7.609999999999873
530 -7.639999999999873
531 -7.5999999999998735
532 -7.654999999999872
533 -7.644999999999873
534 -7.539999999999875
535 -7.6499999999998725
536 -7.77999999999987
537 -7.75499999999987
538 -7.674999999999872
539 -7.854999999999868
540 -5.109999999999873
541 -7.614999999999873
542 -7.7399999999998705
543 -5.209999999999871
544 -7.509999999999875
545 -7.824999999999869
546 -7.684999999999872
547 -7.5549999999998745
548 -7.869999999999868
549 -7.75999999999987
550 -7.659999999999872
551 -7.74499999999987
552 -7.7899999999998695
553 -7.544999999999875
554 -5.119999999999873
555 -7.684999999999872
556 -5.139999999999873
557 -5.1499999999998725
558 -7.824999999999869
559 -7.539999999999875
560 -7.679999999999872
561 -7.619999999999873
562 -7.619999999999873
563 -7.6499999999998725
564 -7.619999999999873
565 -7.5549999999998745
566 -7.464999999999876
567 -7.449999999999877
568 -7.544999999999875
569 -7.669999999999872
570 -7.5999999999998735
571 -7.824999999999869
572 -7.629999999999873
573 -7.75999999999987
574 -7.704999999999871
575 -4.964999999999876
576 -7.709999999999871
577 -7.609999999999873
578 -7.78499999999987
579 -7.549999999999875
580 -7.609999999999873
581 -7.584999999999874
582 -7.74499999999987
583 -7.729999999999871
584 -5.109999999999873
585 -7.6499999999998725
586 -7.684999999999872
587 -7.619999999999873
588 -7.584999999999874
589 -2.6799999999998714
590 -5.124999999999873
591 -7.6499999999998725
592 -7.674999999999872
593 -7.529999999999875
594 -7.76499999999987
595 -7.699999999999871
596 -7.7399999999998705
597 -7.75999999999987
598 -7.77999999999987
599 -7.659999999999872
600 -7.604999999999873
601 -7.699999999999871
602 -7.75999999999987
603 -7.654999999999872
604 -7.799999999999869
605 -7.699999999999871
606 -5.174999999999872
607 -7.829999999999869
608 -7.6949999999998715
609 -7.729999999999871
610 -5.209999999999871
611 -5.349999999999868
612 -7.549999999999875
613 -7.75999999999987
614 -7.499999999999876
615 -7.734999999999871
616 -7.729999999999871
617 -7.579999999999874
618 -7.729999999999871
619 -7.619999999999873
620 -7.604999999999873
621 -5.189999999999872
622 -7.849999999999868
623 -7.569999999999874
624 -5.119999999999873
625 -7.539999999999875
626 -7.539999999999875
627 -7.549999999999875
628 -7.5999999999998735
629 -5.209999999999871
630 -7.679999999999872
631 -7.8349999999998685
632 -7.719999999999871
633 -7.699999999999871
634 -7.639999999999873
635 -7.569999999999874
636 -7.604999999999873
637 -5.129999999999873
638 -7.634999999999873
639 -5.134999999999873
640 -7.889999999999867
641 -7.629999999999873
642 -7.659999999999872
643 -7.624999999999873
644 -7.654999999999872
645 -7.714999999999871
646 -7.659999999999872
647 -7.629999999999873
648 -5.199999999999871
649 -7.584999999999874
650 -7.6499999999998725
651 -7.519999999999875
652 -7.519999999999875
653 -7.544999999999875
654 -7.704999999999871
655 -5.169999999999872
656 -7.609999999999873
657 -7.679999999999872
658 -7.659999999999872
659 -7.699999999999871
660 4.815000000000216
661 -7.644999999999873
662 -7.689999999999872
663 -7.719999999999871
664 -7.724999999999871
665 -7.74999999999987
666 -7.734999999999871
667 -7.829999999999869
668 -7.6949999999998715
669 -7.729999999999871
670 -7.5999999999998735
671 -7.609999999999873
672 -7.639999999999873
673 -7.609999999999873
674 -7.594999999999874
675 -7.629999999999873
676 -7.689999999999872
677 -7.584999999999874
678 -7.684999999999872
679 -7.799999999999869
680 -7.949999999999866
681 -7.659999999999872
682 -2.694999999999871
683 -7.689999999999872
684 -7.839999999999868
685 -7.699999999999871
686 -7.7399999999998705
687 -5.129999999999873
688 -7.634999999999873
689 -7.704999999999871
690 -7.684999999999872
691 -7.679999999999872
692 -7.604999999999873
693 -7.659999999999872
694 -7.579999999999874
695 -7.75999999999987
696 -7.524999999999875
697 -7.529999999999875
698 -5.009999999999875
699 -5.179999999999872
700 -7.76999999999987
701 -7.674999999999872
702 -7.859999999999868
703 -7.664999999999872
704 -7.629999999999873
705 -5.144999999999873
706 -7.7399999999998705
707 -7.734999999999871
708 -5.139999999999873
709 -7.589999999999874
710 -7.724999999999871
711 -7.6499999999998725
712 -7.734999999999871
713 -7.659999999999872
714 -7.664999999999872
715 -7.6499999999998725
716 -7.709999999999871
717 -7.724999999999871
718 -5.159999999999872
719 -7.549999999999875
720 -7.589999999999874
721 -7.684999999999872
722 -7.684999999999872
723 -5.204999999999871
724 -7.619999999999873
725 -7.6499999999998725
726 -5.24499999999987
727 -7.619999999999873
728 -7.689999999999872
729 -5.224999999999871
730 -7.664999999999872
731 -7.689999999999872
732 -7.669999999999872
733 -7.499999999999876
734 -7.614999999999873
735 -7.659999999999872
736 -7.489999999999876
737 -5.28499999999987
738 -7.659999999999872
739 -7.6499999999998725
740 -7.829999999999869
741 -7.609999999999873
742 -7.6499999999998725
743 -7.814999999999869
744 -7.839999999999868
745 -7.669999999999872
746 -7.644999999999873
747 -5.139999999999873
748 -7.614999999999873
749 -7.549999999999875
750 -7.724999999999871
751 -7.659999999999872
752 -7.609999999999873
753 -7.809999999999869
754 -7.529999999999875
755 -7.714999999999871
756 -7.609999999999873
757 -7.679999999999872
758 -7.5999999999998735
759 -7.704999999999871
760 -7.659999999999872
761 -7.76499999999987
762 -7.579999999999874
763 -7.75999999999987
764 -7.604999999999873
765 -7.6499999999998725
766 -5.139999999999873
767 -7.594999999999874
768 -7.75499999999987
769 -7.564999999999874
770 -7.674999999999872
771 -7.639999999999873
772 -7.689999999999872
773 -7.594999999999874
774 -5.0049999999998755
775 -5.199999999999871
776 -7.729999999999871
777 -7.559999999999874
778 -7.77499999999987
779 -7.659999999999872
780 -7.589999999999874
781 -7.579999999999874
782 -7.7899999999998695
783 -7.559999999999874
784 -7.684999999999872
785 -5.164999999999872
786 -7.559999999999874
787 -7.6499999999998725
788 -7.569999999999874
789 -7.699999999999871
790 -7.594999999999874
791 -7.689999999999872
792 -7.7899999999998695
793 -7.529999999999875
794 -7.529999999999875
795 -7.569999999999874
796 -7.75999999999987
797 -7.714999999999871
798 -5.234999999999871
799 -7.77999999999987
800 -7.584999999999874
801 -7.659999999999872
802 -7.654999999999872
803 -7.729999999999871
804 -7.699999999999871
805 -7.539999999999875
806 -7.589999999999874
807 -7.729999999999871
808 -7.569999999999874
809 -5.094999999999874
810 -7.614999999999873
811 -7.704999999999871
812 -5.27499999999987
813 -7.709999999999871
814 -7.654999999999872
815 -7.724999999999871
816 -7.709999999999871
817 -7.6949999999998715
818 -7.559999999999874
819 -7.614999999999873
820 -7.569999999999874
821 -7.664999999999872
822 -7.674999999999872
823 -7.429999999999877
824 -7.829999999999869
825 -7.829999999999869
826 -7.6499999999998725
827 -7.589999999999874
828 -7.579999999999874
829 -7.639999999999873
830 -7.77999999999987
831 -7.75999999999987
832 -5.27499999999987
833 -7.699999999999871
834 -5.229999999999871
835 -7.684999999999872
836 -5.069999999999874
837 -7.669999999999872
838 -7.689999999999872
839 -7.564999999999874
840 -7.624999999999873
841 -7.594999999999874
842 -7.7399999999998705
843 -7.529999999999875
844 -7.659999999999872
845 -7.544999999999875
846 -7.674999999999872
847 -7.679999999999872
848 -7.544999999999875
849 -7.689999999999872
850 -7.609999999999873
851 -5.104999999999873
852 -7.814999999999869
853 -7.509999999999875
854 -2.8249999999998683
855 -7.78499999999987
856 -7.5999999999998735
857 -7.569999999999874
858 -7.75999999999987
859 -7.669999999999872
860 -7.514999999999875
861 -7.519999999999875
862 -7.6499999999998725
863 -7.679999999999872
864 -5.144999999999873
865 -7.7399999999998705
866 -7.5999999999998735
867 -5.229999999999871
868 -7.74999999999987
869 -7.609999999999873
870 -7.619999999999873
871 -7.724999999999871
872 -7.75999999999987
873 -7.564999999999874
874 -7.609999999999873
875 -7.709999999999871
876 -5.029999999999875
877 -4.954999999999877
878 -7.824999999999869
879 -7.534999999999875
880 -7.579999999999874
881 -7.874999999999868
882 -7.699999999999871
883 -7.74999999999987
884 -7.604999999999873
885 -7.614999999999873
886 -7.689999999999872
887 -7.664999999999872
888 -7.689999999999872
889 -2.784999999999869
890 -5.0999999999998735
891 -7.7899999999998695
892 -2.6249999999998725
893 -7.614999999999873
894 -7.679999999999872
895 -7.709999999999871
896 -7.77499999999987
897 -7.704999999999871
898 -7.839999999999868
899 -7.589999999999874
900 -7.709999999999871
901 -7.629999999999873
902 -7.734999999999871
903 -7.549999999999875
904 -5.014999999999875
905 -7.589999999999874
906 -7.809999999999869
907 -7.669999999999872
908 -7.629999999999873
909 -7.654999999999872
910 -7.499999999999876
911 -7.7899999999998695
912 -7.639999999999873
913 -2.73499999999987
914 -7.574999999999874
915 -7.6499999999998725
916 -7.704999999999871
917 -7.74999999999987
918 -7.74999999999987
919 -7.659999999999872
920 -7.76999999999987
921 -7.569999999999874
922 -7.669999999999872
923 -5.1499999999998725
924 -7.584999999999874
925 -7.709999999999871
926 -7.529999999999875
927 -7.639999999999873
928 -5.0999999999998735
929 -7.719999999999871
930 -5.184999999999872
931 -7.634999999999873
932 -7.564999999999874
933 -7.5999999999998735
934 -5.2899999999998695
935 -7.689999999999872
936 -7.659999999999872
937 -7.654999999999872
938 -5.224999999999871
939 -7.699999999999871
940 -5.139999999999873
941 -7.894999999999867
942 -7.609999999999873
943 -7.624999999999873
944 -7.659999999999872
945 -7.829999999999869
946 -7.664999999999872
947 -7.589999999999874
948 -7.644999999999873
949 -7.709999999999871
950 -7.77999999999987
951 -7.74999999999987
952 -7.7899999999998695
953 -5.189999999999872
954 -7.529999999999875
955 -5.159999999999872
956 -7.669999999999872
957 -7.519999999999875
958 -7.719999999999871
959 -7.629999999999873
960 -7.74999999999987
961 -7.674999999999872
962 -7.679999999999872
963 -7.689999999999872
964 -7.679999999999872
965 -7.639999999999873
966 -7.74999999999987
967 -7.709999999999871
968 -7.76999999999987
969 -7.589999999999874
970 -7.589999999999874
971 -7.609999999999873
972 -5.124999999999873
973 -7.519999999999875
974 -7.604999999999873
975 -7.77999999999987
976 -7.7399999999998705
977 -7.449999999999877
978 -7.624999999999873
979 -7.559999999999874
980 -7.74999999999987
981 -7.574999999999874
982 -7.659999999999872
983 -7.5999999999998735
984 -7.76999999999987
985 -7.584999999999874
986 -7.699999999999871
987 -7.729999999999871
988 -7.689999999999872
989 -4.924999999999877
990 -7.674999999999872
991 -7.75999999999987
992 -7.639999999999873
993 -7.5999999999998735
994 -7.604999999999873
995 -7.799999999999869
996 -7.76999999999987
997 -7.75499999999987
998 -7.619999999999873
999 -7.619999999999873
1000 -7.509999999999875
1001 -7.529999999999875
1002 -7.639999999999873
1003 -7.704999999999871
1004 -5.119999999999873
1005 -7.659999999999872
1006 -7.669999999999872
1007 -7.849999999999868
1008 -7.589999999999874
1009 -7.689999999999872
1010 -7.719999999999871
1011 -7.699999999999871
1012 -5.199999999999871
1013 -7.699999999999871
1014 -5.184999999999872
1015 -5.329999999999869
1016 -7.614999999999873
1017 -7.75999999999987
1018 -7.659999999999872
1019 -7.609999999999873
1020 -7.579999999999874
1021 -7.6499999999998725
1022 -7.539999999999875
1023 -7.449999999999877
1024 -7.569999999999874
1025 -7.519999999999875
1026 -7.629999999999873
1027 -7.74999999999987
1028 -7.699999999999871
1029 -7.74499999999987
1030 -7.654999999999872
1031 -7.699999999999871
1032 -7.77999999999987
1033 -7.619999999999873
1034 -7.699999999999871
1035 -2.74499999999987
1036 -5.174999999999872
1037 -7.609999999999873
1038 -7.624999999999873
1039 -7.594999999999874
1040 -5.179999999999872
1041 -7.699999999999871
1042 -7.579999999999874
1043 -7.719999999999871
1044 -7.559999999999874
1045 -7.679999999999872
1046 -7.714999999999871
1047 -7.689999999999872
1048 -7.864999999999868
1049 -7.564999999999874
1050 -7.679999999999872
1051 -7.729999999999871
1052 -7.594999999999874
1053 -7.519999999999875
1054 -5.139999999999873
1055 -7.7399999999998705
1056 -7.629999999999873
1057 -5.219999999999871
1058 -7.7399999999998705
1059 -7.699999999999871
1060 -7.619999999999873
1061 -7.729999999999871
1062 -7.734999999999871
1063 -7.934999999999866
1064 -7.7899999999998695
1065 -7.519999999999875
1066 -7.659999999999872
1067 -7.619999999999873
1068 -7.619999999999873
1069 -7.579999999999874
1070 -7.724999999999871
1071 -7.654999999999872
1072 -7.494999999999876
1073 -7.6499999999998725
1074 -7.709999999999871
1075 -7.74499999999987
1076 -7.684999999999872
1077 -7.719999999999871
1078 -5.044999999999875
1079 -7.659999999999872
1080 -7.559999999999874
1081 -7.654999999999872
1082 -7.659999999999872
1083 -7.594999999999874
1084 -7.659999999999872
1085 -7.634999999999873
1086 -7.654999999999872
1087 -7.5999999999998735
1088 -7.609999999999873
1089 -7.574999999999874
1090 -7.594999999999874
1091 -7.624999999999873
1092 -7.74999999999987
1093 -7.559999999999874
1094 -7.75999999999987
1095 -7.77999999999987
1096 -7.639999999999873
1097 -7.569999999999874
1098 -7.819999999999869
1099 -7.669999999999872
1100 -7.699999999999871
1101 -7.719999999999871
1102 -7.494999999999876
1103 -7.579999999999874
1104 -7.589999999999874
1105 -7.659999999999872
1106 -7.699999999999871
1107 -7.604999999999873
1108 -5.209999999999871
1109 -7.699999999999871
1110 -7.589999999999874
1111 -7.709999999999871
1112 -7.549999999999875
1113 -7.679999999999872
1114 -7.75999999999987
1115 -5.114999999999873
1116 -7.7899999999998695
1117 -7.549999999999875
1118 -7.639999999999873
1119 -7.5999999999998735
1120 -7.704999999999871
1121 -7.704999999999871
1122 -7.75999999999987
1123 -7.77999999999987
1124 -7.614999999999873
1125 -7.679999999999872
1126 -7.6949999999998715
1127 -7.704999999999871
1128 -5.234999999999871
1129 -7.639999999999873
1130 -7.5549999999998745
1131 -7.709999999999871
1132 -7.544999999999875
1133 -7.5999999999998735
1134 -7.8799999999998676
1135 -7.74999999999987
1136 -7.684999999999872
1137 -5.209999999999871
1138 -7.679999999999872
1139 -7.574999999999874
1140 -7.7899999999998695
1141 -7.689999999999872
1142 -7.559999999999874
1143 -7.604999999999873
1144 -7.564999999999874
1145 -7.679999999999872
1146 -7.7899999999998695
1147 -7.519999999999875
1148 -7.78499999999987
1149 -7.5049999999998755
1150 -7.77999999999987
1151 -7.629999999999873
1152 -7.509999999999875
1153 -7.539999999999875
1154 -7.624999999999873
1155 -7.589999999999874
1156 -7.569999999999874
1157 -7.729999999999871
1158 -7.634999999999873
1159 -7.7399999999998705
1160 -5.26499999999987
1161 -7.6499999999998725
1162 -5.28499999999987
1163 -7.624999999999873
1164 -7.78499999999987
1165 -7.719999999999871
1166 -7.544999999999875
1167 -5.189999999999872
1168 -5.089999999999874
1169 -7.619999999999873
1170 -5.144999999999873
1171 -7.579999999999874
1172 -7.659999999999872
1173 -7.574999999999874
1174 -5.214999999999871
1175 -7.679999999999872
1176 -2.5699999999998737
1177 -7.639999999999873
1178 -7.559999999999874
1179 -5.27999999999987
1180 -7.6949999999998715
1181 -7.559999999999874
1182 -5.119999999999873
1183 -7.664999999999872
1184 -7.609999999999873
1185 -7.609999999999873
1186 -7.679999999999872
1187 -7.609999999999873
1188 -7.549999999999875
1189 -7.669999999999872
1190 -5.089999999999874
1191 -7.609999999999873
1192 -7.539999999999875
1193 -7.6499999999998725
1194 -7.7899999999998695
1195 -7.859999999999868
1196 -7.75999999999987
1197 -7.474999999999876
1198 -7.669999999999872
1199 -7.609999999999873
1200 -7.799999999999869
1201 -7.619999999999873
1202 -7.659999999999872
1203 -7.709999999999871
1204 -7.719999999999871
1205 -7.709999999999871
1206 -7.659999999999872
1207 -7.629999999999873
1208 -7.474999999999876
1209 -7.674999999999872
1210 -7.5549999999998745
1211 -5.2399999999998705
1212 -7.74499999999987
1213 -7.704999999999871
1214 -5.119999999999873
1215 -7.684999999999872
1216 -7.709999999999871
1217 -7.639999999999873
1218 -7.76999999999987
1219 -7.709999999999871
1220 -7.724999999999871
1221 -7.719999999999871
1222 -7.809999999999869
1223 -7.724999999999871
1224 -7.584999999999874
1225 -7.5999999999998735
1226 -7.534999999999875
1227 -7.619999999999873
1228 -7.619999999999873
1229 -7.669999999999872
1230 -7.614999999999873
1231 -7.639999999999873
1232 -4.939999999999877
1233 -7.624999999999873
1234 -7.5549999999998745
1235 -7.6499999999998725
1236 -7.569999999999874
1237 -7.74999999999987
1238 -7.5999999999998735
1239 -7.679999999999872
1240 -7.644999999999873
1241 -7.549999999999875
1242 -7.6949999999998715
1243 -7.624999999999873
1244 -7.559999999999874
1245 -5.159999999999872
1246 -7.6499999999998725
1247 -7.799999999999869
1248 -5.129999999999873
1249 -7.6949999999998715
1250 -7.849999999999868
1251 -7.659999999999872
1252 -7.699999999999871
1253 -7.75999999999987
1254 -7.77999999999987
1255 -7.629999999999873
1256 -5.064999999999874
1257 -7.569999999999874
1258 -7.719999999999871
1259 -7.644999999999873
1260 -7.579999999999874
1261 -7.684999999999872
1262 -7.644999999999873
1263 -7.539999999999875
1264 -7.854999999999868
1265 -7.819999999999869
1266 -7.634999999999873
1267 -7.679999999999872
1268 -7.654999999999872
1269 -5.179999999999872
1270 -7.674999999999872
1271 -7.724999999999871
1272 -7.689999999999872
1273 -7.639999999999873
1274 -7.509999999999875
1275 -7.534999999999875
1276 -7.639999999999873
1277 -7.809999999999869
1278 -7.809999999999869
1279 -7.654999999999872
1280 -7.77999999999987
1281 -7.544999999999875
1282 -7.614999999999873
1283 -7.5999999999998735
1284 -5.084999999999874
1285 -7.76499999999987
1286 -7.849999999999868
1287 -5.209999999999871
1288 -7.584999999999874
1289 -7.704999999999871
1290 -7.7399999999998705
1291 -2.6699999999998716
1292 -7.76999999999987
1293 -7.639999999999873
1294 -5.339999999999868
1295 -7.634999999999873
1296 -7.549999999999875
1297 -7.604999999999873
1298 -7.7399999999998705
1299 -7.644999999999873
1300 -5.114999999999873
1301 -7.619999999999873
1302 -7.78499999999987
1303 -7.5999999999998735
1304 -5.049999999999875
1305 -7.639999999999873
1306 -7.799999999999869
1307 -7.464999999999876
1308 -7.659999999999872
1309 -7.689999999999872
1310 -7.714999999999871
1311 -7.839999999999868
1312 -7.74999999999987
1313 -7.654999999999872
1314 -5.169999999999872
1315 -7.76499999999987
1316 -7.629999999999873
1317 -7.664999999999872
1318 -2.8199999999998684
1319 -7.569999999999874
1320 -7.75999999999987
1321 -7.569999999999874
1322 -7.614999999999873
1323 -5.229999999999871
1324 -7.75499999999987
1325 -7.809999999999869
1326 -7.5049999999998755
1327 -7.529999999999875
1328 -7.579999999999874
1329 -7.594999999999874
1330 -7.619999999999873
1331 -7.679999999999872
1332 -7.729999999999871
1333 -7.654999999999872
1334 -7.6949999999998715
1335 -7.5999999999998735
1336 -7.679999999999872
1337 -7.549999999999875
1338 -7.629999999999873
1339 -7.869999999999868
1340 -7.639999999999873
1341 -7.799999999999869
1342 -7.819999999999869
1343 -7.654999999999872
1344 -7.729999999999871
1345 -7.564999999999874
1346 -7.684999999999872
1347 -7.629999999999873
1348 -7.644999999999873
1349 -7.544999999999875
1350 -7.569999999999874
1351 -7.5999999999998735
1352 -7.604999999999873
1353 -7.794999999999869
1354 -7.5999999999998735
1355 -7.77999999999987
1356 -7.6949999999998715
1357 -7.609999999999873
1358 -0.1549999999998321
1359 -7.5549999999998745
1360 -7.704999999999871
1361 -7.499999999999876
1362 -7.809999999999869
1363 -7.579999999999874
1364 -7.609999999999873
1365 -2.594999999999873
1366 -7.699999999999871
1367 -7.669999999999872
1368 -7.619999999999873
1369 -7.709999999999871
1370 -7.559999999999874
1371 -7.689999999999872
1372 -7.689999999999872
1373 -7.77999999999987
1374 -7.7399999999998705
1375 -7.689999999999872
1376 -5.199999999999871
1377 -5.219999999999871
1378 -7.5999999999998735
1379 -7.569999999999874
1380 -7.809999999999869
1381 -5.124999999999873
1382 -5.014999999999875
1383 -7.689999999999872
1384 -5.094999999999874
1385 -7.629999999999873
1386 -7.609999999999873
1387 -7.589999999999874
1388 -7.77999999999987
1389 -7.674999999999872
1390 -7.529999999999875
1391 -7.589999999999874
1392 -7.549999999999875
1393 -7.644999999999873
1394 -7.5999999999998735
1395 -7.569999999999874
1396 -7.729999999999871
1397 -7.634999999999873
1398 -7.709999999999871
1399 -7.539999999999875
1400 -7.639999999999873
1401 -7.594999999999874
1402 -7.609999999999873
1403 -7.609999999999873
1404 -7.8799999999998676
1405 -7.619999999999873
1406 -7.639999999999873
1407 -7.77999999999987
1408 -7.729999999999871
1409 -4.9599999999998765
1410 -5.204999999999871
1411 -7.804999999999869
1412 -5.229999999999871
1413 -7.519999999999875
1414 -7.5999999999998735
1415 -7.654999999999872
1416 -5.179999999999872
1417 -5.084999999999874
1418 -2.7199999999998705
1419 -7.804999999999869
1420 -2.5899999999998733
1421 -5.184999999999872
1422 -7.619999999999873
1423 -7.729999999999871
1424 -7.729999999999871
1425 -7.709999999999871
1426 -7.509999999999875
1427 -7.74999999999987
1428 -7.7399999999998705
1429 -7.704999999999871
1430 -7.559999999999874
1431 -7.544999999999875
1432 -7.629999999999873
1433 -7.679999999999872
1434 -7.639999999999873
1435 -7.76499999999987
1436 -7.664999999999872
1437 -7.669999999999872
1438 -7.519999999999875
1439 -7.74999999999987
1440 -7.704999999999871
1441 -5.059999999999874
1442 -5.229999999999871
1443 -7.74499999999987
1444 -7.849999999999868
1445 -7.619999999999873
1446 -7.659999999999872
1447 -5.199999999999871
1448 -7.609999999999873
1449 -7.489999999999876
1450 -7.8349999999998685
1451 -5.179999999999872
1452 -7.5999999999998735
1453 -7.664999999999872
1454 -7.719999999999871
1455 -7.76999999999987
1456 -7.5999999999998735
1457 -5.294999999999869
1458 -7.809999999999869
1459 -7.549999999999875
1460 -7.639999999999873
1461 -7.624999999999873
1462 -7.74499999999987
1463 -7.659999999999872
1464 -7.689999999999872
1465 -7.629999999999873
1466 -7.74499999999987
1467 -7.75499999999987
1468 -7.74499999999987
1469 -7.699999999999871
1470 -7.76999999999987
1471 -7.6499999999998725
1472 -7.639999999999873
1473 -7.669999999999872
1474 -5.024999999999875
1475 -7.75999999999987
1476 -7.679999999999872
1477 -7.669999999999872
1478 -7.77999999999987
1479 -7.634999999999873
1480 -5.124999999999873
1481 -7.664999999999872
1482 -7.494999999999876
1483 -7.624999999999873
1484 -7.564999999999874
1485 -7.7899999999998695
1486 -7.609999999999873
1487 -7.654999999999872
1488 -7.669999999999872
1489 -5.159999999999872
1490 -7.589999999999874
1491 -7.669999999999872
1492 -7.609999999999873
1493 -7.704999999999871
1494 -7.5549999999998745
1495 -7.539999999999875
1496 -7.534999999999875
1497 -5.114999999999873
1498 -7.709999999999871
1499 -7.674999999999872
1500 -7.669999999999872
1501 -5.219999999999871
1502 -7.449999999999877
1503 -7.579999999999874
1504 -7.829999999999869
1505 -7.5049999999998755
1506 -7.75999999999987
1507 -7.629999999999873
1508 -7.6499999999998725
1509 -7.629999999999873
1510 -7.849999999999868
1511 -7.75499999999987
1512 -5.164999999999872
1513 -4.994999999999876
1514 -7.609999999999873
1515 -7.589999999999874
1516 -7.529999999999875
1517 -7.659999999999872
1518 -7.74499999999987
1519 -7.574999999999874
1520 -7.619999999999873
1521 -7.669999999999872
1522 -7.639999999999873
1523 -7.624999999999873
1524 -7.719999999999871
1525 -7.559999999999874
1526 -5.204999999999871
1527 -7.549999999999875
1528 -7.549999999999875
1529 -7.549999999999875
1530 -7.524999999999875
1531 -7.494999999999876
1532 -7.804999999999869
1533 -7.74999999999987
1534 -7.609999999999873
1535 -7.639999999999873
1536 -5.24499999999987
1537 -2.554999999999874
1538 -7.669999999999872
1539 -7.609999999999873
1540 -7.659999999999872
1541 -7.5999999999998735
1542 -7.719999999999871
1543 -7.679999999999872
1544 -7.809999999999869
1545 -7.6499999999998725
1546 -7.75499999999987
1547 -5.104999999999873
1548 -7.579999999999874
1549 -7.509999999999875
1550 -7.589999999999874
1551 -7.629999999999873
1552 -2.5699999999998737
1553 -7.534999999999875
1554 -7.699999999999871
1555 -7.76499999999987
1556 -7.559999999999874
1557 -5.154999999999872
1558 -7.724999999999871
1559 -7.719999999999871
1560 -7.634999999999873
1561 -7.75999999999987
1562 -7.76999999999987
1563 -7.689999999999872
1564 -7.669999999999872
1565 -7.6499999999998725
1566 -7.509999999999875
1567 -7.619999999999873
1568 -5.359999999999868
1569 -7.75999999999987
1570 -7.76499999999987
1571 -7.679999999999872
1572 -7.564999999999874
1573 -7.689999999999872
1574 -7.669999999999872
1575 -7.7399999999998705
1576 -7.76999999999987
1577 -7.6949999999998715
1578 -7.669999999999872
1579 -5.084999999999874
1580 -7.76999999999987
1581 -7.669999999999872
1582 -7.534999999999875
1583 -5.084999999999874
1584 -7.674999999999872
1585 -7.75999999999987
1586 -7.7399999999998705
1587 -7.579999999999874
1588 -7.579999999999874
1589 -7.729999999999871
1590 -7.659999999999872
1591 -7.699999999999871
1592 -7.679999999999872
1593 -7.76999999999987
1594 -7.689999999999872
1595 -7.5999999999998735
1596 -7.7399999999998705
1597 -7.564999999999874
1598 -7.674999999999872
1599 -7.619999999999873
1600 -7.654999999999872
1601 -5.084999999999874
1602 -7.659999999999872
1603 -7.539999999999875
1604 -7.74999999999987
1605 -7.74999999999987
1606 -7.569999999999874
1607 -7.8799999999998676
1608 -7.534999999999875
1609 -7.689999999999872
1610 -5.0549999999998745
1611 -5.224999999999871
1612 -7.909999999999867
1613 -7.76999999999987
1614 -7.76999999999987
1615 -7.624999999999873
1616 -7.624999999999873
1617 -7.609999999999873
1618 -5.079999999999874
1619 -7.679999999999872
1620 -7.469999999999876
1621 -7.699999999999871
1622 -5.074999999999874
1623 -7.689999999999872
1624 -7.604999999999873
1625 -7.719999999999871
1626 -7.689999999999872
1627 -4.894999999999878
1628 -7.604999999999873
1629 -7.74499999999987
1630 -7.529999999999875
1631 -7.5999999999998735
1632 -7.569999999999874
1633 -7.519999999999875
1634 -7.569999999999874
1635 -7.584999999999874
1636 -7.5999999999998735
1637 -7.579999999999874
1638 -7.684999999999872
1639 -7.424999999999877
1640 -7.75999999999987
1641 -7.589999999999874
1642 -7.454999999999877
1643 -5.229999999999871
1644 -5.0999999999998735
1645 -7.509999999999875
1646 -7.639999999999873
1647 -7.75999999999987
1648 -5.119999999999873
1649 -7.559999999999874
1650 -5.124999999999873
1651 -7.709999999999871
1652 -7.519999999999875
1653 -7.684999999999872
1654 -7.589999999999874
1655 -5.27999999999987
1656 -7.569999999999874
1657 -7.494999999999876
1658 -7.74999999999987
1659 -5.084999999999874
1660 -7.559999999999874
1661 -7.689999999999872
1662 -7.579999999999874
1663 -7.809999999999869
1664 -7.609999999999873
1665 -7.644999999999873
1666 -7.484999999999876
1667 -7.524999999999875
1668 -7.719999999999871
1669 -7.629999999999873
1670 -7.729999999999871
1671 -7.629999999999873
1672 -7.609999999999873
1673 -7.719999999999871
1674 -7.654999999999872
1675 -7.74999999999987
1676 -5.024999999999875
1677 -7.569999999999874
1678 -5.0049999999998755
1679 -7.634999999999873
1680 -4.984999999999876
1681 -7.454999999999877
1682 -7.629999999999873
1683 -7.714999999999871
1684 -7.76499999999987
1685 -5.119999999999873
1686 -7.619999999999873
1687 -7.734999999999871
1688 -7.689999999999872
1689 -7.724999999999871
1690 -7.654999999999872
1691 -7.679999999999872
1692 -7.74999999999987
1693 -5.0549999999998745
1694 -7.709999999999871
1695 -7.579999999999874
1696 -7.639999999999873
1697 -7.624999999999873
1698 -5.314999999999869
1699 -4.879999999999878
1700 -7.674999999999872
1701 -7.74999999999987
1702 -7.564999999999874
1703 -7.604999999999873
1704 -7.609999999999873
1705 -7.7399999999998705
1706 -7.469999999999876
1707 -7.734999999999871
1708 -7.804999999999869
1709 -7.559999999999874
1710 -7.74499999999987
1711 -7.76999999999987
1712 -7.76999999999987
1713 -7.819999999999869
1714 -7.734999999999871
1715 -7.619999999999873
1716 -7.709999999999871
1717 -7.74499999999987
1718 -7.539999999999875
1719 -7.6499999999998725
1720 -7.524999999999875
1721 -7.699999999999871
1722 -7.664999999999872
1723 -5.199999999999871
1724 -5.019999999999875
1725 -7.579999999999874
1726 -7.604999999999873
1727 -7.454999999999877
1728 -5.134999999999873
1729 -7.849999999999868
1730 -7.544999999999875
1731 -7.5049999999998755
1732 -7.569999999999874
1733 -7.839999999999868
1734 -7.619999999999873
1735 -7.659999999999872
1736 -7.809999999999869
1737 -7.524999999999875
1738 -4.9599999999998765
1739 -7.654999999999872
1740 -7.5999999999998735
1741 -7.724999999999871
1742 -7.609999999999873
1743 -7.74999999999987
1744 -5.129999999999873
1745 -7.659999999999872
1746 -7.699999999999871
1747 -7.654999999999872
1748 -7.629999999999873
1749 -7.664999999999872
1750 -7.8799999999998676
1751 -7.619999999999873
1752 -7.819999999999869
1753 -7.699999999999871
1754 -5.219999999999871
1755 -7.669999999999872
1756 -7.5999999999998735
1757 -7.634999999999873
1758 -7.77999999999987
1759 -5.034999999999875
1760 -7.529999999999875
1761 -7.609999999999873
1762 -7.659999999999872
1763 -7.6949999999998715
1764 -5.049999999999875
1765 -7.569999999999874
1766 -7.579999999999874
1767 -5.119999999999873
1768 -7.679999999999872
1769 -7.77999999999987
1770 -7.544999999999875
1771 -7.654999999999872
1772 -7.624999999999873
1773 -7.5999999999998735
1774 -7.604999999999873
1775 -7.559999999999874
1776 -7.75999999999987
1777 -7.814999999999869
1778 -7.5999999999998735
1779 -7.709999999999871
1780 -7.679999999999872
1781 -7.719999999999871
1782 -7.5999999999998735
1783 -2.5699999999998737
1784 -7.74999999999987
1785 -7.579999999999874
1786 -7.6949999999998715
1787 -7.674999999999872
1788 -7.77999999999987
1789 -7.639999999999873
1790 -7.609999999999873
1791 -7.449999999999877
1792 -5.0549999999998745
1793 -7.639999999999873
1794 -7.579999999999874
1795 -2.834999999999868
1796 -7.514999999999875
1797 -7.699999999999871
1798 -5.229999999999871
1799 -7.714999999999871
1800 -7.674999999999872
1801 -7.659999999999872
1802 -5.184999999999872
1803 -7.439999999999877
1804 -7.709999999999871
1805 -7.814999999999869
1806 -7.6499999999998725
1807 -7.629999999999873
1808 -7.659999999999872
1809 -7.74499999999987
1810 -7.604999999999873
1811 -7.624999999999873
1812 -7.604999999999873
1813 -7.619999999999873
1814 -7.499999999999876
1815 -7.804999999999869
1816 -7.619999999999873
1817 -5.174999999999872
1818 -7.6949999999998715
1819 -7.684999999999872
1820 -7.669999999999872
1821 -4.999999999999876
1822 -7.74999999999987
1823 -7.689999999999872
1824 -7.679999999999872
1825 -7.75999999999987
1826 -7.689999999999872
1827 -7.509999999999875
1828 -7.659999999999872
1829 -5.114999999999873
1830 -7.734999999999871
1831 -7.594999999999874
1832 -7.684999999999872
1833 -7.584999999999874
1834 -7.604999999999873
1835 -7.679999999999872
1836 -7.6499999999998725
1837 -7.5549999999998745
1838 -7.674999999999872
1839 -7.579999999999874
1840 -7.614999999999873
1841 -7.619999999999873
1842 -7.76999999999987
1843 -5.109999999999873
1844 -7.589999999999874
1845 -7.6499999999998725
1846 -7.7399999999998705
1847 -7.664999999999872
1848 -7.5999999999998735
1849 -7.6499999999998725
1850 -7.659999999999872
1851 -7.579999999999874
1852 -7.76999999999987
1853 -7.74999999999987
1854 -7.6499999999998725
1855 -7.77999999999987
1856 -5.159999999999872
1857 -7.5999999999998735
1858 -7.799999999999869
1859 -7.724999999999871
1860 -7.74999999999987
1861 -7.689999999999872
1862 -7.729999999999871
1863 -2.689999999999871
1864 -7.76999999999987
1865 -7.564999999999874
1866 -7.719999999999871
1867 -7.78499999999987
1868 -7.499999999999876
1869 -7.699999999999871
1870 -7.569999999999874
1871 -7.609999999999873
1872 -7.6499999999998725
1873 -7.659999999999872
1874 -7.75999999999987
1875 -5.219999999999871
1876 -7.639999999999873
1877 -7.709999999999871
1878 -7.659999999999872
1879 -7.6949999999998715
1880 -7.859999999999868
1881 -7.559999999999874
1882 -5.039999999999875
1883 -7.524999999999875
1884 -7.6949999999998715
1885 -5.164999999999872
1886 -7.559999999999874
1887 -7.534999999999875
1888 -7.75499999999987
1889 -7.5999999999998735
1890 -5.049999999999875
1891 -7.77999999999987
1892 -5.214999999999871
1893 -7.809999999999869
1894 -7.669999999999872
1895 -7.709999999999871
1896 -7.659999999999872
1897 -7.659999999999872
1898 -5.089999999999874
1899 -7.849999999999868
1900 -7.654999999999872
1901 -7.634999999999873
1902 -7.704999999999871
1903 -7.684999999999872
1904 -5.27999999999987
1905 -7.609999999999873
1906 -7.564999999999874
1907 -7.6499999999998725
1908 -7.594999999999874
1909 -7.664999999999872
1910 -7.76999999999987
1911 -7.7899999999998695
1912 -7.539999999999875
1913 -2.599999999999873
1914 -7.714999999999871
1915 -7.689999999999872
1916 -7.664999999999872
1917 -7.7399999999998705
1918 -7.499999999999876
1919 -7.714999999999871
1920 -5.134999999999873
1921 -5.209999999999871
1922 -7.574999999999874
1923 -7.6499999999998725
1924 -7.75999999999987
1925 -7.624999999999873
1926 -7.894999999999867
1927 -7.679999999999872
1928 -7.579999999999874
1929 -7.549999999999875
1930 -7.7399999999998705
1931 -5.144999999999873
1932 -7.709999999999871
1933 -7.699999999999871
1934 -7.639999999999873
1935 -7.699999999999871
1936 -7.489999999999876
1937 -5.154999999999872
1938 -7.6499999999998725
1939 -7.609999999999873
1940 -7.729999999999871
1941 -7.434999999999877
1942 -7.639999999999873
1943 -7.709999999999871
1944 -7.579999999999874
1945 -7.724999999999871
1946 -7.549999999999875
1947 -7.699999999999871
1948 -7.619999999999873
1949 -7.619999999999873
1950 -7.584999999999874
1951 -7.819999999999869
1952 -7.579999999999874
1953 -7.74999999999987
1954 -7.5999999999998735
1955 -7.579999999999874
1956 -7.664999999999872
1957 -5.129999999999873
1958 -5.319999999999869
1959 -7.76499999999987
1960 -7.629999999999873
1961 -7.829999999999869
1962 -7.704999999999871
1963 -7.5549999999998745
1964 -5.119999999999873
1965 -7.634999999999873
1966 -7.709999999999871
1967 -7.75999999999987
1968 -7.77499999999987
1969 -7.7899999999998695
1970 -7.709999999999871
1971 -5.184999999999872
1972 -7.499999999999876
1973 -7.74999999999987
1974 -7.844999999999868
1975 -5.0999999999998735
1976 -7.579999999999874
1977 -7.719999999999871
1978 -7.7399999999998705
1979 -5.309999999999869
1980 -7.589999999999874
1981 -7.704999999999871
1982 -7.699999999999871
1983 -7.699999999999871
1984 -7.704999999999871
1985 -7.709999999999871
1986 -7.614999999999873
1987 -5.114999999999873
1988 -7.639999999999873
1989 -7.644999999999873
1990 -7.75999999999987
1991 -7.639999999999873
1992 -7.74499999999987
1993 -7.669999999999872
1994 -5.084999999999874
1995 -7.77999999999987
1996 -5.1949999999998715
1997 -7.589999999999874
1998 -5.169999999999872
1999 -7.684999999999872
4502.034678936005
