0 -2.5599999999999365
1 -2.6149999999999354
2 -2.5649999999999364
3 -0.09499999999991557
4 -2.6049999999999356
5 -2.5199999999999374
6 -3.2899999999999414
7 -4.689999999999929
8 -7.399999999999877
9 -7.279999999999879
10 -2.814999999999931
11 -3.3899999999999393
12 -2.6099999999999355
13 -2.534999999999937
14 -2.5549999999999367
15 -2.4699999999999385
16 -0.15499999999991562
17 -2.639999999999935
18 -2.629999999999935
19 -6.714999999999889
20 -2.594999999999936
21 -2.639999999999935
22 -2.6649999999999343
23 -2.544999999999937
24 -2.529999999999937
25 -2.7099999999999334
26 -2.5549999999999367
27 -2.5549999999999367
28 -2.629999999999935
29 -2.5649999999999364
30 -2.539999999999937
31 -2.6449999999999347
32 -2.629999999999935
33 -0.07999999999991556
34 -2.5749999999999362
35 -2.579999999999936
36 -2.624999999999935
37 -2.5549999999999367
38 -2.5499999999999368
39 -2.5499999999999368
40 -2.589999999999936
41 -2.5199999999999374
42 -2.6099999999999355
43 -2.539999999999937
44 -2.669999999999934
45 -2.579999999999936
46 -2.6899999999999338
47 -2.594999999999936
48 -2.669999999999934
49 -2.6499999999999346
50 -2.5699999999999363
51 -2.5749999999999362
52 -2.6449999999999347
53 -2.6449999999999347
54 -2.634999999999935
55 -2.6149999999999354
56 -2.5549999999999367
57 -2.544999999999937
58 -2.634999999999935
59 -2.5749999999999362
60 -2.5599999999999365
61 -2.6049999999999356
62 -2.894999999999933
63 -2.719999999999933
64 -2.594999999999936
65 -2.6499999999999346
66 -2.5749999999999362
67 -2.589999999999936
68 -2.674999999999934
69 -4.269999999999926
70 -2.834999999999933
71 -3.1399999999999415
72 -3.1349999999999403
73 -2.809999999999932
74 -2.6449999999999347
75 -2.6599999999999344
76 -2.5599999999999365
77 -2.5149999999999375
78 -2.634999999999935
79 -0.03499999999991556
80 -2.5549999999999367
81 -2.594999999999936
82 -2.6449999999999347
83 -2.5099999999999376
84 -2.5149999999999375
85 -2.579999999999936
86 -2.539999999999937
87 -2.634999999999935
88 -2.584999999999936
89 -2.6449999999999347
90 -2.6649999999999343
91 -2.624999999999935
92 -2.5999999999999357
93 -2.6099999999999355
94 -2.5149999999999375
95 -2.6049999999999356
96 -2.6649999999999343
97 -2.679999999999934
98 -2.6049999999999356
99 -2.5999999999999357
100 -2.6899999999999338
101 -3.43999999999992
102 -2.534999999999937
103 -2.7849999999999318
104 -2.4799999999999383
105 -2.7049999999999335
106 -2.6949999999999337
107 -2.5499999999999368
108 -2.5999999999999357
109 -2.5999999999999357
110 -0.07499999999991555
111 -2.6099999999999355
112 -2.539999999999937
113 -2.6099999999999355
114 -2.8899999999999353
115 -0.05499999999991555
116 -2.594999999999936
117 -2.5599999999999365
118 -2.6199999999999353
119 -2.5549999999999367
120 -2.6899999999999338
121 -2.534999999999937
122 -2.729999999999933
123 -2.5499999999999368
124 -2.5599999999999365
125 -2.6199999999999353
126 -2.669999999999934
127 -2.6499999999999346
128 -2.719999999999933
129 -0.15499999999991562
130 -2.6099999999999355
131 -2.6649999999999343
132 -2.6199999999999353
133 -2.6049999999999356
134 -2.529999999999937
135 -2.594999999999936
136 -2.629999999999935
137 -2.729999999999933
138 -2.6549999999999345
139 -2.6049999999999356
140 -2.6649999999999343
141 -2.6599999999999344
142 -2.589999999999936
143 -2.5749999999999362
144 -2.6199999999999353
145 -2.5649999999999364
146 -2.6449999999999347
147 -2.784999999999932
148 -2.6049999999999356
149 -2.5249999999999373
150 -2.539999999999937
151 -2.5649999999999364
152 -2.6149999999999354
153 -0.17999999999991564
154 -2.7499999999999325
155 -2.5249999999999373
156 -2.634999999999935
157 -2.6549999999999345
158 -2.584999999999936
159 -2.684999999999934
160 -2.579999999999936
161 -2.594999999999936
162 -2.6049999999999356
163 -2.674999999999934
164 -2.534999999999937
165 -2.634999999999935
166 -2.584999999999936
167 -0.09999999999991557
168 -2.629999999999935
169 -2.7849999999999318
170 -2.5999999999999357
171 -2.5699999999999363
172 -2.5049999999999377
173 -2.6499999999999346
174 -2.6549999999999345
175 -2.5599999999999365
176 -2.5499999999999368
177 -2.5749999999999362
178 -2.719999999999933
179 -2.589999999999936
180 -2.6999999999999336
181 -2.6149999999999354
182 -2.5599999999999365
183 -2.6049999999999356
184 -2.7149999999999332
185 -2.5499999999999368
186 -2.5699999999999363
187 -2.624999999999935
188 -2.684999999999934
189 -2.6449999999999347
190 -2.539999999999937
191 -2.594999999999936
192 -2.589999999999936
193 -2.6549999999999345
194 -2.669999999999934
195 -0.08999999999991556
196 -2.579999999999936
197 -2.629999999999935
198 -2.6949999999999337
199 -2.499999999999938
200 -2.5599999999999365
201 -2.5749999999999362
202 -2.6549999999999345
203 -2.594999999999936
204 -2.589999999999936
205 -2.679999999999934
206 -2.5999999999999357
207 -2.579999999999936
208 -2.829999999999931
209 -0.16499999999991563
210 -2.6099999999999355
211 -2.6099999999999355
212 -2.5999999999999357
213 -2.6449999999999347
214 -2.594999999999936
215 -2.669999999999934
216 -2.639999999999935
217 -2.774999999999932
218 -2.589999999999936
219 -2.6599999999999344
220 -2.5999999999999357
221 -2.6099999999999355
222 -2.6449999999999347
223 -2.5499999999999368
224 -2.5749999999999362
225 -2.6649999999999343
226 -2.6149999999999354
227 -2.579999999999936
228 -2.529999999999937
229 -2.5649999999999364
230 -2.5549999999999367
231 -2.529999999999937
232 -2.539999999999937
233 -2.669999999999934
234 -2.7399999999999327
235 -2.5149999999999375
236 -2.529999999999937
237 -2.5649999999999364
238 -2.6049999999999356
239 -2.5549999999999367
240 -2.6149999999999354
241 -2.684999999999934
242 -2.5549999999999367
243 -2.6449999999999347
244 -2.6049999999999356
245 -2.6649999999999343
246 -2.5149999999999375
247 -2.5749999999999362
248 -2.5549999999999367
249 -2.5099999999999376
250 -2.5699999999999363
251 -2.5599999999999365
252 -2.6199999999999353
253 -2.6149999999999354
254 -2.589999999999936
255 -2.6149999999999354
256 -2.629999999999935
257 -2.539999999999937
258 -2.5999999999999357
259 -2.634999999999935
260 -2.579999999999936
261 -2.5199999999999374
262 -2.7899999999999316
263 -2.6899999999999338
264 -2.6149999999999354
265 -2.679999999999934
266 -2.5999999999999357
267 -2.529999999999937
268 -0.059999999999915545
269 -2.6099999999999355
270 -2.5149999999999375
271 -2.6599999999999344
272 -2.5549999999999367
273 -2.529999999999937
274 -2.5749999999999362
275 -2.534999999999937
276 -2.6899999999999338
277 -2.539999999999937
278 -2.5599999999999365
279 -2.6199999999999353
280 -2.5999999999999357
281 -2.594999999999936
282 -2.4649999999999386
283 -2.6099999999999355
284 -2.684999999999934
285 -2.584999999999936
286 -2.5749999999999362
287 -2.724999999999933
288 -2.584999999999936
289 -2.5699999999999363
290 -2.6099999999999355
291 -2.5549999999999367
292 -2.5249999999999373
293 -2.5199999999999374
294 -2.5649999999999364
295 -2.4599999999999387
296 -2.5499999999999368
297 -2.634999999999935
298 -2.589999999999936
299 -2.6649999999999343
300 -2.579999999999936
301 -2.6149999999999354
302 -2.6049999999999356
303 -2.6549999999999345
304 -2.594999999999936
305 -2.579999999999936
306 -2.544999999999937
307 -2.6049999999999356
308 -2.6549999999999345
309 -2.5549999999999367
310 -2.5599999999999365
311 -2.544999999999937
312 -2.494999999999938
313 -2.5649999999999364
314 -2.5199999999999374
315 -2.544999999999937
316 -2.579999999999936
317 -2.534999999999937
318 -2.6149999999999354
319 -2.6599999999999344
320 -2.629999999999935
321 -2.579999999999936
322 -2.5599999999999365
323 -2.584999999999936
324 -2.5249999999999373
325 -2.679999999999934
326 -2.6449999999999347
327 -2.6199999999999353
328 -2.589999999999936
329 -2.5749999999999362
330 -2.5599999999999365
331 -2.5649999999999364
332 -2.5699999999999363
333 -2.724999999999933
334 -2.639999999999935
335 -2.629999999999935
336 -2.5699999999999363
337 -2.584999999999936
338 -2.639999999999935
339 -2.6449999999999347
340 -2.5599999999999365
341 -2.5649999999999364
342 -2.5549999999999367
343 -2.5999999999999357
344 -2.629999999999935
345 -2.5499999999999368
346 -2.764999999999932
347 -2.6099999999999355
348 -0.07999999999991556
349 -2.544999999999937
350 -2.634999999999935
351 -2.589999999999936
352 -2.6449999999999347
353 -2.5749999999999362
354 -2.639999999999935
355 -2.5699999999999363
356 -2.6099999999999355
357 -2.6549999999999345
358 -2.674999999999934
359 -2.6099999999999355
360 -2.534999999999937
361 -2.6149999999999354
362 -2.6199999999999353
363 -0.08999999999991556
364 -2.629999999999935
365 -2.5999999999999357
366 -2.6099999999999355
367 -0.15499999999991562
368 -2.594999999999936
369 -2.5549999999999367
370 -2.6949999999999337
371 -2.639999999999935
372 -2.669999999999934
373 -2.5999999999999357
374 -2.629999999999935
375 -2.639999999999935
376 -2.5699999999999363
377 -2.589999999999936
378 -2.634999999999935
379 -2.5499999999999368
380 -2.6599999999999344
381 -2.624999999999935
382 -2.5599999999999365
383 -2.6949999999999337
384 -2.7049999999999335
385 -2.634999999999935
386 -2.6099999999999355
387 -2.5999999999999357
388 -2.544999999999937
389 -2.594999999999936
390 -2.589999999999936
391 -2.5599999999999365
392 -2.6549999999999345
393 -2.5099999999999376
394 -2.5499999999999368
395 -2.669999999999934
396 -2.6149999999999354
397 -2.629999999999935
398 -2.734999999999933
399 -2.6199999999999353
400 -2.6199999999999353
401 -2.674999999999934
402 -2.629999999999935
403 -2.5649999999999364
404 -2.539999999999937
405 -2.6099999999999355
406 -2.584999999999936
407 -2.6049999999999356
408 -2.6099999999999355
409 -2.6099999999999355
410 -2.5549999999999367
411 -2.5599999999999365
412 -2.594999999999936
413 -0.04999999999991555
414 -2.639999999999935
415 -2.529999999999937
416 -2.6049999999999356
417 -2.5499999999999368
418 -2.544999999999937
419 -2.579999999999936
420 -2.579999999999936
421 -2.589999999999936
422 -0.08999999999991556
423 -0.15999999999991563
424 -2.629999999999935
425 -2.5549999999999367
426 -2.6599999999999344
427 -2.6199999999999353
428 -2.6099999999999355
429 -2.5999999999999357
430 -0.05499999999991555
431 -2.634999999999935
432 -2.6599999999999344
433 -2.629999999999935
434 -2.584999999999936
435 -2.6499999999999346
436 -0.08499999999991556
437 -2.584999999999936
438 -2.579999999999936
439 -2.6949999999999337
440 -2.5199999999999374
441 -2.5999999999999357
442 -2.6599999999999344
443 -2.5749999999999362
444 -2.5599999999999365
445 -2.5499999999999368
446 -2.5999999999999357
447 -2.584999999999936
448 -2.6149999999999354
449 -2.534999999999937
450 -2.5649999999999364
451 -0.059999999999915545
452 -2.499999999999938
453 -2.6099999999999355
454 -2.5649999999999364
455 -2.584999999999936
456 -2.6549999999999345
457 -2.6599999999999344
458 -2.5749999999999362
459 -2.6549999999999345
460 -2.6549999999999345
461 -2.584999999999936
462 -2.584999999999936
463 -2.5249999999999373
464 -0.059999999999915545
465 -2.5749999999999362
466 -0.009999999999915556
467 -2.6199999999999353
468 -2.5999999999999357
469 -2.579999999999936
470 -2.5999999999999357
471 -2.629999999999935
472 -2.579999999999936
473 -2.484999999999938
474 -2.5649999999999364
475 -2.539999999999937
476 -2.544999999999937
477 -2.5649999999999364
478 -2.5749999999999362
479 -2.6199999999999353
480 -2.6049999999999356
481 -2.5149999999999375
482 -2.6149999999999354
483 -2.6649999999999343
484 -2.6649999999999343
485 -2.5999999999999357
486 -2.5149999999999375
487 -2.684999999999934
488 -2.6049999999999356
489 -2.5749999999999362
490 -2.674999999999934
491 -2.5999999999999357
492 -2.6149999999999354
493 -2.6149999999999354
494 -2.594999999999936
495 -2.6099999999999355
496 -2.6549999999999345
497 -2.6149999999999354
498 -2.6049999999999356
499 -2.639999999999935
500 -2.6199999999999353
501 -2.6199999999999353
502 -2.624999999999935
503 -2.6949999999999337
504 -2.499999999999938
505 -2.5549999999999367
506 -2.5749999999999362
507 -2.6199999999999353
508 -2.5699999999999363
509 -2.6199999999999353
510 -2.624999999999935
511 -2.669999999999934
512 -2.584999999999936
513 -2.5649999999999364
514 -2.6149999999999354
515 -2.5649999999999364
516 -2.769999999999932
517 -2.7599999999999323
518 -2.5699999999999363
519 -2.6899999999999338
520 -2.6549999999999345
521 -2.6149999999999354
522 -2.494999999999938
523 -2.5649999999999364
524 -2.579999999999936
525 -2.639999999999935
526 -2.5649999999999364
527 -2.5199999999999374
528 -2.629999999999935
529 -2.6499999999999346
530 -2.679999999999934
531 -2.4699999999999385
532 -2.5699999999999363
533 -2.5549999999999367
534 -2.629999999999935
535 -2.5749999999999362
536 -2.5649999999999364
537 -2.624999999999935
538 -2.624999999999935
539 -2.669999999999934
540 -2.534999999999937
541 -2.594999999999936
542 -2.594999999999936
543 -2.539999999999937
544 -0.02999999999991556
545 -2.6149999999999354
546 -2.5549999999999367
547 -2.5599999999999365
548 -2.5699999999999363
549 2.520000000000106
550 -2.5149999999999375
551 -2.5549999999999367
552 -2.579999999999936
553 -2.5649999999999364
554 -2.629999999999935
555 -2.5599999999999365
556 -2.6199999999999353
557 -2.539999999999937
558 -2.5599999999999365
559 -2.6449999999999347
560 -2.6099999999999355
561 -2.5649999999999364
562 -2.4749999999999384
563 -2.5699999999999363
564 -2.5649999999999364
565 -2.629999999999935
566 -2.5249999999999373
567 -2.579999999999936
568 -2.539999999999937
569 -2.624999999999935
570 -2.5199999999999374
571 -2.5999999999999357
572 -2.5649999999999364
573 -2.539999999999937
574 -2.6049999999999356
575 -2.6199999999999353
576 -2.6049999999999356
577 -2.5649999999999364
578 -2.534999999999937
579 -2.589999999999936
580 -2.5549999999999367
581 -2.634999999999935
582 -2.534999999999937
583 -2.5549999999999367
584 -2.5249999999999373
585 -2.534999999999937
586 -2.5999999999999357
587 -2.624999999999935
588 -2.5149999999999375
589 -2.5499999999999368
590 -2.5649999999999364
591 -2.6199999999999353
592 -2.539999999999937
593 -2.624999999999935
594 -2.6149999999999354
595 -2.5999999999999357
596 -2.6049999999999356
597 -2.589999999999936
598 -2.639999999999935
599 -2.579999999999936
600 -2.5999999999999357
601 -2.584999999999936
602 -2.5999999999999357
603 -2.6899999999999338
604 -2.534999999999937
605 -2.594999999999936
606 -2.6049999999999356
607 -2.5699999999999363
608 -2.544999999999937
609 -2.6499999999999346
610 -2.674999999999934
611 -2.5199999999999374
612 -2.589999999999936
613 -2.5599999999999365
614 -2.5549999999999367
615 -2.579999999999936
616 -2.5199999999999374
617 -2.634999999999935
618 -2.6649999999999343
619 -2.529999999999937
620 -2.5199999999999374
621 -2.624999999999935
622 -2.624999999999935
623 -2.624999999999935
624 -2.589999999999936
625 -2.6099999999999355
626 -2.589999999999936
627 -0.11499999999991559
628 -2.594999999999936
629 -2.634999999999935
630 -2.5999999999999357
631 -2.5699999999999363
632 -2.5549999999999367
633 -2.6149999999999354
634 -2.669999999999934
635 -2.6599999999999344
636 -2.624999999999935
637 -2.584999999999936
638 -2.6449999999999347
639 -2.624999999999935
640 -2.629999999999935
641 -2.674999999999934
642 -2.5999999999999357
643 -2.6949999999999337
644 -2.669999999999934
645 -2.5549999999999367
646 -2.6149999999999354
647 -2.7599999999999323
648 -2.6099999999999355
649 -2.534999999999937
650 -2.669999999999934
651 -2.5599999999999365
652 -2.6649999999999343
653 -2.594999999999936
654 -2.634999999999935
655 -2.6599999999999344
656 -2.6449999999999347
657 -2.6449999999999347
658 -2.589999999999936
659 -2.544999999999937
660 -2.6099999999999355
661 -2.6499999999999346
662 -2.6649999999999343
663 -2.624999999999935
664 -2.579999999999936
665 -2.6099999999999355
666 -2.584999999999936
667 -2.579999999999936
668 -2.6599999999999344
669 -2.6099999999999355
670 -2.5999999999999357
671 -2.589999999999936
672 -2.6199999999999353
673 -2.6199999999999353
674 -2.6149999999999354
675 -2.6949999999999337
676 -2.6599999999999344
677 -2.6149999999999354
678 -2.5999999999999357
679 -2.624999999999935
680 -2.544999999999937
681 -0.09499999999991557
682 -2.724999999999933
683 -2.5199999999999374
684 -2.6199999999999353
685 -0.2449999999999157
686 -2.734999999999933
687 -2.539999999999937
688 -2.6049999999999356
689 -2.5599999999999365
690 -2.5599999999999365
691 -2.6049999999999356
692 -2.669999999999934
693 -2.624999999999935
694 -2.544999999999937
695 -2.5999999999999357
696 -2.579999999999936
697 -0.06499999999991554
698 -2.584999999999936
699 -2.6599999999999344
700 -2.529999999999937
701 -0.20499999999991567
702 -2.5149999999999375
703 -2.5149999999999375
704 -2.594999999999936
705 -2.579999999999936
706 -2.5999999999999357
707 -2.539999999999937
708 -2.639999999999935
709 -2.639999999999935
710 -2.6199999999999353
711 -2.6149999999999354
712 -2.5749999999999362
713 -2.539999999999937
714 -2.589999999999936
715 -2.6099999999999355
716 -2.634999999999935
717 -2.589999999999936
718 -2.6499999999999346
719 -2.6049999999999356
720 -2.579999999999936
721 -2.5999999999999357
722 -2.629999999999935
723 -2.6449999999999347
724 -2.589999999999936
725 -2.6049999999999356
726 -2.624999999999935
727 -2.5549999999999367
728 -2.6049999999999356
729 -2.6099999999999355
730 -2.624999999999935
731 -2.5499999999999368
732 -2.624999999999935
733 -2.584999999999936
734 -2.5199999999999374
735 -2.5549999999999367
736 -2.639999999999935
737 -2.639999999999935
738 -2.534999999999937
739 -2.6099999999999355
740 -2.539999999999937
741 -2.6199999999999353
742 -2.499999999999938
743 -2.6599999999999344
744 -2.589999999999936
745 -2.589999999999936
746 -2.679999999999934
747 -2.6199999999999353
748 -2.589999999999936
749 -2.6149999999999354
750 -2.579999999999936
751 -2.5699999999999363
752 -2.5649999999999364
753 -2.584999999999936
754 -2.5499999999999368
755 -2.584999999999936
756 8.444460408707499e-14
757 -2.5549999999999367
758 -2.544999999999937
759 -2.629999999999935
760 -2.6649999999999343
761 -2.634999999999935
762 -2.684999999999934
763 -2.6099999999999355
764 -2.4799999999999383
765 -2.639999999999935
766 -2.5499999999999368
767 -2.594999999999936
768 -0.08499999999991556
769 -2.629999999999935
770 -2.5749999999999362
771 -2.5599999999999365
772 -2.579999999999936
773 -2.6199999999999353
774 -2.6899999999999338
775 -2.6199999999999353
776 -2.6549999999999345
777 -2.5149999999999375
778 -2.5599999999999365
779 -2.584999999999936
780 -2.6649999999999343
781 -2.579999999999936
782 -2.6049999999999356
783 -2.639999999999935
784 -2.6549999999999345
785 -2.5249999999999373
786 2.4550000000001075
787 -2.6449999999999347
788 -2.674999999999934
789 -2.6049999999999356
790 -0.07499999999991555
791 -2.7149999999999332
792 -2.5499999999999368
793 -2.539999999999937
794 -2.6599999999999344
795 -2.579999999999936
796 -2.629999999999935
797 -2.624999999999935
798 -2.6099999999999355
799 -2.6499999999999346
800 -2.629999999999935
801 -2.6149999999999354
802 -2.624999999999935
803 -2.539999999999937
804 -2.5149999999999375
805 -2.5999999999999357
806 -2.5749999999999362
807 -2.6199999999999353
808 -2.5699999999999363
809 -2.6049999999999356
810 -2.6199999999999353
811 -2.6049999999999356
812 -2.579999999999936
813 -2.534999999999937
814 -2.5249999999999373
815 -2.5999999999999357
816 -2.6199999999999353
817 -2.639999999999935
818 -2.624999999999935
819 -2.534999999999937
820 -2.584999999999936
821 -2.5699999999999363
822 -0.14999999999991562
823 -2.674999999999934
824 -2.594999999999936
825 -0.10499999999991558
826 -2.634999999999935
827 -2.5499999999999368
828 -2.5199999999999374
829 -2.6649999999999343
830 -2.589999999999936
831 -2.634999999999935
832 -2.584999999999936
833 -2.5199999999999374
834 -2.594999999999936
835 -2.6049999999999356
836 -2.6099999999999355
837 -2.639999999999935
838 -2.5749999999999362
839 -2.594999999999936
840 -2.589999999999936
841 -2.6499999999999346
842 -2.579999999999936
843 -2.6049999999999356
844 -2.454999999999939
845 -2.534999999999937
846 -2.624999999999935
847 -2.5999999999999357
848 -2.579999999999936
849 -2.5549999999999367
850 -2.6449999999999347
851 -2.6449999999999347
852 -2.594999999999936
853 -2.5649999999999364
854 -2.594999999999936
855 -0.0049999999999155555
856 -2.629999999999935
857 -2.6149999999999354
858 -2.624999999999935
859 -0.09999999999991557
860 -2.624999999999935
861 -2.6549999999999345
862 -2.5549999999999367
863 -0.1349999999999156
864 -2.5549999999999367
865 -2.594999999999936
866 -2.499999999999938
867 -0.07499999999991555
868 -2.6149999999999354
869 -2.6199999999999353
870 -2.6149999999999354
871 -2.5549999999999367
872 -2.6449999999999347
873 -2.589999999999936
874 -2.5649999999999364
875 -2.5999999999999357
876 -2.679999999999934
877 -2.5549999999999367
878 -2.5749999999999362
879 -2.5749999999999362
880 -2.5749999999999362
881 -2.7399999999999327
882 -2.584999999999936
883 -2.594999999999936
884 -2.5099999999999376
885 -2.539999999999937
886 -2.669999999999934
887 -2.544999999999937
888 -2.5749999999999362
889 -2.584999999999936
890 -2.589999999999936
891 -2.6049999999999356
892 -2.589999999999936
893 -2.6049999999999356
894 -2.5999999999999357
895 -2.6049999999999356
896 -2.5499999999999368
897 -2.679999999999934
898 -2.589999999999936
899 -2.5749999999999362
900 -2.624999999999935
901 -2.579999999999936
902 -2.5599999999999365
903 -2.5249999999999373
904 -2.6049999999999356
905 -2.4599999999999387
906 -2.6049999999999356
907 -2.679999999999934
908 -2.594999999999936
909 -2.6549999999999345
910 -2.544999999999937
911 -2.5699999999999363
912 -2.639999999999935
913 -2.624999999999935
914 -2.7049999999999335
915 -2.679999999999934
916 -2.6499999999999346
917 -2.629999999999935
918 -2.5599999999999365
919 -2.5749999999999362
920 -2.499999999999938
921 -2.5699999999999363
922 -2.5149999999999375
923 -2.6149999999999354
924 -2.6149999999999354
925 -2.594999999999936
926 -2.6099999999999355
927 -2.584999999999936
928 -2.6099999999999355
929 -2.5699999999999363
930 -2.589999999999936
931 -2.629999999999935
932 -2.5649999999999364
933 -2.579999999999936
934 -2.529999999999937
935 -2.5649999999999364
936 -2.5749999999999362
937 -2.5049999999999377
938 -2.534999999999937
939 -2.5199999999999374
940 -2.639999999999935
941 -2.589999999999936
942 -2.539999999999937
943 -2.5749999999999362
944 -2.5499999999999368
945 -2.6149999999999354
946 -2.594999999999936
947 -2.5249999999999373
948 -2.5249999999999373
949 -2.5599999999999365
950 -2.6649999999999343
951 -2.589999999999936
952 -2.5749999999999362
953 -2.5999999999999357
954 -2.6149999999999354
955 -2.6649999999999343
956 -2.5749999999999362
957 -2.529999999999937
958 -2.6549999999999345
959 -2.674999999999934
960 -2.6899999999999338
961 -2.5699999999999363
962 -2.624999999999935
963 -0.07499999999991555
964 -2.584999999999936
965 -2.594999999999936
966 -2.529999999999937
967 -2.594999999999936
968 -2.6049999999999356
969 -2.5999999999999357
970 -2.6149999999999354
971 -2.544999999999937
972 -2.6049999999999356
973 -2.5049999999999377
974 -2.6049999999999356
975 -0.03499999999991556
976 -2.629999999999935
977 -2.624999999999935
978 -2.5699999999999363
979 -2.5549999999999367
980 -0.15499999999991562
981 -2.5699999999999363
982 -0.14999999999991562
983 -2.6199999999999353
984 -2.579999999999936
985 -2.544999999999937
986 -2.5549999999999367
987 -2.629999999999935
988 -2.6999999999999336
989 -2.729999999999933
990 -2.634999999999935
991 -2.6599999999999344
992 -2.529999999999937
993 -2.579999999999936
994 -2.5149999999999375
995 -2.5149999999999375
996 -2.6549999999999345
997 -2.6649999999999343
998 -2.5599999999999365
999 -2.584999999999936
1000 -2.594999999999936
1001 -2.5999999999999357
1002 -2.624999999999935
1003 -2.624999999999935
1004 -2.6149999999999354
1005 -2.499999999999938
1006 -2.624999999999935
1007 2.4450000000001078
1008 -2.624999999999935
1009 -2.634999999999935
1010 -2.589999999999936
1011 -2.6149999999999354
1012 -2.579999999999936
1013 -2.589999999999936
1014 -2.5699999999999363
1015 -2.539999999999937
1016 -2.634999999999935
1017 -2.5699999999999363
1018 -2.5599999999999365
1019 -2.6999999999999336
1020 -2.484999999999938
1021 -2.5749999999999362
1022 -2.5999999999999357
1023 -2.6099999999999355
1024 -2.634999999999935
1025 -2.539999999999937
1026 -2.534999999999937
1027 -2.584999999999936
1028 -2.5599999999999365
1029 -2.5499999999999368
1030 -2.629999999999935
1031 -2.534999999999937
1032 -2.629999999999935
1033 -2.6049999999999356
1034 -2.5649999999999364
1035 -2.5599999999999365
1036 -2.6549999999999345
1037 -2.634999999999935
1038 -2.489999999999938
1039 -2.5699999999999363
1040 -2.6449999999999347
1041 -2.584999999999936
1042 -2.5699999999999363
1043 -2.6049999999999356
1044 -2.624999999999935
1045 -2.594999999999936
1046 -2.6049999999999356
1047 -2.584999999999936
1048 -2.6049999999999356
1049 -2.584999999999936
1050 -0.07499999999991555
1051 -2.5599999999999365
1052 -2.5649999999999364
1053 -2.6649999999999343
1054 -2.594999999999936
1055 -2.579999999999936
1056 -2.494999999999938
1057 -2.6649999999999343
1058 -2.6049999999999356
1059 -2.534999999999937
1060 -0.11999999999991559
1061 -2.764999999999932
1062 -2.6499999999999346
1063 -2.5999999999999357
1064 -0.10999999999991558
1065 -2.6049999999999356
1066 -2.624999999999935
1067 -2.5999999999999357
1068 -2.6449999999999347
1069 -2.5549999999999367
1070 -2.6549999999999345
1071 -2.5099999999999376
1072 -2.5999999999999357
1073 -2.639999999999935
1074 -2.6049999999999356
1075 -2.5649999999999364
1076 -2.5249999999999373
1077 -2.529999999999937
1078 -2.674999999999934
1079 -2.634999999999935
1080 -2.624999999999935
1081 -2.6499999999999346
1082 -2.579999999999936
1083 -2.5499999999999368
1084 -2.5699999999999363
1085 -2.5999999999999357
1086 -2.729999999999933
1087 -2.6599999999999344
1088 -2.5499999999999368
1089 -2.544999999999937
1090 -2.534999999999937
1091 -2.584999999999936
1092 -0.14999999999991562
1093 -0.019999999999915558
1094 -2.634999999999935
1095 -2.634999999999935
1096 -2.5999999999999357
1097 -2.6449999999999347
1098 -2.4699999999999385
1099 -2.5499999999999368
1100 -2.629999999999935
1101 -2.579999999999936
1102 -2.624999999999935
1103 -2.5749999999999362
1104 -2.5999999999999357
1105 -2.579999999999936
1106 -2.6099999999999355
1107 -2.634999999999935
1108 -2.5149999999999375
1109 -2.629999999999935
1110 -2.6099999999999355
1111 -2.579999999999936
1112 -2.5649999999999364
1113 -2.589999999999936
1114 -2.729999999999933
1115 -2.529999999999937
1116 -2.6149999999999354
1117 -2.594999999999936
1118 -2.5499999999999368
1119 -2.529999999999937
1120 -2.579999999999936
1121 -2.5649999999999364
1122 -2.5699999999999363
1123 -2.5199999999999374
1124 -2.674999999999934
1125 -2.629999999999935
1126 -2.6449999999999347
1127 -2.6149999999999354
1128 -2.5749999999999362
1129 -2.674999999999934
1130 -2.6099999999999355
1131 -2.5999999999999357
1132 -2.5199999999999374
1133 -2.629999999999935
1134 -2.5999999999999357
1135 -2.629999999999935
1136 -2.624999999999935
1137 -2.6149999999999354
1138 -2.5049999999999377
1139 -2.5249999999999373
1140 -2.579999999999936
1141 -2.6899999999999338
1142 -2.5599999999999365
1143 -2.5699999999999363
1144 -2.624999999999935
1145 -2.6049999999999356
1146 -2.5599999999999365
1147 -2.6449999999999347
1148 -2.594999999999936
1149 -2.5549999999999367
1150 -2.5499999999999368
1151 -2.679999999999934
1152 -2.6049999999999356
1153 -2.579999999999936
1154 -2.639999999999935
1155 -2.534999999999937
1156 -2.6199999999999353
1157 -2.534999999999937
1158 -2.624999999999935
1159 -2.639999999999935
1160 -2.5549999999999367
1161 -2.679999999999934
1162 -2.629999999999935
1163 -2.539999999999937
1164 -2.6149999999999354
1165 -2.6549999999999345
1166 -0.08499999999991556
1167 -2.5249999999999373
1168 -2.5999999999999357
1169 -2.5549999999999367
1170 -2.5749999999999362
1171 -2.594999999999936
1172 -2.7049999999999335
1173 -2.6199999999999353
1174 -2.5999999999999357
1175 -2.5999999999999357
1176 -2.674999999999934
1177 -2.529999999999937
1178 -2.674999999999934
1179 -2.5499999999999368
1180 -2.5549999999999367
1181 -2.6149999999999354
1182 -2.534999999999937
1183 -2.5699999999999363
1184 -2.5099999999999376
1185 -2.634999999999935
1186 -2.6149999999999354
1187 -2.5049999999999377
1188 -2.6149999999999354
1189 -2.629999999999935
1190 -2.6499999999999346
1191 -2.5699999999999363
1192 -0.11499999999991559
1193 -2.6449999999999347
1194 -2.579999999999936
1195 -2.6199999999999353
1196 -2.729999999999933
1197 -2.629999999999935
1198 -2.5549999999999367
1199 -0.09999999999991557
1200 -2.684999999999934
1201 -2.4649999999999386
1202 -2.594999999999936
1203 -2.584999999999936
1204 -2.674999999999934
1205 -2.5999999999999357
1206 -2.5699999999999363
1207 -2.5099999999999376
1208 -2.5549999999999367
1209 -2.5749999999999362
1210 -2.6099999999999355
1211 -2.534999999999937
1212 -2.534999999999937
1213 -2.5499999999999368
1214 -2.589999999999936
1215 -2.624999999999935
1216 -2.679999999999934
1217 -2.6199999999999353
1218 -2.484999999999938
1219 -2.5599999999999365
1220 -2.5749999999999362
1221 -2.6499999999999346
1222 -2.6149999999999354
1223 -2.5599999999999365
1224 -2.579999999999936
1225 -2.5499999999999368
1226 -2.6199999999999353
1227 -2.634999999999935
1228 -2.6449999999999347
1229 -2.629999999999935
1230 -2.5699999999999363
1231 -2.5749999999999362
1232 -2.529999999999937
1233 -2.5749999999999362
1234 -2.5099999999999376
1235 -2.594999999999936
1236 -2.639999999999935
1237 -2.5499999999999368
1238 -2.5049999999999377
1239 -2.5499999999999368
1240 -2.539999999999937
1241 -2.5649999999999364
1242 -2.5199999999999374
1243 -2.6449999999999347
1244 -2.5749999999999362
1245 -2.6099999999999355
1246 -2.6199999999999353
1247 -2.539999999999937
1248 -2.529999999999937
1249 -2.5649999999999364
1250 -2.634999999999935
1251 -2.529999999999937
1252 -2.6649999999999343
1253 -2.639999999999935
1254 -2.624999999999935
1255 -2.6199999999999353
1256 -2.7049999999999335
1257 -2.6099999999999355
1258 -2.6149999999999354
1259 -2.579999999999936
1260 -2.484999999999938
1261 -2.6599999999999344
1262 -2.669999999999934
1263 -2.5549999999999367
1264 -2.5649999999999364
1265 -2.594999999999936
1266 -0.08999999999991556
1267 -2.584999999999936
1268 -2.634999999999935
1269 -2.5599999999999365
1270 -2.589999999999936
1271 -2.6199999999999353
1272 -2.589999999999936
1273 -2.624999999999935
1274 -2.6199999999999353
1275 -2.539999999999937
1276 -2.5699999999999363
1277 -2.544999999999937
1278 -2.5549999999999367
1279 -2.5249999999999373
1280 -2.634999999999935
1281 -2.6049999999999356
1282 -0.1299999999999156
1283 -2.6149999999999354
1284 -2.594999999999936
1285 -2.6449999999999347
1286 -2.5749999999999362
1287 -2.669999999999934
1288 -2.5699999999999363
1289 -2.679999999999934
1290 -0.03499999999991556
1291 -2.639999999999935
1292 -2.5749999999999362
1293 -2.6649999999999343
1294 -2.5749999999999362
1295 -2.539999999999937
1296 -2.6049999999999356
1297 -2.6449999999999347
1298 -2.5549999999999367
1299 -2.6049999999999356
1300 -2.5999999999999357
1301 -2.6149999999999354
1302 -2.6099999999999355
1303 -2.6049999999999356
1304 -2.4799999999999383
1305 -2.584999999999936
1306 -2.639999999999935
1307 -2.539999999999937
1308 -2.5499999999999368
1309 -2.6949999999999337
1310 -2.544999999999937
1311 -2.6049999999999356
1312 -0.014999999999915557
1313 -2.6099999999999355
1314 -2.594999999999936
1315 -2.6599999999999344
1316 -2.6449999999999347
1317 -2.594999999999936
1318 -2.5199999999999374
1319 -2.5549999999999367
1320 -2.5749999999999362
1321 -0.07999999999991556
1322 -2.6099999999999355
1323 -2.5649999999999364
1324 -2.634999999999935
1325 -2.6049999999999356
1326 -2.6149999999999354
1327 -2.5049999999999377
1328 -2.534999999999937
1329 -2.5999999999999357
1330 -2.5049999999999377
1331 -2.6649999999999343
1332 -2.5499999999999368
1333 -2.6599999999999344
1334 -2.5699999999999363
1335 -2.6599999999999344
1336 -2.5649999999999364
1337 -2.5499999999999368
1338 -2.584999999999936
1339 -2.6049999999999356
1340 -2.629999999999935
1341 -2.589999999999936
1342 -2.589999999999936
1343 -2.6149999999999354
1344 -2.629999999999935
1345 -2.629999999999935
1346 -2.5699999999999363
1347 -2.6199999999999353
1348 -2.584999999999936
1349 -2.6199999999999353
1350 -2.6199999999999353
1351 -2.5699999999999363
1352 -2.5599999999999365
1353 -2.6549999999999345
1354 -2.5549999999999367
1355 -2.669999999999934
1356 -2.584999999999936
1357 -2.5549999999999367
1358 -2.594999999999936
1359 -2.579999999999936
1360 -2.6449999999999347
1361 -2.499999999999938
1362 -0.05499999999991555
1363 -2.6549999999999345
1364 -2.5649999999999364
1365 -2.5649999999999364
1366 -2.624999999999935
1367 -2.6049999999999356
1368 -2.6099999999999355
1369 -2.5649999999999364
1370 -2.6049999999999356
1371 -2.5999999999999357
1372 -2.5499999999999368
1373 -2.6649999999999343
1374 -2.6049999999999356
1375 -2.5599999999999365
1376 -2.579999999999936
1377 -2.5699999999999363
1378 -2.6449999999999347
1379 -2.589999999999936
1380 -2.634999999999935
1381 -2.5599999999999365
1382 -2.579999999999936
1383 -2.5699999999999363
1384 -2.734999999999933
1385 -2.5099999999999376
1386 -2.579999999999936
1387 -2.624999999999935
1388 -2.594999999999936
1389 -2.5699999999999363
1390 -2.539999999999937
1391 -2.5749999999999362
1392 -2.589999999999936
1393 -2.6449999999999347
1394 -2.589999999999936
1395 -2.6649999999999343
1396 -2.589999999999936
1397 -2.584999999999936
1398 -2.5249999999999373
1399 -2.5499999999999368
1400 -2.6199999999999353
1401 -2.5999999999999357
1402 -2.5099999999999376
1403 -2.6599999999999344
1404 -2.534999999999937
1405 -2.6449999999999347
1406 -2.5749999999999362
1407 -2.6149999999999354
1408 -2.5599999999999365
1409 -2.589999999999936
1410 -2.6099999999999355
1411 -2.579999999999936
1412 -2.6199999999999353
1413 -2.5999999999999357
1414 -2.5699999999999363
1415 -2.5649999999999364
1416 -2.579999999999936
1417 -2.5749999999999362
1418 -2.444999999999939
1419 -2.624999999999935
1420 -2.579999999999936
1421 -2.6049999999999356
1422 -2.534999999999937
1423 -0.19999999999991566
1424 -2.5599999999999365
1425 -2.5549999999999367
1426 -2.539999999999937
1427 -2.5999999999999357
1428 -2.5649999999999364
1429 -2.6099999999999355
1430 -2.5749999999999362
1431 -2.6099999999999355
1432 -2.499999999999938
1433 -2.484999999999938
1434 -2.5249999999999373
1435 -2.5499999999999368
1436 -2.629999999999935
1437 -2.719999999999933
1438 -2.6499999999999346
1439 -2.6199999999999353
1440 -2.589999999999936
1441 -2.6199999999999353
1442 -2.6649999999999343
1443 -2.589999999999936
1444 -2.5649999999999364
1445 -2.6199999999999353
1446 -2.6499999999999346
1447 -2.624999999999935
1448 -2.589999999999936
1449 -2.5699999999999363
1450 -2.629999999999935
1451 -2.7049999999999335
1452 -2.589999999999936
1453 -2.6199999999999353
1454 -2.594999999999936
1455 -2.669999999999934
1456 -2.534999999999937
1457 -2.589999999999936
1458 -2.5749999999999362
1459 -0.02499999999991556
1460 -2.584999999999936
1461 -0.04999999999991555
1462 -2.5649999999999364
1463 -2.5649999999999364
1464 -2.624999999999935
1465 -2.589999999999936
1466 -2.484999999999938
1467 -2.499999999999938
1468 -2.579999999999936
1469 -2.589999999999936
1470 -2.6049999999999356
1471 -2.589999999999936
1472 -2.584999999999936
1473 -2.5999999999999357
1474 -2.5199999999999374
1475 -2.634999999999935
1476 -2.634999999999935
1477 -2.6149999999999354
1478 -2.594999999999936
1479 -2.6449999999999347
1480 -2.6049999999999356
1481 -2.634999999999935
1482 -2.6099999999999355
1483 -2.584999999999936
1484 -2.589999999999936
1485 -0.06499999999991554
1486 -2.629999999999935
1487 -2.5499999999999368
1488 -2.5099999999999376
1489 -2.5049999999999377
1490 -2.6599999999999344
1491 -0.10999999999991558
1492 -2.669999999999934
1493 -2.6199999999999353
1494 -2.6199999999999353
1495 -2.534999999999937
1496 -2.679999999999934
1497 -2.589999999999936
1498 -2.6149999999999354
1499 -2.579999999999936
1500 -2.6199999999999353
1501 -2.5699999999999363
1502 -2.5699999999999363
1503 -2.589999999999936
1504 -2.594999999999936
1505 -2.6449999999999347
1506 -2.634999999999935
1507 -2.5999999999999357
1508 -2.529999999999937
1509 -2.6599999999999344
1510 -2.5999999999999357
1511 -2.6049999999999356
1512 -2.5549999999999367
1513 -2.5749999999999362
1514 -2.6049999999999356
1515 -2.6049999999999356
1516 -2.5499999999999368
1517 -2.6099999999999355
1518 -2.484999999999938
1519 -2.6499999999999346
1520 -2.589999999999936
1521 -2.6449999999999347
1522 -2.5599999999999365
1523 -2.6099999999999355
1524 -2.6549999999999345
1525 -2.5749999999999362
1526 -2.624999999999935
1527 -2.5749999999999362
1528 -2.5999999999999357
1529 -2.684999999999934
1530 -2.594999999999936
1531 -2.544999999999937
1532 -2.6549999999999345
1533 -2.5699999999999363
1534 -2.729999999999933
1535 -2.684999999999934
1536 -2.5999999999999357
1537 -2.6599999999999344
1538 -2.6149999999999354
1539 -2.589999999999936
1540 -2.6499999999999346
1541 -2.6099999999999355
1542 -2.589999999999936
1543 -2.5999999999999357
1544 -2.589999999999936
1545 -2.5699999999999363
1546 -2.5649999999999364
1547 -2.629999999999935
1548 -0.05499999999991555
1549 -2.6049999999999356
1550 -2.544999999999937
1551 -2.5199999999999374
1552 -2.579999999999936
1553 -2.544999999999937
1554 -2.6149999999999354
1555 -2.594999999999936
1556 -2.629999999999935
1557 -2.634999999999935
1558 -2.5649999999999364
1559 -2.5499999999999368
1560 -2.494999999999938
1561 -2.584999999999936
1562 -2.4799999999999383
1563 -2.529999999999937
1564 -2.594999999999936
1565 -2.584999999999936
1566 -2.624999999999935
1567 -2.594999999999936
1568 -2.579999999999936
1569 -2.594999999999936
1570 -2.5599999999999365
1571 -2.539999999999937
1572 -2.629999999999935
1573 -2.6199999999999353
1574 -2.5099999999999376
1575 -2.5499999999999368
1576 -2.6049999999999356
1577 -2.584999999999936
1578 -2.589999999999936
1579 -2.6449999999999347
1580 -2.6649999999999343
1581 -2.589999999999936
1582 -2.6499999999999346
1583 -2.6649999999999343
1584 -2.6649999999999343
1585 -2.6199999999999353
1586 -2.584999999999936
1587 -2.589999999999936
1588 -2.6199999999999353
1589 -2.489999999999938
1590 -2.5499999999999368
1591 -2.5549999999999367
1592 -2.624999999999935
1593 -0.15999999999991563
1594 -2.5549999999999367
1595 -2.734999999999933
1596 -2.534999999999937
1597 -2.5649999999999364
1598 -2.6049999999999356
1599 -2.5499999999999368
1600 -2.624999999999935
1601 -2.529999999999937
1602 -2.589999999999936
1603 -2.5549999999999367
1604 -2.624999999999935
1605 -2.6649999999999343
1606 -2.629999999999935
1607 -2.579999999999936
1608 -2.634999999999935
1609 -2.5099999999999376
1610 -2.634999999999935
1611 -2.594999999999936
1612 -2.5749999999999362
1613 -2.634999999999935
1614 -2.5549999999999367
1615 -0.08499999999991556
1616 -2.6199999999999353
1617 -2.6149999999999354
1618 -2.584999999999936
1619 -2.6599999999999344
1620 -2.5749999999999362
1621 -2.6599999999999344
1622 -2.544999999999937
1623 -2.534999999999937
1624 -2.589999999999936
1625 -2.5999999999999357
1626 -2.5749999999999362
1627 -2.5749999999999362
1628 -2.639999999999935
1629 -2.634999999999935
1630 -2.5699999999999363
1631 -2.6899999999999338
1632 -2.5499999999999368
1633 -2.6099999999999355
1634 -2.589999999999936
1635 -2.594999999999936
1636 -2.6949999999999337
1637 -2.6199999999999353
1638 -2.5599999999999365
1639 -2.534999999999937
1640 -2.544999999999937
1641 -2.5749999999999362
1642 -2.594999999999936
1643 -2.589999999999936
1644 -2.579999999999936
1645 -2.589999999999936
1646 -2.674999999999934
1647 -2.5199999999999374
1648 -2.579999999999936
1649 -2.584999999999936
1650 -2.634999999999935
1651 -2.6149999999999354
1652 -2.5999999999999357
1653 -2.5999999999999357
1654 -2.6049999999999356
1655 -2.6599999999999344
1656 -2.6199999999999353
1657 -2.6199999999999353
1658 -2.6499999999999346
1659 -2.529999999999937
1660 -2.5699999999999363
1661 -2.629999999999935
1662 -2.584999999999936
1663 -2.5649999999999364
1664 -2.5199999999999374
1665 -2.5599999999999365
1666 -2.6049999999999356
1667 -2.6049999999999356
1668 -2.584999999999936
1669 -2.6049999999999356
1670 -2.629999999999935
1671 -2.6099999999999355
1672 -2.5649999999999364
1673 -2.5699999999999363
1674 -2.624999999999935
1675 -2.6499999999999346
1676 -2.544999999999937
1677 -2.544999999999937
1678 -2.5499999999999368
1679 -2.529999999999937
1680 -2.6499999999999346
1681 -2.5699999999999363
1682 -2.5649999999999364
1683 -2.5499999999999368
1684 -2.6099999999999355
1685 -2.594999999999936
1686 -2.629999999999935
1687 -2.589999999999936
1688 -2.5499999999999368
1689 -2.5699999999999363
1690 -2.684999999999934
1691 -2.529999999999937
1692 -2.529999999999937
1693 -2.6049999999999356
1694 -2.5249999999999373
1695 -2.6149999999999354
1696 -0.19499999999991566
1697 -2.5599999999999365
1698 -2.5749999999999362
1699 -2.5699999999999363
1700 -2.6049999999999356
1701 -2.679999999999934
1702 -2.499999999999938
1703 -2.589999999999936
1704 -2.6599999999999344
1705 -2.6499999999999346
1706 -2.529999999999937
1707 -2.6099999999999355
1708 -2.5649999999999364
1709 -2.5499999999999368
1710 -2.5499999999999368
1711 -2.589999999999936
1712 -2.5999999999999357
1713 -2.544999999999937
1714 -2.5699999999999363
1715 -2.6549999999999345
1716 -2.544999999999937
1717 -2.589999999999936
1718 -2.684999999999934
1719 -2.594999999999936
1720 -2.5999999999999357
1721 -2.6899999999999338
1722 -2.624999999999935
1723 -2.589999999999936
1724 -2.5549999999999367
1725 -2.589999999999936
1726 -2.5049999999999377
1727 -2.5699999999999363
1728 -2.5499999999999368
1729 -2.539999999999937
1730 -2.6599999999999344
1731 -2.629999999999935
1732 -2.5499999999999368
1733 -2.624999999999935
1734 -2.584999999999936
1735 -2.5649999999999364
1736 -2.589999999999936
1737 -2.5499999999999368
1738 -2.639999999999935
1739 -2.589999999999936
1740 -2.589999999999936
1741 -0.08999999999991556
1742 -2.534999999999937
1743 -2.6049999999999356
1744 -2.5599999999999365
1745 -2.634999999999935
1746 -0.11499999999991559
1747 -2.5649999999999364
1748 -2.589999999999936
1749 -2.6149999999999354
1750 -2.6049999999999356
1751 -2.5999999999999357
1752 -2.6099999999999355
1753 -0.09499999999991557
1754 -2.719999999999933
1755 -2.594999999999936
1756 -2.674999999999934
1757 -2.5549999999999367
1758 -2.6549999999999345
1759 -2.639999999999935
1760 -2.5699999999999363
1761 -2.6049999999999356
1762 -2.584999999999936
1763 -2.5649999999999364
1764 -2.584999999999936
1765 -2.579999999999936
1766 -2.6199999999999353
1767 -2.6449999999999347
1768 -2.629999999999935
1769 -2.594999999999936
1770 -2.639999999999935
1771 -2.6599999999999344
1772 -2.6199999999999353
1773 -2.579999999999936
1774 -2.584999999999936
1775 -2.534999999999937
1776 -2.494999999999938
1777 -2.594999999999936
1778 -2.639999999999935
1779 -2.5549999999999367
1780 -2.6099999999999355
1781 -2.594999999999936
1782 -0.03499999999991556
1783 -2.534999999999937
1784 -2.5749999999999362
1785 -2.634999999999935
1786 -2.5599999999999365
1787 -2.639999999999935
1788 -2.6049999999999356
1789 -2.6649999999999343
1790 -2.6149999999999354
1791 -2.639999999999935
1792 -2.624999999999935
1793 -2.6549999999999345
1794 -2.629999999999935
1795 -2.539999999999937
1796 -2.539999999999937
1797 -2.6099999999999355
1798 -2.594999999999936
1799 -2.639999999999935
1800 -2.489999999999938
1801 -2.499999999999938
1802 -2.5649999999999364
1803 -2.679999999999934
1804 -2.5999999999999357
1805 -2.5699999999999363
1806 -2.5749999999999362
1807 -2.6099999999999355
1808 -0.03499999999991556
1809 -2.5599999999999365
1810 -2.6199999999999353
1811 -2.584999999999936
1812 -2.544999999999937
1813 -2.5099999999999376
1814 -2.6099999999999355
1815 -0.08499999999991556
1816 -2.6599999999999344
1817 -2.5699999999999363
1818 -2.5699999999999363
1819 -2.5599999999999365
1820 -2.5999999999999357
1821 -2.594999999999936
1822 -2.6949999999999337
1823 -2.5549999999999367
1824 -2.629999999999935
1825 -2.539999999999937
1826 -2.579999999999936
1827 -2.624999999999935
1828 -2.5699999999999363
1829 -2.6449999999999347
1830 -2.6499999999999346
1831 -2.589999999999936
1832 -2.674999999999934
1833 -2.629999999999935
1834 -2.584999999999936
1835 -2.5649999999999364
1836 -2.5699999999999363
1837 -2.529999999999937
1838 -2.584999999999936
1839 -2.5649999999999364
1840 -2.6199999999999353
1841 -2.5649999999999364
1842 -2.624999999999935
1843 -2.6099999999999355
1844 -2.5549999999999367
1845 -2.5749999999999362
1846 -2.6149999999999354
1847 -2.579999999999936
1848 -2.669999999999934
1849 -2.6099999999999355
1850 -2.6049999999999356
1851 -2.5649999999999364
1852 -2.6449999999999347
1853 -2.544999999999937
1854 -2.5999999999999357
1855 -2.534999999999937
1856 -2.594999999999936
1857 -2.6449999999999347
1858 -2.484999999999938
1859 -2.5549999999999367
1860 -2.639999999999935
1861 -2.5699999999999363
1862 -2.6149999999999354
1863 -2.5199999999999374
1864 -2.594999999999936
1865 -2.6449999999999347
1866 -2.539999999999937
1867 -2.6199999999999353
1868 -2.544999999999937
1869 -2.624999999999935
1870 -2.539999999999937
1871 -0.08499999999991556
1872 -2.624999999999935
1873 -2.624999999999935
1874 -2.5749999999999362
1875 -2.589999999999936
1876 -2.589999999999936
1877 -2.6049999999999356
1878 -2.634999999999935
1879 -2.629999999999935
1880 -2.669999999999934
1881 -2.6099999999999355
1882 -2.5749999999999362
1883 -2.529999999999937
1884 -2.6499999999999346
1885 -2.5699999999999363
1886 -2.5499999999999368
1887 -2.6099999999999355
1888 -2.534999999999937
1889 -2.529999999999937
1890 -2.539999999999937
1891 -2.6049999999999356
1892 -2.6099999999999355
1893 -2.629999999999935
1894 -2.5649999999999364
1895 -2.6099999999999355
1896 -2.719999999999933
1897 -2.6549999999999345
1898 -2.6199999999999353
1899 -2.6549999999999345
1900 -2.624999999999935
1901 -2.6049999999999356
1902 -2.6049999999999356
1903 -2.584999999999936
1904 -2.5999999999999357
1905 -2.5649999999999364
1906 -2.534999999999937
1907 -2.679999999999934
1908 -2.6549999999999345
1909 -2.5599999999999365
1910 -2.594999999999936
1911 -2.5749999999999362
1912 -2.624999999999935
1913 -2.499999999999938
1914 -2.6149999999999354
1915 -2.6199999999999353
1916 -2.6199999999999353
1917 -2.579999999999936
1918 -2.5649999999999364
1919 -0.1399999999999156
1920 -2.534999999999937
1921 -2.639999999999935
1922 -2.6099999999999355
1923 -2.6049999999999356
1924 -2.679999999999934
1925 -2.5249999999999373
1926 -2.589999999999936
1927 -2.5499999999999368
1928 -2.5999999999999357
1929 -2.534999999999937
1930 -2.629999999999935
1931 -2.5749999999999362
1932 -2.5499999999999368
1933 -2.594999999999936
1934 -2.6449999999999347
1935 -2.5749999999999362
1936 -2.6149999999999354
1937 -2.544999999999937
1938 -2.5649999999999364
1939 -2.589999999999936
1940 -2.5099999999999376
1941 -2.6099999999999355
1942 -2.5599999999999365
1943 -2.634999999999935
1944 -2.584999999999936
1945 -0.16999999999991564
1946 -2.629999999999935
1947 -2.5999999999999357
1948 -2.5749999999999362
1949 -2.6649999999999343
1950 -2.5749999999999362
1951 -2.6049999999999356
1952 -2.589999999999936
1953 -2.634999999999935
1954 -2.5749999999999362
1955 -2.639999999999935
1956 -2.5249999999999373
1957 -2.6999999999999336
1958 -2.6949999999999337
1959 -2.5549999999999367
1960 -2.534999999999937
1961 -2.594999999999936
1962 -2.6499999999999346
1963 -2.579999999999936
1964 -2.594999999999936
1965 -2.629999999999935
1966 -2.5999999999999357
1967 -2.6199999999999353
1968 -2.444999999999939
1969 -2.6899999999999338
1970 -2.6099999999999355
1971 -2.5549999999999367
1972 -2.6499999999999346
1973 -2.6599999999999344
1974 -2.5099999999999376
1975 -2.584999999999936
1976 -2.6099999999999355
1977 -2.5749999999999362
1978 -2.6049999999999356
1979 -2.6049999999999356
1980 -2.5649999999999364
1981 -2.6049999999999356
1982 -2.5099999999999376
1983 -2.594999999999936
1984 -2.544999999999937
1985 -2.674999999999934
1986 -2.5649999999999364
1987 -2.724999999999933
1988 -0.11499999999991559
1989 -2.719999999999933
1990 -2.5999999999999357
1991 -2.5649999999999364
1992 -2.5699999999999363
1993 -2.594999999999936
1994 -2.5699999999999363
1995 -2.539999999999937
1996 -2.624999999999935
1997 -2.6099999999999355
1998 -2.5549999999999367
1999 -2.6499999999999346
4556.022722005844
