0 -2.9899999999999274
1 -0.06999999999991555
2 -0.05499999999991688
3 -2.579999999999936
4 -2.5599999999999365
5 -2.5649999999999364
6 -2.539999999999937
7 -2.5999999999999357
8 8.444460408707499e-14
9 -2.579999999999936
10 -2.5699999999999363
11 -2.6999999999999336
12 -2.6099999999999355
13 -2.629999999999935
14 -2.584999999999936
15 -2.529999999999937
16 -0.15499999999991562
17 -2.6499999999999346
18 -0.1349999999999156
19 -2.6449999999999347
20 -0.19999999999991566
21 -2.5999999999999357
22 -2.6099999999999355
23 -2.634999999999935
24 -2.4649999999999386
25 -2.5999999999999357
26 -2.6649999999999343
27 -2.589999999999936
28 4.824999999999871
29 -0.11999999999991737
30 -2.594999999999936
31 -2.5749999999999362
32 -0.0599999999999262
33 -2.679999999999934
34 -0.0049999999999155555
35 2.390000000000109
36 -2.5599999999999365
37 -2.6549999999999345
38 -2.6149999999999354
39 -0.16499999999991563
40 -2.6549999999999345
41 -2.629999999999935
42 -0.05499999999991555
43 2.385000000000056
44 -2.5699999999999363
45 -0.10499999999991558
46 -0.15999999999992717
47 -2.6599999999999344
48 -2.589999999999936
49 -2.634999999999935
50 2.4050000000001086
51 -2.5549999999999367
52 -2.634999999999935
53 -2.5499999999999368
54 -2.6049999999999356
55 -0.06999999999991555
56 -2.5699999999999363
57 4.934999999999768
58 -0.08999999999991556
59 -2.5549999999999367
60 -0.1799999999999161
61 7.36999999999986
62 -2.499999999999938
63 -0.12999999999992715
64 2.380000000000109
65 -2.594999999999936
66 -0.07999999999991556
67 -0.11999999999991559
68 -0.08499999999991556
69 -3.004999999999927
70 -0.16999999999991564
71 -2.5749999999999362
72 -2.5999999999999357
73 -2.584999999999936
74 -2.5049999999999377
75 -2.579999999999936
76 -2.544999999999937
77 -2.5749999999999362
78 -2.6099999999999355
79 2.4500000000001076
80 -2.6149999999999354
81 -2.539999999999937
82 -2.579999999999936
83 -2.589999999999936
84 -2.5749999999999362
85 -2.4749999999999384
86 -2.584999999999936
87 -2.6599999999999344
88 2.3750000000001092
89 -2.544999999999937
90 -0.054999999999947966
91 -2.5599999999999365
92 -2.969999999999928
93 -2.6199999999999353
94 -2.5549999999999367
95 -2.589999999999936
96 -2.6099999999999355
97 -2.5599999999999365
98 2.435000000000107
99 -2.589999999999936
100 -2.589999999999936
101 -2.6449999999999356
102 -2.624999999999935
103 2.3700000000001094
104 -2.6899999999999338
105 2.3600000000001087
106 -0.11499999999991647
107 -0.04499999999991555
108 -0.10999999999991558
109 -2.5699999999999363
110 -0.05499999999991555
111 -2.489999999999938
112 -2.639999999999935
113 -2.6199999999999353
114 -2.624999999999935
115 1.685000000000124
116 -2.584999999999936
117 -0.014999999999915557
118 -2.5499999999999368
119 -0.10999999999991558
120 -2.6149999999999354
121 -2.5999999999999357
122 -2.639999999999935
123 -0.08999999999991556
124 -2.999999999999927
125 -2.6049999999999356
126 -1.5399999999999048
127 -2.494999999999938
128 -2.6099999999999355
129 -0.08499999999991556
130 -2.5049999999999377
131 -0.014999999999915557
132 -2.5149999999999375
133 -2.639999999999935
134 -2.579999999999936
135 -3.109999999999925
136 -2.6199999999999353
137 2.435000000000108
138 -0.07999999999991556
139 -2.6199999999999353
140 -2.529999999999937
141 -2.5549999999999367
142 -0.06499999999991554
143 -0.09499999999991646
144 -0.06999999999991555
145 -2.584999999999936
146 -2.5499999999999368
147 -2.594999999999936
148 -0.04499999999991555
149 -27.004999999998883
150 -2.584999999999936
151 -2.544999999999937
152 -2.91499999999993
153 -2.6049999999999356
154 -2.589999999999936
155 2.3750000000001092
156 -2.5999999999999357
157 -2.5549999999999367
158 -2.544999999999937
159 4.750000000000112
160 -0.08999999999991556
161 -2.589999999999936
162 -2.5249999999999373
163 -2.589999999999936
164 -2.5599999999999365
165 -3.0349999999999264
166 -0.1349999999999156
167 -2.634999999999935
168 -0.1349999999999156
169 -2.5699999999999363
170 -2.5749999999999362
171 -2.5249999999999377
172 -0.08499999999991556
173 4.874999999999769
174 -2.624999999999935
175 -2.579999999999936
176 -0.04499999999995352
177 -2.6599999999999344
178 -2.6099999999999355
179 -0.09999999999991557
180 -2.594999999999936
181 -2.6099999999999355
182 -2.6449999999999347
183 -2.579999999999936
184 -2.639999999999935
185 -2.534999999999937
186 -0.13999999999995003
187 -0.15499999999991784
188 -0.12499999999993425
189 -0.1349999999999165
190 -0.1399999999999347
191 -0.09499999999993111
192 2.430000000000108
193 -2.6449999999999347
194 -2.534999999999937
195 -2.6549999999999345
196 -0.10499999999991558
197 -2.5749999999999362
198 -2.5749999999999362
199 -0.09499999999991557
200 -2.5599999999999365
201 -2.594999999999936
202 -2.594999999999936
203 -2.579999999999936
204 2.485000000000107
205 -0.10999999999991558
206 -2.5749999999999362
207 -0.014999999999915557
208 -2.6099999999999355
209 2.4500000000001076
210 -2.534999999999937
211 -2.589999999999936
212 -2.5749999999999362
213 -2.5699999999999363
214 -2.584999999999936
215 -0.16999999999991564
216 -2.499999999999938
217 -2.5549999999999367
218 -2.544999999999937
219 4.835000000000109
220 -0.10499999999991558
221 -2.594999999999936
222 -0.18499999999991565
223 -2.9349999999999286
224 -0.06999999999991555
225 -2.669999999999934
226 -2.6449999999999347
227 -0.10999999999995799
228 -2.594999999999936
229 2.380000000000109
230 -2.5099999999999376
231 -2.5099999999999376
232 -0.1399999999999156
233 -2.5649999999999364
234 -0.16999999999991564
235 -2.5149999999999375
236 -2.5049999999999377
237 -2.669999999999934
238 2.315000000000064
239 -2.629999999999935
240 -2.5699999999999363
241 -2.584999999999936
242 -0.20499999999992233
243 2.4150000000001084
244 -2.4599999999999387
245 2.4150000000001084
246 -0.17999999999993296
247 -3.009999999999927
248 -2.624999999999935
249 -0.1449999999999156
250 -2.5549999999999367
251 -2.6099999999999355
252 -2.629999999999935
253 2.3600000000001096
254 -2.584999999999936
255 -2.5699999999999363
256 -0.049999999999915994
257 -2.669999999999934
258 -2.594999999999936
259 -2.6949999999999337
260 -0.04499999999991555
261 -2.5999999999999357
262 -0.10999999999994733
263 -2.5999999999999357
264 -2.589999999999936
265 -11.735000000000772
266 -0.1449999999999165
267 -2.6949999999999337
268 -2.629999999999935
269 -0.10499999999991558
270 2.4450000000001078
271 2.4450000000001078
272 -0.09999999999991557
273 2.375000000000065
274 -2.5549999999999367
275 4.950000000000108
276 -3.044999999999926
277 -2.6099999999999355
278 -2.5499999999999368
279 -2.5699999999999363
280 -2.529999999999937
281 -2.634999999999935
282 -2.679999999999934
283 -2.669999999999934
284 1.1300000000001358
285 -3.054999999999926
286 -0.08499999999994087
287 -2.6049999999999356
288 -2.6599999999999344
289 -2.6149999999999363
290 -2.6049999999999356
291 -0.09499999999991557
292 -2.5699999999999363
293 -2.579999999999936
294 -2.629999999999935
295 4.934999999999773
296 -0.1399999999999156
297 -2.594999999999936
298 -2.9449999999999283
299 4.895000000000109
300 -2.5499999999999368
301 -2.5749999999999362
302 -2.589999999999936
303 -2.6199999999999353
304 -0.14999999999991562
305 -0.1299999999999156
306 4.410000000000119
307 -2.6049999999999356
308 -2.634999999999935
309 -0.0849999999999522
310 -2.6049999999999356
311 -2.489999999999938
312 -2.639999999999935
313 -2.624999999999935
314 4.955000000000004
315 -2.624999999999935
316 -2.669999999999934
317 -2.604999999999936
318 -2.6399999999999357
319 -2.604999999999936
320 -0.11499999999991559
321 7.36999999999941
322 -2.9349999999999286
323 2.280000000000082
324 -0.1449999999999156
325 -0.1249999999999156
326 -0.1399999999999156
327 -0.0649999999999342
328 2.4000000000001087
329 -2.584999999999936
330 -2.6599999999999344
331 -2.5699999999999363
332 -0.09999999999991557
333 2.4050000000001086
334 -2.679999999999934
335 -2.6449999999999347
336 -2.579999999999936
337 2.4150000000001084
338 -2.5549999999999367
339 -2.5199999999999374
340 -0.10999999999991558
341 -2.629999999999935
342 -0.07499999999991555
343 -2.7049999999999335
344 -2.5149999999999375
345 -0.07499999999995974
346 -2.6149999999999354
347 -2.639999999999935
348 -0.544999999999945
349 -2.6199999999999353
350 -0.17499999999991564
351 -0.06499999999991554
352 4.84499999999983
353 -2.6049999999999356
354 -2.6649999999999343
355 -0.10499999999991558
356 -2.579999999999936
357 -2.669999999999934
358 -2.534999999999937
359 -2.5699999999999363
360 -0.05499999999991555
361 -2.589999999999936
362 -2.584999999999936
363 -2.594999999999936
364 -2.5749999999999362
365 -0.5149999999999159
366 -2.679999999999934
367 -0.10999999999994667
368 -2.5749999999999362
369 -2.639999999999935
370 7.435000000000074
371 2.385000000000109
372 2.3750000000001092
373 -0.07499999999991555
374 -0.10499999999991558
375 2.4300000000000646
376 -2.5999999999999357
377 2.4450000000001078
378 -2.5599999999999365
379 -0.11499999999991559
380 -2.5699999999999363
381 -2.6149999999999354
382 -0.13999999999995646
383 -2.579999999999936
384 -2.5249999999999373
385 -0.21999999999991568
386 -2.589999999999936
387 -2.579999999999936
388 -2.5699999999999363
389 -2.6449999999999347
390 -2.5649999999999364
391 -2.6149999999999354
392 -2.584999999999936
393 -2.5499999999999368
394 -0.10499999999991558
395 2.4100000000001085
396 -2.5199999999999374
397 -2.6049999999999356
398 4.934999999999945
399 -0.10499999999991558
400 -2.5249999999999373
401 -2.529999999999937
402 -2.579999999999936
403 -2.534999999999937
404 2.3650000000001095
405 -2.629999999999935
406 -2.589999999999936
407 -0.04999999999991555
408 -0.11499999999991559
409 -0.10999999999991558
410 -2.594999999999936
411 -2.594999999999936
412 -2.5199999999999374
413 -2.629999999999935
414 -2.629999999999935
415 -2.639999999999935
416 -2.5699999999999363
417 -0.17999999999991564
418 -2.629999999999935
419 -2.684999999999934
420 -2.539999999999937
421 2.4500000000001076
422 -2.624999999999935
423 -2.539999999999937
424 -2.6149999999999354
425 -0.5099999999999247
426 -2.6599999999999344
427 -2.589999999999936
428 -2.579999999999936
429 -2.669999999999934
430 -0.06999999999991555
431 -2.5549999999999367
432 -0.1249999999999156
433 -0.08999999999991556
434 -2.624999999999935
435 2.440000000000108
436 -2.6199999999999353
437 -2.639999999999935
438 -2.579999999999936
439 -2.5649999999999364
440 -2.539999999999937
441 -2.674999999999935
442 -2.579999999999936
443 -0.06499999999991554
444 2.4000000000001087
445 -2.7099999999999334
446 4.819999999999896
447 -0.15499999999991562
448 4.875000000000065
449 2.4550000000001075
450 -2.684999999999934
451 -2.584999999999936
452 -0.14999999999991562
453 -2.589999999999936
454 -2.5899999999999364
455 -2.629999999999935
456 -0.11499999999991559
457 -2.589999999999936
458 -2.964999999999928
459 2.34500000000011
460 -2.5549999999999367
461 -2.639999999999935
462 -2.6199999999999353
463 -2.6549999999999345
464 -2.589999999999936
465 -2.589999999999936
466 -2.584999999999936
467 -0.15999999999995249
468 -2.6749999999999354
469 -2.639999999999935
470 -0.09999999999991557
471 -0.02499999999991556
472 -2.5599999999999365
473 -2.6449999999999347
474 -2.6649999999999343
475 -2.5499999999999368
476 -2.679999999999934
477 -2.634999999999935
478 -2.6449999999999347
479 2.4150000000001084
480 -2.5599999999999365
481 -2.5699999999999363
482 -2.629999999999935
483 -0.06499999999991554
484 -2.634999999999935
485 -2.6099999999999355
486 -0.0899999999999351
487 -2.919999999999929
488 -0.07499999999991555
489 2.390000000000109
490 -0.10499999999991558
491 -2.6099999999999355
492 -2.634999999999935
493 -0.1349999999999156
494 -2.534999999999937
495 -2.5099999999999376
496 2.395000000000109
497 -2.6149999999999354
498 -0.06999999999991555
499 0.045000000000084445
500 -0.08999999999991556
501 -2.5649999999999364
502 -2.544999999999937
503 -2.639999999999935
504 -0.15999999999991563
505 -2.579999999999936
506 -2.6549999999999345
507 -2.5699999999999363
508 -2.499999999999938
509 -0.15499999999991562
510 -0.09499999999991557
511 -2.6549999999999345
512 -2.6499999999999346
513 -2.629999999999935
514 -2.594999999999936
515 -2.639999999999935
516 -2.639999999999935
517 -2.6199999999999353
518 -2.5699999999999363
519 -2.6049999999999356
520 -2.624999999999935
521 -2.5749999999999362
522 -2.544999999999937
523 -0.5699999999999474
524 -2.579999999999936
525 -2.5499999999999368
526 -2.589999999999936
527 -0.04999999999991555
528 -0.1249999999999156
529 -2.529999999999937
530 -2.5099999999999376
531 -2.5099999999999376
532 -2.6049999999999356
533 -0.16499999999991563
534 -0.08999999999995809
535 -2.589999999999936
536 2.015000000000117
537 -2.544999999999937
538 -2.5699999999999363
539 -2.5499999999999368
540 -0.11999999999991559
541 2.345000000000088
542 -2.594999999999936
543 -2.6099999999999355
544 -0.0999999999999461
545 -2.4949999999999384
546 -2.5499999999999368
547 -2.544999999999937
548 -2.584999999999936
549 -2.539999999999937
550 -0.05499999999991555
551 -2.5999999999999357
552 -0.06999999999991555
553 -0.10499999999992535
554 -2.584999999999936
555 -2.5549999999999367
556 -0.18999999999995673
557 -0.1299999999999156
558 -0.09499999999991557
559 -0.07499999999991555
560 -2.4799999999999383
561 -2.5599999999999365
562 4.834999999999816
563 -2.579999999999936
564 -2.5549999999999367
565 2.4100000000001085
566 2.4550000000000907
567 -2.624999999999935
568 2.395000000000109
569 -2.5499999999999368
570 -2.6099999999999355
571 -0.15999999999991607
572 4.9449999999997996
573 2.4500000000001076
574 -2.6449999999999347
575 -0.14499999999994492
576 -0.1249999999999156
577 -2.6049999999999356
578 -0.08999999999991556
579 2.3050000000000663
580 -2.6099999999999355
581 -2.6599999999999344
582 -0.5449999999999345
583 2.355000000000109
584 -2.5599999999999365
585 -0.11499999999991559
586 -2.589999999999936
587 -2.634999999999935
588 -2.5099999999999376
589 -0.11999999999991559
590 -2.544999999999937
591 -2.639999999999935
592 -2.5649999999999364
593 -0.08499999999991556
594 -2.634999999999935
595 -2.6149999999999354
596 -2.6449999999999347
597 -2.5999999999999357
598 -0.1349999999999156
599 -2.6149999999999354
600 -0.06499999999991554
601 -0.059999999999915545
602 -2.5199999999999374
603 -0.19999999999991566
604 -2.674999999999934
605 -2.629999999999935
606 -2.684999999999934
607 4.864999999999771
608 -2.5599999999999365
609 -2.579999999999936
610 -2.5499999999999368
611 -2.5249999999999373
612 -0.07499999999991555
613 -2.594999999999936
614 -2.534999999999937
615 -2.9899999999999274
616 -0.05499999999991555
617 -2.6149999999999354
618 -2.594999999999936
619 -0.11999999999991559
620 -2.6599999999999344
621 -2.579999999999936
622 -2.5649999999999364
623 -2.7149999999999332
624 -0.10999999999991558
625 -0.15499999999991562
626 -2.594999999999936
627 -0.15499999999991562
628 -2.5999999999999357
629 2.4000000000001087
630 -0.059999999999915545
631 -2.6049999999999356
632 -2.634999999999935
633 -0.18499999999991565
634 -2.5699999999999363
635 -2.579999999999936
636 2.390000000000109
637 -2.5749999999999362
638 4.919999999999823
639 -2.6099999999999355
640 4.864999999999874
641 -2.874999999999878
642 -2.5749999999999362
643 -0.039999999999915554
644 -2.5599999999999365
645 2.425000000000108
646 -2.6049999999999356
647 -0.16499999999991563
648 -2.629999999999935
649 -2.544999999999937
650 -2.584999999999936
651 -0.1249999999999156
652 -2.9899999999999274
653 -2.594999999999936
654 -2.5649999999999364
655 -2.6549999999999345
656 -2.5049999999999377
657 -2.584999999999936
658 -2.6449999999999347
659 -0.10999999999991558
660 -0.11999999999991559
661 -2.6649999999999343
662 -0.10999999999991558
663 -2.6949999999999337
664 -2.6549999999999354
665 -2.584999999999936
666 -2.534999999999937
667 -2.6149999999999354
668 -0.09999999999991557
669 -2.6049999999999356
670 -2.5999999999999357
671 -2.5649999999999364
672 -2.5599999999999365
673 4.959999999999789
674 -0.4199999999999163
675 -0.039999999999915554
676 -0.09499999999991557
677 -0.07999999999991556
678 2.385000000000109
679 -0.06499999999991554
680 2.5150000000001063
681 -2.5549999999999367
682 -0.07499999999991555
683 2.3600000000001096
684 -2.634999999999935
685 2.3500000000000956
686 -2.579999999999936
687 -2.6099999999999355
688 2.3600000000001096
689 2.380000000000109
690 -2.639999999999935
691 -2.6499999999999346
692 -2.9899999999999274
693 -2.7049999999999335
694 -2.5749999999999362
695 -2.6149999999999354
696 -0.16499999999991563
697 -2.624999999999935
698 -2.584999999999936
699 2.3700000000001094
700 -0.07499999999994175
701 -0.07999999999991556
702 -2.5599999999999365
703 -2.6099999999999355
704 -0.11499999999992003
705 -2.624999999999935
706 -2.6099999999999355
707 2.385000000000109
708 -2.5399999999999374
709 -0.09999999999991557
710 -0.11499999999992314
711 -2.729999999999933
712 -0.08499999999991556
713 -0.1249999999999156
714 7.3999999999993245
715 -2.6499999999999346
716 -2.639999999999935
717 -0.0049999999999155555
718 -2.629999999999935
719 -2.669999999999934
720 -0.07499999999991555
721 -0.17999999999991564
722 -0.05499999999991555
723 -2.5999999999999357
724 -0.19999999999994253
725 -2.6149999999999354
726 -2.684999999999934
727 -0.08999999999994676
728 -0.05499999999991555
729 -2.6099999999999355
730 -2.6549999999999345
731 -2.6099999999999355
732 -2.5499999999999368
733 -2.6049999999999356
734 -2.5599999999999365
735 -0.5949999999999623
736 7.394999999999856
737 -2.674999999999934
738 -2.629999999999935
739 -2.584999999999936
740 -2.6099999999999355
741 -2.584999999999936
742 -2.529999999999937
743 -0.06999999999991555
744 -0.1649999999999265
745 -2.5999999999999357
746 -2.5749999999999362
747 -2.5499999999999368
748 -2.5499999999999368
749 -0.1299999999999156
750 2.390000000000107
751 -2.6049999999999356
752 -0.10999999999991558
753 -2.5649999999999364
754 -0.08999999999991556
755 4.854999999999988
756 -0.09999999999991557
757 -2.5649999999999364
758 2.490000000000107
759 -0.10499999999991558
760 -2.584999999999936
761 -2.5649999999999364
762 -2.6199999999999353
763 -2.6649999999999343
764 2.3750000000001092
765 -2.6449999999999347
766 -0.08999999999991556
767 -2.5599999999999365
768 4.86500000000009
769 -0.10499999999991558
770 -0.09999999999991557
771 -2.5699999999999363
772 -0.08499999999994598
773 -2.5599999999999365
774 -3.0199999999999267
775 -2.6649999999999343
776 -2.5599999999999365
777 8.444460408707499e-14
778 -2.9899999999999274
779 -0.15999999999991563
780 -2.559999999999937
781 -2.6199999999999353
782 -2.639999999999935
783 -0.5149999999999167
784 2.4000000000001087
785 -2.634999999999935
786 -0.059999999999915545
787 -0.11999999999991581
788 -0.06499999999991554
789 -2.6499999999999346
790 -2.5649999999999364
791 -0.08999999999991556
792 -2.6149999999999354
793 -2.6149999999999354
794 4.969999999999776
795 -0.07499999999992088
796 -2.629999999999935
797 4.9649999999997725
798 0.005000000000084445
799 -2.6449999999999347
800 -2.6599999999999344
801 -2.5549999999999367
802 -0.06499999999991554
803 -2.529999999999937
804 7.37499999999932
805 2.3500000000001062
806 2.390000000000109
807 -0.10499999999991558
808 -0.5349999999999159
809 -2.86499999999993
810 2.490000000000107
811 -2.529999999999937
812 -0.15999999999991563
813 -2.624999999999935
814 -3.0399999999999263
815 -2.544999999999937
816 -2.6549999999999345
817 -2.6199999999999353
818 -2.5749999999999362
819 -2.5699999999999363
820 -2.6149999999999354
821 -2.669999999999934
822 -2.684999999999934
823 -2.5599999999999365
824 -2.589999999999936
825 -2.6099999999999355
826 -2.5699999999999363
827 -2.679999999999934
828 -2.5649999999999364
829 2.020000000000117
830 4.835000000000104
831 -0.04999999999991555
832 -2.6449999999999347
833 -0.17999999999991564
834 -0.04999999999991555
835 -2.6049999999999356
836 -2.6099999999999355
837 -2.6549999999999345
838 -0.059999999999915545
839 -0.15499999999991562
840 -2.954999999999928
841 -2.594999999999936
842 -2.5749999999999362
843 -0.20999999999992988
844 -2.6099999999999355
845 2.4100000000001085
846 -2.6599999999999344
847 -2.594999999999936
848 -0.19499999999991566
849 2.3650000000001095
850 -2.5149999999999375
851 -2.634999999999935
852 -2.6099999999999355
853 -0.04499999999991555
854 -2.624999999999935
855 -0.059999999999931976
856 -0.07999999999991556
857 -3.0199999999999267
858 -3.0299999999999265
859 -2.5549999999999367
860 -0.07499999999991555
861 -2.5649999999999364
862 -2.9399999999999284
863 -2.5249999999999373
864 -0.1049999999999289
865 -0.09499999999991557
866 -2.579999999999936
867 -2.5249999999999373
868 -2.679999999999934
869 -0.14999999999991562
870 -2.6999999999999336
871 -2.6049999999999356
872 -0.08999999999991556
873 -0.02499999999991556
874 -2.6199999999999353
875 -2.544999999999937
876 -2.5649999999999364
877 -2.634999999999935
878 -0.03499999999991556
879 -2.5599999999999365
880 -2.5149999999999375
881 -0.11499999999992802
882 -3.064999999999926
883 -0.059999999999915545
884 -2.5699999999999363
885 -0.08999999999991556
886 -2.5999999999999357
887 2.285000000000111
888 -2.5499999999999368
889 -0.16999999999991564
890 -2.6549999999999345
891 -0.11499999999991559
892 -0.09499999999991557
893 -0.16999999999991564
894 2.4150000000001084
895 -0.10499999999991558
896 -2.6149999999999354
897 -2.5599999999999365
898 -0.1249999999999156
899 -0.14999999999991562
900 -2.5499999999999368
901 -2.6099999999999355
902 -0.059999999999915545
903 -2.589999999999936
904 -2.5999999999999357
905 -2.624999999999935
906 -2.649999999999935
907 7.419999999999411
908 -2.5599999999999365
909 -2.589999999999936
910 -2.964999999999928
911 -0.16499999999991563
912 -2.5999999999999357
913 -2.6499999999999346
914 2.4500000000001068
915 2.395000000000109
916 -0.17499999999991742
917 -2.499999999999938
918 -2.534999999999937
919 -0.11999999999991559
920 -0.07999999999991556
921 -2.499999999999938
922 1.9400000000001185
923 -2.584999999999936
924 -2.6149999999999354
925 -0.03499999999991556
926 -2.5999999999999357
927 -0.04999999999991555
928 -2.6049999999999356
929 -0.1249999999999156
930 -0.1399999999999205
931 -0.09999999999991557
932 -2.6099999999999355
933 -2.5699999999999363
934 -2.6049999999999356
935 -2.6449999999999347
936 -2.5049999999999377
937 -0.22499999999993256
938 -2.6499999999999346
939 -2.5999999999999357
940 -2.6599999999999344
941 -0.04999999999991555
942 2.34500000000011
943 -2.5599999999999365
944 -2.5999999999999357
945 2.490000000000107
946 -2.6649999999999356
947 -2.5749999999999362
948 -2.6949999999999337
949 -2.669999999999934
950 -0.1299999999999156
951 -0.17499999999991564
952 4.499999999999825
953 -2.629999999999935
954 -2.629999999999935
955 -0.14999999999991562
956 -2.904999999999929
957 2.4350000000000964
958 -0.07999999999992488
959 -0.1249999999999156
960 -2.584999999999936
961 -2.579999999999936
962 2.440000000000108
963 -0.08499999999991556
964 -2.6499999999999346
965 -2.544999999999937
966 -2.5749999999999362
967 -2.589999999999936
968 -2.529999999999937
969 -2.579999999999936
970 -2.594999999999936
971 -2.5499999999999368
972 7.399999999999319
973 -2.7099999999999334
974 -2.6049999999999356
975 -2.6549999999999345
976 -2.5499999999999368
977 -2.634999999999935
978 -2.6199999999999353
979 -2.9799999999999276
980 -0.05499999999991555
981 -2.5699999999999363
982 2.485000000000107
983 -2.6099999999999355
984 -2.639999999999935
985 -2.674999999999934
986 -2.544999999999937
987 -2.5649999999999364
988 2.395000000000109
989 -2.6449999999999347
990 -0.11999999999995378
991 2.390000000000109
992 -2.624999999999935
993 -2.5699999999999363
994 -2.6549999999999345
995 -0.1249999999999156
996 -0.11499999999996066
997 -0.1449999999999156
998 -2.5649999999999364
999 -0.11499999999993912
1000 -0.10499999999992846
1001 -3.0449999999999267
1002 -0.1399999999999156
1003 -0.04999999999991555
1004 7.040000000000083
1005 -2.579999999999936
1006 -4.194999999999885
1007 -0.1299999999999156
1008 -2.5749999999999362
1009 -2.6049999999999356
1010 -0.05999999999994141
1011 -0.04499999999991555
1012 -2.5999999999999357
1013 -2.639999999999935
1014 -2.5699999999999363
1015 2.4000000000001087
1016 -0.08999999999991556
1017 -0.21499999999991568
1018 -0.059999999999954846
1019 -2.589999999999936
1020 -2.559999999999937
1021 -2.629999999999935
1022 -2.6899999999999338
1023 -2.639999999999935
1024 -2.579999999999936
1025 -0.10499999999991558
1026 -2.544999999999937
1027 -2.5749999999999362
1028 -2.5699999999999363
1029 -2.594999999999936
1030 -2.5499999999999368
1031 -2.529999999999937
1032 -0.05999999999992887
1033 -0.1399999999999156
1034 2.34000000000011
1035 -2.6199999999999353
1036 4.939999999999784
1037 -0.07999999999995819
1038 -0.07999999999991556
1039 -2.534999999999937
1040 -2.594999999999936
1041 -2.529999999999937
1042 3.3600000000001415
1043 2.440000000000108
1044 -2.5699999999999363
1045 1.9500000000001183
1046 -2.579999999999936
1047 -0.15999999999993827
1048 -0.08499999999991556
1049 -2.6149999999999354
1050 -2.529999999999937
1051 -2.6449999999999347
1052 -2.634999999999935
1053 -2.584999999999936
1054 -2.544999999999937
1055 -0.14499999999994004
1056 -2.6949999999999337
1057 -2.5599999999999365
1058 -2.6149999999999354
1059 -0.07499999999991555
1060 -2.6199999999999353
1061 -2.579999999999936
1062 -0.1299999999999488
1063 -2.584999999999936
1064 -2.579999999999936
1065 -2.5699999999999363
1066 -0.11499999999995511
1067 -2.9749999999999277
1068 -0.1349999999999156
1069 -2.704999999999934
1070 -2.6049999999999356
1071 -2.5549999999999367
1072 -0.08999999999991556
1073 -2.6649999999999343
1074 -0.11999999999991559
1075 -2.5999999999999357
1076 -2.5649999999999364
1077 -2.634999999999935
1078 -2.619999999999936
1079 -2.6049999999999356
1080 -2.624999999999935
1081 -0.16499999999991563
1082 -0.05499999999991555
1083 -2.5649999999999364
1084 -2.534999999999937
1085 -2.6049999999999356
1086 -0.07999999999995241
1087 -2.719999999999933
1088 -0.1399999999999156
1089 -0.08999999999991556
1090 -2.544999999999937
1091 4.9950000000000205
1092 -2.5699999999999363
1093 -0.12999999999996045
1094 -0.1349999999999156
1095 -0.15499999999991562
1096 -0.07499999999991555
1097 -0.05499999999991555
1098 -2.579999999999936
1099 -2.669999999999934
1100 2.35000000000011
1101 -2.5499999999999368
1102 -2.5999999999999357
1103 -2.584999999999936
1104 -2.629999999999935
1105 -2.499999999999938
1106 -2.6999999999999336
1107 -0.09499999999991557
1108 -2.5749999999999362
1109 -2.589999999999936
1110 -2.639999999999935
1111 -2.669999999999934
1112 -3.014999999999927
1113 -2.579999999999936
1114 -2.6549999999999345
1115 -0.07999999999991556
1116 -2.6449999999999347
1117 2.4050000000001086
1118 -0.11499999999991559
1119 -2.5999999999999357
1120 -2.5499999999999368
1121 -0.10499999999991558
1122 -0.08999999999994887
1123 -0.18499999999991565
1124 -2.5499999999999368
1125 2.390000000000109
1126 2.4200000000001083
1127 -2.5749999999999362
1128 -2.669999999999934
1129 -2.634999999999935
1130 -2.539999999999937
1131 -2.579999999999936
1132 -2.6499999999999346
1133 2.3700000000001094
1134 -2.4749999999999384
1135 -2.674999999999934
1136 -2.579999999999936
1137 -2.544999999999937
1138 -0.07499999999991555
1139 -2.6449999999999347
1140 -0.11499999999991559
1141 -2.594999999999936
1142 -0.1399999999999156
1143 -2.679999999999934
1144 -0.08499999999991556
1145 -2.634999999999935
1146 -2.5249999999999373
1147 -0.1249999999999156
1148 -2.5599999999999365
1149 -2.5549999999999367
1150 -2.6249999999999356
1151 2.425000000000108
1152 -2.6599999999999344
1153 -2.584999999999936
1154 -2.5999999999999357
1155 2.4200000000001083
1156 2.390000000000109
1157 -2.6099999999999355
1158 2.35000000000011
1159 -3.009999999999927
1160 -0.04499999999991555
1161 -2.6399999999999353
1162 -2.5749999999999362
1163 -0.1249999999999156
1164 -0.06499999999991554
1165 -2.6049999999999356
1166 -2.6049999999999356
1167 4.929999999999761
1168 -2.669999999999934
1169 -2.6049999999999356
1170 -2.634999999999935
1171 -2.6449999999999347
1172 -0.10499999999991558
1173 -2.6099999999999355
1174 -0.14999999999991562
1175 -2.669999999999934
1176 -2.6099999999999355
1177 -2.5749999999999362
1178 -0.1449999999999156
1179 -2.5749999999999362
1180 -2.674999999999934
1181 -2.5749999999999362
1182 -2.6149999999999354
1183 -2.584999999999936
1184 -0.09999999999991557
1185 -2.639999999999935
1186 -2.6049999999999356
1187 -2.5599999999999365
1188 -2.6849999999999348
1189 2.3750000000001092
1190 -2.914999999999929
1191 -2.6049999999999356
1192 -2.529999999999937
1193 -2.5249999999999373
1194 -2.589999999999936
1195 -2.579999999999936
1196 -2.5499999999999368
1197 -2.539999999999937
1198 -2.5999999999999357
1199 -0.18999999999991565
1200 -2.5849999999999365
1201 -2.6499999999999346
1202 -0.03499999999991556
1203 -2.5249999999999373
1204 -0.08499999999991556
1205 -2.534999999999937
1206 -2.5599999999999365
1207 -7.429999999999815
1208 -2.6099999999999355
1209 -2.6099999999999355
1210 -2.669999999999934
1211 -2.6099999999999355
1212 -2.669999999999934
1213 -2.534999999999937
1214 -2.5099999999999376
1215 -2.5249999999999373
1216 -2.539999999999937
1217 -2.6049999999999356
1218 -2.5199999999999374
1219 -2.6099999999999355
1220 -0.07999999999991556
1221 2.3100000000001106
1222 -0.08999999999991556
1223 2.35000000000011
1224 2.390000000000109
1225 2.3800000000000647
1226 -0.09999999999991557
1227 -2.6949999999999337
1228 -0.12499999999991604
1229 2.3200000000000647
1230 -2.5549999999999367
1231 -2.6499999999999346
1232 -2.5749999999999362
1233 -2.6449999999999347
1234 -2.8949999999999294
1235 -0.1249999999999156
1236 9.53999999999924
1237 -2.5999999999999357
1238 -2.5749999999999362
1239 -2.679999999999934
1240 -2.5699999999999363
1241 -0.11499999999991559
1242 -0.18499999999991587
1243 -2.5749999999999362
1244 -0.5149999999999172
1245 -0.10499999999991558
1246 -2.6049999999999356
1247 -2.5549999999999367
1248 7.290000000000007
1249 -2.6049999999999356
1250 -2.5999999999999357
1251 -2.634999999999935
1252 -0.04499999999991555
1253 -0.5549999999999353
1254 -2.5999999999999357
1255 -3.0249999999999266
1256 -0.5249999999999159
1257 -0.11499999999991559
1258 -0.11999999999991559
1259 -2.6099999999999355
1260 -2.629999999999935
1261 -2.5999999999999357
1262 -2.5499999999999368
1263 -2.6049999999999356
1264 -0.1099999999999369
1265 -2.6649999999999343
1266 -2.6049999999999356
1267 -0.014999999999960188
1268 -0.19499999999994408
1269 -0.19499999999991566
1270 -2.6199999999999353
1271 -0.1449999999999156
1272 2.3200000000001104
1273 -2.5999999999999357
1274 -2.5499999999999368
1275 -2.684999999999934
1276 -2.6149999999999354
1277 -2.589999999999936
1278 -2.589999999999936
1279 -0.19999999999991566
1280 -2.584999999999936
1281 -2.5549999999999367
1282 -0.014999999999915557
1283 -2.6199999999999353
1284 -2.6649999999999343
1285 -0.03499999999991556
1286 -2.5049999999999377
1287 -2.6049999999999356
1288 2.3700000000001094
1289 -2.579999999999936
1290 -0.10499999999991558
1291 -0.07499999999991555
1292 -2.6149999999999354
1293 -2.6449999999999347
1294 -2.6499999999999346
1295 -2.6049999999999356
1296 2.4000000000001087
1297 2.33500000000011
1298 -2.539999999999937
1299 -2.634999999999935
1300 -2.584999999999936
1301 -0.02999999999991556
1302 -0.08999999999991556
1303 -2.5749999999999362
1304 -0.06999999999991555
1305 -0.07499999999991555
1306 -2.6049999999999356
1307 -2.6099999999999355
1308 -2.589999999999936
1309 -0.10499999999994
1310 -2.5999999999999357
1311 -2.5999999999999357
1312 -2.594999999999936
1313 -2.5699999999999363
1314 -2.5649999999999364
1315 -2.584999999999936
1316 -2.624999999999935
1317 -2.5699999999999363
1318 -2.529999999999937
1319 -2.5499999999999368
1320 -2.639999999999935
1321 -2.579999999999936
1322 -2.9949999999999273
1323 -0.12499999999994357
1324 -2.624999999999935
1325 -2.6149999999999354
1326 -2.5649999999999364
1327 2.33500000000011
1328 -0.16499999999992496
1329 -0.07999999999991556
1330 -0.18499999999991565
1331 -0.1449999999999156
1332 -0.07999999999991556
1333 -2.579999999999936
1334 -2.584999999999936
1335 -2.6099999999999355
1336 -0.1349999999999156
1337 -2.5699999999999363
1338 -2.5199999999999374
1339 -2.584999999999936
1340 -0.1299999999999156
1341 -2.5099999999999376
1342 -2.5599999999999365
1343 -2.589999999999936
1344 -0.08499999999991556
1345 -2.5199999999999374
1346 2.255000000000112
1347 -0.02999999999991556
1348 2.3550000000001097
1349 -2.5549999999999367
1350 -2.5999999999999357
1351 -2.579999999999936
1352 -2.6649999999999343
1353 -2.669999999999934
1354 -2.5499999999999368
1355 -2.589999999999936
1356 -2.6049999999999356
1357 -0.08999999999992622
1358 -2.5549999999999367
1359 -2.5549999999999367
1360 -0.1449999999999347
1361 -2.6149999999999354
1362 -2.6149999999999354
1363 2.390000000000109
1364 -2.5749999999999362
1365 -0.9349999999999171
1366 -0.1249999999999378
1367 -2.5499999999999368
1368 -2.5699999999999363
1369 4.890000000000109
1370 -2.6199999999999353
1371 -2.579999999999936
1372 -0.2649999999999157
1373 -2.6149999999999354
1374 -2.6149999999999354
1375 -0.06499999999991554
1376 -0.10999999999991558
1377 -0.07499999999991555
1378 -2.629999999999935
1379 -2.679999999999934
1380 -0.019999999999915558
1381 -0.16999999999991564
1382 -2.6199999999999353
1383 -2.5999999999999357
1384 -0.17999999999991653
1385 -2.5649999999999364
1386 -0.19999999999991566
1387 -2.6049999999999356
1388 -6.719999999999849
1389 -3.0349999999999264
1390 -2.594999999999936
1391 2.4100000000001085
1392 -2.5999999999999357
1393 -2.554999999999937
1394 -3.0199999999999267
1395 -2.629999999999935
1396 -2.634999999999935
1397 -2.594999999999936
1398 -2.6199999999999353
1399 -2.5499999999999368
1400 -2.5499999999999368
1401 2.380000000000109
1402 -2.579999999999936
1403 -2.594999999999936
1404 4.879999999999767
1405 -2.584999999999936
1406 -2.6149999999999354
1407 -2.5749999999999362
1408 -2.494999999999938
1409 -2.5649999999999364
1410 -2.599999999999936
1411 -0.1399999999999156
1412 -2.594999999999936
1413 -2.679999999999934
1414 -0.07999999999991556
1415 -0.03499999999991556
1416 -0.15999999999991563
1417 -2.674999999999934
1418 -2.634999999999935
1419 -2.5249999999999373
1420 -2.674999999999934
1421 -2.5999999999999357
1422 -0.12999999999995202
1423 -2.6599999999999344
1424 4.910000000000089
1425 -0.14999999999991562
1426 -2.6099999999999355
1427 -2.6149999999999354
1428 -2.6599999999999344
1429 2.3700000000001094
1430 -2.5649999999999373
1431 -2.579999999999936
1432 -2.5749999999999362
1433 -2.904999999999929
1434 -2.5649999999999364
1435 -1.1249999999999136
1436 -0.08499999999991556
1437 4.935000000000108
1438 -2.9299999999999287
1439 -2.5549999999999367
1440 -0.11499999999991559
1441 2.3550000000001097
1442 -2.5749999999999362
1443 -2.6049999999999356
1444 -2.639999999999935
1445 -2.6599999999999344
1446 -2.534999999999937
1447 -2.669999999999934
1448 2.35000000000011
1449 -2.5199999999999374
1450 -2.5549999999999367
1451 -2.679999999999934
1452 -2.624999999999935
1453 -0.18499999999991565
1454 -2.674999999999934
1455 -0.16499999999992895
1456 0.015000000000084446
1457 -2.6499999999999346
1458 -2.5699999999999363
1459 -2.634999999999935
1460 -2.589999999999936
1461 2.3100000000001106
1462 -2.669999999999935
1463 -2.6599999999999344
1464 -2.589999999999936
1465 9.814999999999815
1466 -2.5649999999999364
1467 -0.05499999999991555
1468 -2.584999999999936
1469 -0.1449999999999156
1470 -2.534999999999937
1471 -2.669999999999934
1472 -2.5999999999999357
1473 -0.4799999999999159
1474 -2.5499999999999368
1475 -2.594999999999936
1476 -2.5749999999999362
1477 -2.6449999999999347
1478 -2.544999999999937
1479 -2.5699999999999363
1480 -2.6149999999999354
1481 4.899999999999779
1482 2.440000000000108
1483 2.4200000000001083
1484 -2.6149999999999354
1485 2.3800000000000963
1486 -2.6449999999999347
1487 -2.494999999999912
1488 -2.6149999999999354
1489 -2.6199999999999353
1490 -2.5999999999999357
1491 -2.6599999999999344
1492 -2.624999999999935
1493 -2.6499999999999346
1494 4.740000000000076
1495 -2.584999999999936
1496 -2.5749999999999362
1497 -2.6099999999999355
1498 -2.5699999999999363
1499 -2.5699999999999363
1500 -2.584999999999936
1501 -2.584999999999936
1502 -0.059999999999915545
1503 0.005000000000084445
1504 -0.09499999999991557
1505 -0.03499999999991556
1506 -2.6549999999999345
1507 -2.6049999999999356
1508 -0.17499999999991564
1509 -2.634999999999935
1510 -2.529999999999937
1511 2.3750000000001092
1512 -2.6499999999999346
1513 -2.5649999999999364
1514 -0.11499999999991581
1515 -2.6499999999999346
1516 -0.1399999999999156
1517 -2.579999999999936
1518 -0.17499999999991564
1519 -0.07999999999991556
1520 -2.544999999999937
1521 -0.13499999999996024
1522 -2.5749999999999362
1523 -2.534999999999937
1524 -2.629999999999935
1525 -2.6049999999999356
1526 -2.6049999999999356
1527 -2.589999999999936
1528 -2.5249999999999373
1529 -2.639999999999935
1530 -0.06499999999991554
1531 -2.6049999999999356
1532 -2.5099999999999376
1533 -0.04499999999991555
1534 -2.9249999999999288
1535 -2.584999999999936
1536 -2.6099999999999355
1537 -2.6099999999999355
1538 -2.999999999999927
1539 -0.06499999999991554
1540 -2.5699999999999363
1541 -0.16999999999991564
1542 -2.5649999999999364
1543 0.005000000000084445
1544 -2.6599999999999344
1545 -2.5699999999999363
1546 -2.5699999999999363
1547 -2.634999999999935
1548 -0.059999999999915545
1549 -2.6149999999999354
1550 -2.5599999999999365
1551 -2.584999999999936
1552 -2.5599999999999365
1553 -0.1349999999999356
1554 -0.10499999999991558
1555 2.4600000000001074
1556 -0.1399999999999156
1557 -2.3049999999998887
1558 -2.584999999999936
1559 -0.1399999999999156
1560 -2.589999999999936
1561 -0.07999999999991556
1562 -2.629999999999935
1563 -2.6149999999999354
1564 -2.669999999999934
1565 -0.02999999999991556
1566 -2.5599999999999365
1567 -2.5749999999999362
1568 -2.634999999999935
1569 -2.7349999999998795
1570 -2.6099999999999355
1571 4.805000000000111
1572 -2.589999999999936
1573 -2.5749999999999362
1574 -0.09999999999991602
1575 -2.599999999999936
1576 2.390000000000109
1577 -3.0349999999999264
1578 -2.629999999999935
1579 -2.6199999999999353
1580 -2.604999999999936
1581 -2.539999999999937
1582 2.3300000000000916
1583 -2.5699999999999363
1584 -2.6599999999999344
1585 -2.629999999999935
1586 -0.06499999999991554
1587 -0.1349999999999156
1588 -2.539999999999937
1589 -2.639999999999935
1590 -2.589999999999936
1591 -2.5499999999999368
1592 -2.624999999999935
1593 -2.6099999999999355
1594 -0.11999999999991559
1595 -0.06999999999995973
1596 -2.7099999999999334
1597 -2.674999999999934
1598 -2.634999999999935
1599 2.3700000000001094
1600 -0.15499999999991562
1601 -2.579999999999936
1602 -2.624999999999935
1603 -2.6549999999999345
1604 -2.5649999999999364
1605 -0.15999999999991563
1606 -0.1249999999999156
1607 -2.679999999999934
1608 -2.6349999999999354
1609 -2.5749999999999362
1610 -2.6199999999999353
1611 -2.6099999999999355
1612 -2.6499999999999346
1613 -2.544999999999937
1614 2.435000000000108
1615 -2.6199999999999353
1616 7.379999999999357
1617 2.3650000000001095
1618 -0.09499999999991557
1619 -0.05499999999991555
1620 -2.7049999999999335
1621 -0.07499999999991555
1622 -2.5649999999999364
1623 -2.5699999999999363
1624 -2.6099999999999355
1625 -0.10499999999991558
1626 -2.6149999999999354
1627 -0.08499999999991556
1628 -0.11999999999991559
1629 -2.584999999999936
1630 -2.6099999999999355
1631 -2.679999999999934
1632 -2.5699999999999363
1633 -2.6199999999999353
1634 -2.594999999999936
1635 -2.6199999999999353
1636 -2.594999999999936
1637 -0.04999999999991555
1638 -2.6049999999999356
1639 -0.06499999999991599
1640 -2.529999999999937
1641 -2.6099999999999355
1642 -2.6049999999999356
1643 -0.02999999999991556
1644 -0.16999999999991608
1645 -2.5649999999999364
1646 -2.579999999999936
1647 2.410000000000095
1648 -2.5499999999999368
1649 -2.634999999999935
1650 -2.624999999999935
1651 -2.5549999999999367
1652 -2.589999999999936
1653 -2.629999999999935
1654 -2.5999999999999357
1655 -2.669999999999935
1656 -0.05499999999991555
1657 2.4200000000001083
1658 -0.5149999999999167
1659 -2.5999999999999357
1660 -2.6549999999999345
1661 -0.014999999999951528
1662 -2.6549999999999345
1663 -2.494999999999938
1664 -0.02499999999991556
1665 -0.1399999999999156
1666 -2.589999999999936
1667 -0.11499999999991559
1668 -2.624999999999935
1669 -0.04499999999991555
1670 -2.589999999999936
1671 4.920000000000108
1672 -2.679999999999934
1673 -0.09499999999994976
1674 -0.1249999999999156
1675 -2.5599999999999365
1676 2.390000000000109
1677 -2.6999999999999336
1678 -2.5199999999999374
1679 2.425000000000108
1680 -2.6199999999999353
1681 -2.5999999999999357
1682 -2.8799999999999297
1683 -2.584999999999936
1684 -0.09999999999991557
1685 -0.07499999999991555
1686 -2.6149999999999354
1687 -2.5999999999999357
1688 -2.594999999999936
1689 2.4100000000001085
1690 -2.5999999999999357
1691 -0.16499999999991669
1692 -2.589999999999936
1693 -2.584999999999936
1694 -2.6649999999999343
1695 2.4050000000001077
1696 -2.589999999999936
1697 -2.539999999999937
1698 -2.5549999999999367
1699 -2.624999999999935
1700 -2.5649999999999364
1701 -2.6449999999999347
1702 -0.09999999999991557
1703 -2.6099999999999355
1704 -2.5699999999999363
1705 -2.5049999999999377
1706 -0.09999999999991557
1707 -2.539999999999937
1708 0.8050000000001375
1709 -2.5999999999999357
1710 -2.5249999999999373
1711 -3.8449999999999096
1712 -2.6149999999999354
1713 -2.634999999999935
1714 -2.6099999999999355
1715 -2.6499999999999346
1716 -2.499999999999938
1717 -2.6199999999999353
1718 -2.679999999999934
1719 -2.539999999999937
1720 -2.5499999999999368
1721 -2.584999999999936
1722 2.435000000000108
1723 -2.6099999999999355
1724 -2.579999999999936
1725 -0.16999999999991564
1726 -2.489999999999938
1727 -0.1449999999999156
1728 -2.634999999999935
1729 -2.6149999999999354
1730 -2.6549999999999345
1731 -2.5649999999999364
1732 -2.6149999999999354
1733 -2.6049999999999356
1734 -2.6049999999999356
1735 -2.539999999999937
1736 -2.6499999999999346
1737 2.4450000000001078
1738 -2.5199999999999374
1739 -0.10999999999991558
1740 4.8949999999997775
1741 -0.08999999999991579
1742 -2.5699999999999363
1743 -2.584999999999936
1744 -0.17999999999991564
1745 -0.05499999999991555
1746 -2.589999999999936
1747 2.3550000000001097
1748 -2.5549999999999367
1749 -0.11999999999991559
1750 -0.07499999999991555
1751 -2.584999999999936
1752 -0.1449999999999156
1753 -0.09999999999991557
1754 -2.5999999999999357
1755 -2.624999999999935
1756 -2.6049999999999356
1757 -0.09499999999991557
1758 -2.5999999999999357
1759 -2.634999999999935
1760 -0.16499999999991563
1761 -2.529999999999937
1762 -0.10499999999991558
1763 -0.08499999999991556
1764 -2.589999999999936
1765 -0.1399999999999156
1766 -0.17499999999991564
1767 -2.5599999999999365
1768 -2.5999999999999357
1769 2.34500000000011
1770 -2.5649999999999364
1771 -2.6149999999999354
1772 -2.5999999999999357
1773 -2.539999999999937
1774 -2.594999999999936
1775 -2.5549999999999367
1776 -2.594999999999936
1777 -2.534999999999937
1778 -0.02499999999991556
1779 -2.664999999999935
1780 4.879999999999797
1781 -0.11499999999991559
1782 -2.544999999999937
1783 -0.06999999999991555
1784 2.3550000000001097
1785 -2.5749999999999362
1786 -0.08999999999991645
1787 -2.534999999999937
1788 -2.6149999999999354
1789 2.0350000000001165
1790 -2.534999999999937
1791 -0.15499999999991562
1792 -2.6599999999999344
1793 -2.594999999999936
1794 -2.6099999999999355
1795 2.415000000000105
1796 -2.6099999999999355
1797 -0.059999999999915545
1798 -2.639999999999935
1799 -2.539999999999937
1800 -2.584999999999936
1801 2.425000000000108
1802 -2.6099999999999355
1803 -0.11999999999991559
1804 -2.5399999999999374
1805 -2.5599999999999365
1806 -2.6149999999999354
1807 -2.544999999999937
1808 -2.629999999999935
1809 -2.589999999999936
1810 -2.639999999999935
1811 -2.594999999999936
1812 -2.5099999999999376
1813 -2.5099999999999376
1814 -2.5549999999999367
1815 -2.634999999999935
1816 -2.6199999999999353
1817 -2.534999999999937
1818 -2.6199999999999357
1819 -2.5099999999999376
1820 -2.684999999999934
1821 -3.0249999999999266
1822 -2.674999999999934
1823 -2.6049999999999356
1824 -2.5499999999999368
1825 -2.5249999999999373
1826 -0.06999999999991555
1827 -2.639999999999935
1828 -2.5699999999999363
1829 -2.634999999999935
1830 -2.6499999999999346
1831 -2.6899999999999338
1832 -0.14999999999991562
1833 -0.08999999999991556
1834 -3.0399999999999263
1835 -2.6499999999999346
1836 -2.6199999999999353
1837 -2.579999999999936
1838 -2.634999999999935
1839 -2.8849999999999296
1840 -2.6499999999999346
1841 -2.5599999999999365
1842 -2.6599999999999344
1843 -2.584999999999936
1844 -2.6099999999999355
1845 -2.634999999999935
1846 -2.529999999999937
1847 -2.6099999999999355
1848 -2.6599999999999344
1849 -2.5249999999999373
1850 -2.5649999999999364
1851 -2.5249999999999373
1852 -0.08499999999991556
1853 2.3100000000001106
1854 -2.629999999999935
1855 -2.579999999999936
1856 2.3150000000001025
1857 -0.08499999999993732
1858 -2.5549999999999367
1859 2.4550000000001075
1860 2.4050000000001086
1861 2.470000000000107
1862 -2.6199999999999353
1863 -0.014999999999915557
1864 -3.0199999999999267
1865 -2.6099999999999355
1866 -2.5599999999999365
1867 -2.669999999999934
1868 -2.5749999999999362
1869 -0.1649999999999587
1870 -2.5549999999999367
1871 -2.6199999999999353
1872 2.430000000000108
1873 2.4450000000001078
1874 -2.5549999999999367
1875 -2.569999999999937
1876 -2.6149999999999354
1877 -0.09499999999991557
1878 -2.5749999999999362
1879 -2.5749999999999362
1880 -2.529999999999937
1881 -0.04499999999991555
1882 -2.6199999999999353
1883 -2.6199999999999353
1884 -0.11999999999991559
1885 -2.544999999999937
1886 -0.14999999999991562
1887 -2.634999999999935
1888 -0.09499999999991557
1889 -2.529999999999937
1890 -0.06499999999991554
1891 -2.5999999999999357
1892 2.4050000000001086
1893 -0.19999999999991566
1894 2.4050000000001086
1895 -2.6599999999999344
1896 -2.6049999999999356
1897 -2.544999999999937
1898 -2.669999999999934
1899 -2.594999999999936
1900 2.4550000000001075
1901 -0.09999999999991557
1902 2.4500000000001076
1903 4.924999999999791
1904 -0.11499999999991559
1905 -2.6149999999999354
1906 7.4049999999996725
1907 -0.1499999999999607
1908 -2.594999999999936
1909 -2.6199999999999353
1910 -0.12999999999992004
1911 -2.5749999999999362
1912 -2.6449999999999347
1913 -2.639999999999935
1914 -2.6499999999999346
1915 -0.07499999999991555
1916 -2.4649999999999386
1917 -2.5599999999999365
1918 2.35000000000011
1919 -2.534999999999937
1920 -2.6549999999999345
1921 -2.5499999999999368
1922 -0.1399999999999156
1923 -2.5999999999999357
1924 -0.14499999999995913
1925 -2.629999999999935
1926 -2.5749999999999362
1927 -2.639999999999935
1928 -2.5999999999999357
1929 -2.6099999999999355
1930 -2.4699999999999385
1931 -2.634999999999935
1932 -2.6149999999999354
1933 -0.1399999999999156
1934 -2.5749999999999362
1935 -2.639999999999935
1936 -2.579999999999936
1937 -2.6599999999999344
1938 -2.544999999999937
1939 -2.5499999999999368
1940 -2.6149999999999354
1941 -2.6199999999999353
1942 -0.08499999999991556
1943 4.89999999999977
1944 -0.10999999999991558
1945 -2.579999999999936
1946 -0.11499999999991559
1947 2.425000000000084
1948 -2.6099999999999355
1949 -2.589999999999936
1950 -2.6199999999999353
1951 -0.09999999999991557
1952 -2.694999999999934
1953 -0.05499999999991555
1954 -2.5549999999999367
1955 -2.579999999999936
1956 2.385000000000109
1957 -0.04499999999996085
1958 -2.6049999999999356
1959 -2.584999999999936
1960 -2.584999999999936
1961 -3.044999999999926
1962 -0.08999999999991556
1963 -0.1299999999999156
1964 -0.09499999999991557
1965 -0.08999999999994077
1966 -0.06999999999991555
1967 -2.594999999999936
1968 2.35000000000011
1969 -2.6149999999999354
1970 -2.594999999999936
1971 -2.579999999999936
1972 -0.4049999999999158
1973 4.930000000000018
1974 -2.5549999999999367
1975 -2.5749999999999362
1976 -2.6049999999999356
1977 -2.5199999999999374
1978 -2.529999999999937
1979 -2.529999999999937
1980 -2.6099999999999355
1981 2.4200000000001083
1982 -2.624999999999935
1983 -2.6649999999999343
1984 -2.589999999999936
1985 -2.6199999999999353
1986 -2.6049999999999356
1987 2.3450000000001014
1988 -2.5999999999999357
1989 -2.6099999999999355
1990 -2.949999999999929
1991 -0.11999999999992136
1992 -0.08499999999991556
1993 -0.16999999999993715
1994 -0.15999999999995337
1995 -0.1399999999999156
1996 -2.5999999999999357
1997 -0.06499999999991554
1998 -2.6199999999999353
1999 -2.5999999999999357
4595.785670995712
