0 22.43
1 19.86
2 26.46
3 29.93
4 19.94
5 12.52
6 27.54
7 7.41
8 14.97
9 24.95
10 12.06
11 32.39
12 9.11
13 20.03
14 12.26
15 14.91
16 14.84
17 32.45
18 4.02
19 20.02
20 34.91
21 27.53
22 12.45
23 12.45
24 17.39
25 14.97
26 12.55
27 19.93
28 20.06
29 22.54
30 53.86
31 12.34
32 7.32
33 37.50
34 12.50
35 10.18
36 25.00
37 12.33
38 42.53
39 14.99
40 32.43
41 22.48
42 40.06
43 22.55
44 31.06
45 22.53
46 31.73
47 9.83
48 37.54
49 14.98
50 24.91
51 24.48
52 17.22
53 32.52
54 32.39
55 25.00
56 30.05
57 17.36
58 27.40
59 19.90
60 14.93
61 19.83
62 27.50
63 9.85
64 12.53
65 27.45
66 32.40
67 36.60
68 24.84
69 12.47
70 14.85
71 14.84
72 14.91
73 35.06
74 42.61
75 14.84
76 24.97
77 27.48
78 32.40
79 19.95
80 34.85
81 27.49
82 19.91
83 30.06
84 9.93
85 14.83
86 37.54
87 19.87
88 22.50
89 14.73
90 19.96
91 19.99
92 17.48
93 24.56
94 14.95
95 27.44
96 41.65
97 27.03
98 17.85
99 22.40
100 27.51
101 40.02
102 12.46
103 22.52
104 40.01
105 35.15
106 32.29
107 12.43
108 2.36
109 9.84
110 27.42
111 22.45
112 19.93
113 32.56
114 27.49
115 17.60
116 20.00
117 24.88
118 34.35
119 22.64
120 12.31
121 29.05
122 17.38
123 27.44
124 29.89
125 32.60
126 27.50
127 24.91
128 14.87
129 22.29
130 32.38
131 22.35
132 35.00
133 22.43
134 19.86
135 29.99
136 9.98
137 27.40
138 20.06
139 54.92
140 32.31
141 35.03
142 34.07
143 24.88
144 19.90
145 32.42
146 2.29
147 29.90
148 22.21
149 30.00
150 19.15
151 19.89
152 37.50
153 24.97
154 36.92
155 17.40
156 24.94
157 22.29
158 32.45
159 25.04
160 9.93
161 12.18
162 34.99
163 31.69
164 19.86
165 39.94
166 27.46
167 14.80
168 37.51
169 15.02
170 27.48
171 14.86
172 22.42
173 27.35
174 27.49
175 28.78
176 24.77
177 17.48
178 22.60
179 26.47
180 17.34
181 32.39
182 27.50
183 24.95
184 42.57
185 7.53
186 29.59
187 22.58
188 40.12
189 39.90
190 9.96
191 17.02
192 14.99
193 42.56
194 27.47
195 14.92
196 17.40
197 54.83
198 27.48
199 34.06
200 29.00
201 19.94
202 14.89
203 35.01
204 32.44
205 24.14
206 39.99
207 19.99
208 35.04
209 22.49
210 14.82
211 50.15
212 17.35
213 27.53
214 17.66
215 27.51
216 24.93
217 29.22
218 32.51
219 20.01
220 17.45
221 34.92
222 34.92
223 32.48
224 14.96
225 34.79
226 31.80
227 24.96
228 19.88
229 14.79
230 34.68
231 7.47
232 34.92
233 25.60
234 22.40
235 30.01
236 29.82
237 30.02
238 37.43
239 33.90
240 32.50
241 37.38
242 27.37
243 9.93
244 14.99
245 20.58
246 27.46
247 24.85
248 22.47
249 25.03
250 37.62
251 14.77
252 27.57
253 9.78
254 29.95
255 34.98
256 35.14
257 25.09
258 44.73
259 27.45
260 49.80
261 34.89
262 19.95
263 34.81
264 32.55
265 21.70
266 27.47
267 35.04
268 27.58
269 12.36
270 35.26
271 27.63
272 29.99
273 14.91
274 32.49
275 27.51
276 27.15
277 22.59
278 24.57
279 17.52
280 29.91
281 27.46
282 22.49
283 24.94
284 40.13
285 17.48
286 22.46
287 32.48
288 60.10
289 27.57
290 34.86
291 35.03
292 37.48
293 33.38
294 14.91
295 27.48
296 24.99
297 35.09
298 27.59
299 29.98
300 27.42
301 37.56
302 37.45
303 37.59
304 37.50
305 34.93
306 22.44
307 19.10
308 15.13
309 36.84
310 24.93
311 14.95
312 12.54
313 32.35
314 32.57
315 30.04
316 24.86
317 32.60
318 12.55
319 32.59
320 19.11
321 17.44
322 27.64
323 30.02
324 22.48
325 21.70
326 23.08
327 40.02
328 32.52
329 19.81
330 27.45
331 19.85
332 38.52
333 40.00
334 9.80
335 32.57
336 37.44
337 38.54
338 29.84
339 42.60
340 24.98
341 14.84
342 22.35
343 17.54
344 35.07
345 42.39
346 29.85
347 42.38
348 22.32
349 27.43
350 53.91
351 26.65
352 17.43
353 15.01
354 29.28
355 42.45
356 24.93
357 50.17
358 32.57
359 17.38
360 42.58
361 34.96
362 19.27
363 14.85
364 30.13
365 37.51
366 30.08
367 19.89
368 29.95
369 34.98
370 32.55
371 38.12
372 22.55
373 25.04
374 39.90
375 34.87
376 30.11
377 35.02
378 20.01
379 34.10
380 24.94
381 27.54
382 36.05
383 24.96
384 27.44
385 12.40
386 19.78
387 40.14
388 19.85
389 32.51
390 24.91
391 39.99
392 24.98
393 9.91
394 37.40
395 46.76
396 47.46
397 31.64
398 30.64
399 17.56
400 39.99
401 52.62
402 41.76
403 19.91
404 24.97
405 27.42
406 17.41
407 35.08
408 29.86
409 22.50
410 22.43
411 34.80
412 27.51
413 19.95
414 15.00
415 29.90
416 44.92
417 29.87
418 32.45
419 34.14
420 27.49
421 40.01
422 24.86
423 47.64
424 35.00
425 30.04
426 37.57
427 14.94
428 34.92
429 19.86
430 19.87
431 37.56
432 14.89
433 17.43
434 35.11
435 37.37
436 37.51
437 25.02
438 42.47
439 37.56
440 14.81
441 19.97
442 10.10
443 35.09
444 24.83
445 44.98
446 46.88
447 19.89
448 29.94
449 42.51
450 24.99
451 35.02
452 38.23
453 35.12
454 40.00
455 27.57
456 22.60
457 32.66
458 27.46
459 39.23
460 42.69
461 22.46
462 57.58
463 27.64
464 22.20
465 29.92
466 22.34
467 40.05
468 39.91
469 29.98
470 35.14
471 50.15
472 17.20
473 55.09
474 22.31
475 41.41
476 17.33
477 7.37
478 22.51
479 42.54
480 22.52
481 19.96
482 32.59
483 24.71
484 28.21
485 22.56
486 25.09
487 9.93
488 37.54
489 21.75
490 35.00
491 38.77
492 29.25
493 24.96
494 27.51
495 19.89
496 43.41
497 34.94
498 36.64
499 39.33
500 17.47
501 27.45
502 15.00
503 42.42
504 24.83
505 32.44
506 41.81
507 39.27
508 27.51
509 35.06
510 45.19
511 50.00
512 37.52
513 12.42
514 34.91
515 37.53
516 24.99
517 9.92
518 35.07
519 44.12
520 45.02
521 29.87
522 39.99
523 29.90
524 38.03
525 27.41
526 2.39
527 19.94
528 24.88
529 39.14
530 27.48
531 37.50
532 12.45
533 32.42
534 37.53
535 57.58
536 34.99
537 34.96
538 23.82
539 24.91
540 20.03
541 50.08
542 41.57
543 32.49
544 50.77
545 28.80
546 52.61
547 19.12
548 47.68
549 36.71
550 42.56
551 24.97
552 27.59
553 47.62
554 14.84
555 19.99
556 32.54
557 42.48
558 39.89
559 37.48
560 14.93
561 26.10
562 42.52
563 50.06
564 34.02
565 45.05
566 37.56
567 27.36
568 55.18
569 39.28
570 35.04
571 45.14
572 42.65
573 29.90
574 49.11
575 44.87
576 39.91
577 36.73
578 29.96
579 45.01
580 24.93
581 35.11
582 39.95
583 37.58
584 32.44
585 32.47
586 17.47
587 27.44
588 45.00
589 34.99
590 42.66
591 32.51
592 27.55
593 22.41
594 42.37
595 40.02
596 60.25
597 32.58
598 39.68
599 42.66
600 24.96
601 17.44
602 50.09
603 37.56
604 32.52
605 27.36
606 30.12
607 27.45
608 24.89
609 41.63
610 54.24
611 27.30
612 47.53
613 22.54
614 47.63
615 47.65
616 50.26
617 31.85
618 24.96
619 25.00
620 45.07
621 34.97
622 35.05
623 40.03
624 39.98
625 19.87
626 39.92
627 39.98
628 32.47
629 22.34
630 44.31
631 14.93
632 34.97
633 27.56
634 45.10
635 24.96
636 30.08
637 37.50
638 32.49
639 24.97
640 42.82
641 65.48
642 22.50
643 19.60
644 17.35
645 27.45
646 42.50
647 14.44
648 30.06
649 24.93
650 37.39
651 32.14
652 42.57
653 32.41
654 24.93
655 32.57
656 32.31
657 25.03
658 29.81
659 47.91
660 34.89
661 45.08
662 17.36
663 22.35
664 59.66
665 32.43
666 54.49
667 29.91
668 43.01
669 22.46
670 14.51
671 46.65
672 40.02
673 30.00
674 35.04
675 56.52
676 35.59
677 17.49
678 22.50
679 17.58
680 19.59
681 40.02
682 50.01
683 45.05
684 63.68
685 60.32
686 29.95
687 39.96
688 35.11
689 27.42
690 35.11
691 22.47
692 60.18
693 45.10
694 37.40
695 37.35
696 35.02
697 52.23
698 17.32
699 27.50
700 39.89
701 55.11
702 22.45
703 32.39
704 39.96
705 55.07
706 32.56
707 35.03
708 41.81
709 40.05
710 32.66
711 45.01
712 20.01
713 34.99
714 47.51
715 40.12
716 26.66
717 32.42
718 50.00
719 50.13
720 37.57
721 57.68
722 42.54
723 35.01
724 26.63
725 32.52
726 55.07
727 32.49
728 35.01
729 40.04
730 47.48
731 37.47
732 34.88
733 32.62
734 32.54
735 12.54
736 30.11
737 50.04
738 43.17
739 56.85
740 34.15
741 32.42
742 27.45
743 45.00
744 22.45
745 7.20
746 37.43
747 52.48
748 43.36
749 49.72
750 39.19
751 32.58
752 35.04
753 40.17
754 22.43
755 30.00
756 42.63
757 29.01
758 41.70
759 57.57
760 19.96
761 41.37
762 22.54
763 32.37
764 35.02
765 51.42
766 19.93
767 39.18
768 30.05
769 29.92
770 49.91
771 32.54
772 42.54
773 12.50
774 44.99
775 34.91
776 37.54
777 47.55
778 47.45
779 30.01
780 27.33
781 37.68
782 44.90
783 39.94
784 32.57
785 59.93
786 43.87
787 50.07
788 29.93
789 30.08
790 37.48
791 42.61
792 24.92
793 37.55
794 37.65
795 32.24
796 22.43
797 41.44
798 62.54
799 29.99
800 42.65
801 40.74
802 45.08
803 40.89
804 40.02
805 24.73
806 47.67
807 27.51
808 35.03
809 29.96
810 27.52
811 39.92
812 30.02
813 21.35
814 17.24
815 53.29
816 42.36
817 35.03
818 37.43
819 27.41
820 42.40
821 37.52
822 42.49
823 50.08
824 39.94
825 37.41
826 29.96
827 42.56
828 42.49
829 47.61
830 27.60
831 51.86
832 25.08
833 42.38
834 27.45
835 55.14
836 52.63
837 52.49
838 25.16
839 40.15
840 21.70
841 33.55
842 43.66
843 22.50
844 46.90
845 29.90
846 37.71
847 30.03
848 45.06
849 24.93
850 35.03
851 32.48
852 57.62
853 42.53
854 38.47
855 45.13
856 47.55
857 25.00
858 24.97
859 9.90
860 24.80
861 24.24
862 41.78
863 50.04
864 22.46
865 37.54
866 27.57
867 37.57
868 57.64
869 37.42
870 27.55
871 24.90
872 37.65
873 7.45
874 41.88
875 29.91
876 60.12
877 40.19
878 19.81
879 32.56
880 29.16
881 64.97
882 27.52
883 50.00
884 19.92
885 44.92
886 35.16
887 19.91
888 34.93
889 55.13
890 62.57
891 42.48
892 55.10
893 32.36
894 40.00
895 40.02
896 51.79
897 32.77
898 39.94
899 32.45
900 30.13
901 50.01
902 58.63
903 45.20
904 38.57
905 21.69
906 29.35
907 39.91
908 32.46
909 39.93
910 22.34
911 37.40
912 42.34
913 49.75
914 56.46
915 34.81
916 24.92
917 47.48
918 37.57
919 43.51
920 60.15
921 45.01
922 45.44
923 53.67
924 33.59
925 55.04
926 46.41
927 39.92
928 37.56
929 57.56
930 32.33
931 37.45
932 27.32
933 50.14
934 24.96
935 57.64
936 27.35
937 31.49
938 35.09
939 75.01
940 57.39
941 32.42
942 14.16
943 39.38
944 29.85
945 27.17
946 44.93
947 45.04
948 29.14
949 42.57
950 37.42
951 27.54
952 25.03
953 24.85
954 49.96
955 51.29
956 35.01
957 34.57
958 55.06
959 42.43
960 30.00
961 38.83
962 24.82
963 35.01
964 70.20
965 44.91
966 52.72
967 45.09
968 40.05
969 39.98
970 37.52
971 39.93
972 42.40
973 40.15
974 46.60
975 47.70
976 62.51
977 39.84
978 37.54
979 34.17
980 27.44
981 30.01
982 39.98
983 45.00
984 32.37
985 55.03
986 37.45
987 22.48
988 42.70
989 22.45
990 37.36
991 32.52
992 37.56
993 40.06
994 37.42
995 40.01
996 52.40
997 29.92
998 42.53
999 25.05
3746.4731981754303
