0 -2.6449999999999347
1 -2.584999999999936
2 -2.6099999999999355
3 -2.584999999999936
4 -2.6199999999999353
5 -2.6149999999999354
6 -2.5999999999999357
7 -2.594999999999936
8 -2.534999999999937
9 -2.5749999999999362
10 -2.639999999999935
11 -2.579999999999936
12 -2.629999999999935
13 -2.5549999999999367
14 -2.6499999999999346
15 -2.589999999999936
16 -2.594999999999936
17 -2.6099999999999355
18 -2.5549999999999367
19 -2.5649999999999364
20 -2.5699999999999363
21 -2.5749999999999362
22 -2.6999999999999336
23 -2.579999999999936
24 -2.6099999999999355
25 -2.6099999999999355
26 -0.07499999999991555
27 -2.5749999999999362
28 -0.05499999999991555
29 -2.6599999999999344
30 -2.6499999999999346
31 -2.6049999999999356
32 -2.6049999999999356
33 -2.5749999999999362
34 -2.639999999999935
35 -0.08999999999991556
36 -2.6049999999999356
37 -3.0249999999999266
38 -0.019999999999915558
39 -2.5749999999999362
40 -2.6649999999999343
41 -2.5699999999999363
42 -0.17999999999991564
43 -0.1299999999999156
44 -2.6549999999999345
45 2.385000000000109
46 -0.15499999999991562
47 -2.5699999999999363
48 -0.11499999999991559
49 -2.6049999999999356
50 -2.534999999999937
51 -2.8949999999999294
52 -2.9499999999999282
53 -0.09499999999991557
54 -2.5749999999999362
55 -3.614999999999914
56 -3.209999999999923
57 -2.594999999999936
58 -33.3499999999986
59 -2.5149999999999375
60 -2.6199999999999353
61 -2.5049999999999377
62 -2.5649999999999364
63 -2.544999999999937
64 -2.5249999999999373
65 -2.534999999999937
66 -2.579999999999936
67 -2.584999999999936
68 -0.08499999999991556
69 -3.6899999999999125
70 -0.0799999999999271
71 -2.5549999999999367
72 2.4050000000001086
73 -2.669999999999934
74 -2.629999999999935
75 -2.594999999999936
76 -2.5749999999999362
77 4.97999999999976
78 -2.5999999999999357
79 -2.9349999999999286
80 -2.5749999999999362
81 -2.624999999999935
82 -2.594999999999936
83 -2.5999999999999357
84 -3.6499999999999133
85 -2.589999999999936
86 -3.3799999999999204
87 -2.6099999999999355
88 -0.5049999999999158
89 -3.0749999999999256
90 -2.6799999999999353
91 -2.594999999999936
92 -3.6449999999999134
93 -2.5649999999999364
94 -3.6949999999999124
95 -2.5699999999999363
96 1.9750000000001178
97 -3.609999999999914
98 -3.044999999999926
99 -2.5249999999999373
100 2.4100000000001085
101 -2.5049999999999377
102 -2.584999999999936
103 -2.539999999999937
104 -2.5649999999999364
105 -2.5699999999999363
106 -0.09499999999991557
107 -2.584999999999936
108 -2.584999999999936
109 -2.6399999999999353
110 -2.5999999999999357
111 -2.9899999999999274
112 -2.969999999999928
113 -3.014999999999927
114 -2.6099999999999355
115 -0.09499999999991557
116 -2.964999999999928
117 -0.18999999999991565
118 -2.5549999999999367
119 -0.08499999999991556
120 -0.06499999999991643
121 -2.529999999999937
122 -2.6049999999999356
123 -2.999999999999927
124 -2.6049999999999356
125 -0.17999999999991564
126 -2.544999999999937
127 -2.9849999999999275
128 -0.15999999999991563
129 -2.5699999999999363
130 -0.17499999999995983
131 -3.664999999999913
132 -2.629999999999935
133 -0.44999999999991674
134 -2.6399999999999353
135 -3.579999999999915
136 -3.6899999999999125
137 -2.6149999999999354
138 -2.6949999999999337
139 -2.534999999999937
140 -2.589999999999936
141 -2.6499999999999355
142 -2.5499999999999368
143 -2.584999999999936
144 -0.02999999999991556
145 -3.014999999999927
146 -2.6549999999999345
147 -0.11499999999991559
148 -0.09499999999991557
149 -2.5249999999999373
150 -2.6549999999999345
151 -2.6199999999999357
152 -2.624999999999935
153 -2.5499999999999368
154 -0.08499999999991556
155 -3.044999999999926
156 -2.639999999999935
157 -2.6149999999999354
158 -2.9799999999999276
159 4.899999999999774
160 -2.584999999999936
161 2.3150000000001105
162 1.9350000000000738
163 -2.5599999999999365
164 -2.959999999999928
165 -0.1299999999999156
166 -3.654999999999913
167 -2.5149999999999375
168 -2.9849999999999275
169 -2.969999999999928
170 -2.629999999999935
171 -3.044999999999926
172 -2.584999999999936
173 -2.584999999999936
174 -3.0199999999999267
175 -2.5549999999999367
176 -2.579999999999936
177 -35.73499999999979
178 -2.954999999999928
179 -2.6099999999999355
180 -2.6149999999999354
181 -2.544999999999937
182 -2.5849999999999365
183 -35.66999999999976
184 -2.624999999999935
185 -2.634999999999935
186 -0.06999999999991555
187 -2.5499999999999368
188 -2.5849999999999365
189 -3.004999999999927
190 -2.6199999999999353
191 -35.78499999999982
192 -0.11499999999991559
193 -2.579999999999936
194 -2.5199999999999374
195 -2.589999999999936
196 -2.5549999999999367
197 -2.544999999999937
198 -2.539999999999937
199 -2.494999999999938
200 -2.954999999999928
201 -2.5549999999999367
202 -2.674999999999934
203 -2.6149999999999354
204 -0.09499999999991557
205 -2.684999999999934
206 -0.1349999999999387
207 -2.5099999999999376
208 -2.5999999999999357
209 -2.604999999999936
210 -2.534999999999937
211 -3.709999999999912
212 -0.014999999999915557
213 -0.07499999999991555
214 -2.5549999999999367
215 -3.569999999999915
216 -2.539999999999937
217 -2.624999999999935
218 2.440000000000108
219 -2.579999999999936
220 -2.9899999999999274
221 -2.5399999999999374
222 -0.1449999999999165
223 -0.02999999999991556
224 -2.624999999999935
225 -3.5849999999999147
226 -3.5799999999999157
227 -2.5499999999999368
228 -2.594999999999936
229 -2.579999999999936
230 -2.579999999999936
231 -2.5749999999999362
232 -2.589999999999936
233 -2.6149999999999354
234 -2.624999999999935
235 -2.5999999999999357
236 -2.6199999999999353
237 -2.584999999999936
238 -2.6099999999999355
239 -2.9349999999999286
240 -0.09499999999991557
241 -2.624999999999935
242 -3.579999999999915
243 -2.624999999999935
244 -2.624999999999935
245 -2.579999999999936
246 -3.049999999999926
247 2.440000000000108
248 -0.4749999999999159
249 -2.6149999999999354
250 2.3650000000001095
251 -2.5999999999999357
252 -2.6449999999999347
253 -2.6049999999999356
254 -0.5449999999999159
255 -2.6099999999999355
256 2.3100000000001097
257 -1.0949999999999143
258 -0.12999999999992093
259 -0.5199999999999168
260 -0.264999999999938
261 -2.6899999999999338
262 -0.1349999999999156
263 -2.5149999999999375
264 -2.5649999999999364
265 -2.5749999999999362
266 -2.6199999999999353
267 -2.6099999999999355
268 -2.5999999999999357
269 -2.484999999999938
270 -4.134999999999889
271 -2.6049999999999356
272 -2.5599999999999365
273 -2.5149999999999375
274 -2.7099999999999334
275 -2.584999999999936
276 -2.9299999999999287
277 -0.08999999999991556
278 -2.9349999999999286
279 -2.6549999999999354
280 -2.6149999999999354
281 -0.47499999999991677
282 -2.5749999999999362
283 -2.9499999999999282
284 -2.589999999999936
285 -0.09499999999991557
286 -2.5749999999999362
287 -0.05499999999992976
288 -2.629999999999935
289 -2.5049999999999377
290 -2.6199999999999353
291 2.0000000000001172
292 0.010000000000084445
293 -0.02999999999991556
294 -3.004999999999927
295 -0.08999999999991556
296 -2.5549999999999367
297 -1.0449999999999544
298 -2.579999999999936
299 -2.5099999999999376
300 -3.2649999999999215
301 -2.579999999999936
302 -2.5199999999999374
303 -2.674999999999934
304 2.3550000000001097
305 4.8899999999997545
306 -0.059999999999915545
307 -2.584999999999936
308 -2.5099999999999376
309 -2.5699999999999363
310 -2.6549999999999345
311 -35.60999999999973
312 -0.10499999999991558
313 -0.07499999999991555
314 -3.6849999999999126
315 -0.014999999999915557
316 -2.5249999999999373
317 -2.999999999999927
318 -2.4649999999999386
319 -2.964999999999928
320 -2.5049999999999377
321 -0.10499999999991558
322 4.89999999999982
323 2.4950000000001067
324 -2.5749999999999362
325 -0.12499999999991648
326 -2.6199999999999353
327 -2.544999999999937
328 -2.5699999999999363
329 -2.5749999999999362
330 -3.664999999999913
331 -0.1399999999999156
332 -2.589999999999936
333 2.440000000000108
334 -2.6149999999999354
335 -0.19999999999991566
336 -2.5599999999999365
337 -2.6049999999999356
338 -0.1299999999999156
339 -2.6149999999999354
340 -2.669999999999934
341 -2.6549999999999345
342 -2.5699999999999363
343 4.844999999999768
344 -3.6049999999999143
345 -0.784999999999917
346 -2.6199999999999353
347 -2.624999999999935
348 -2.9749999999999277
349 -2.5649999999999364
350 -2.5999999999999357
351 -2.539999999999937
352 -0.05499999999991555
353 -2.5499999999999368
354 2.510000000000102
355 -2.5149999999999375
356 -2.629999999999935
357 -2.634999999999935
358 -9.660000000000027
359 -2.5499999999999368
360 -2.604999999999937
361 -2.5149999999999375
362 -2.5499999999999368
363 -3.6349999999999136
364 -2.6099999999999355
365 -2.6149999999999354
366 -2.6549999999999345
367 2.340000000000109
368 -2.594999999999936
369 -2.634999999999935
370 -2.964999999999928
371 -2.674999999999934
372 -2.914999999999929
373 -2.604999999999936
374 -2.5749999999999362
375 -2.564999999999937
376 -2.9849999999999284
377 -2.5599999999999365
378 -35.92999999999989
379 -0.16499999999991563
380 -0.5449999999999159
381 -2.639999999999935
382 -2.629999999999935
383 -0.03499999999991556
384 -2.5649999999999364
385 -2.5149999999999375
386 -42.52000000000316
387 2.4600000000001074
388 -2.6099999999999355
389 -0.02499999999991556
390 -2.959999999999928
391 -2.5549999999999367
392 -2.594999999999936
393 -3.104999999999925
394 -9.40500000000004
395 -0.10999999999991647
396 -3.014999999999927
397 -2.9399999999999284
398 -0.19499999999991566
399 -3.5549999999999153
400 -2.6049999999999356
401 -3.0249999999999266
402 -2.539999999999937
403 -2.6099999999999355
404 -2.6599999999999353
405 -2.5049999999999377
406 -2.579999999999936
407 -2.529999999999937
408 -2.579999999999936
409 -2.5749999999999362
410 -2.9799999999999276
411 -2.9949999999999273
412 -2.9849999999999275
413 -2.5699999999999363
414 -0.039999999999915554
415 -2.4749999999999384
416 -2.589999999999936
417 -0.43999999999991585
418 -3.004999999999927
419 -2.6099999999999355
420 2.3650000000001095
421 -0.04499999999991555
422 -2.5599999999999365
423 -2.5599999999999365
424 -2.5549999999999367
425 -3.5999999999999144
426 -0.06999999999991555
427 -2.5999999999999357
428 -2.674999999999934
429 -2.5699999999999363
430 -0.47999999999991677
431 -2.6149999999999354
432 -2.5749999999999362
433 1.9950000000001111
434 -2.529999999999937
435 -0.09499999999991557
436 -2.6099999999999355
437 -0.1349999999999165
438 -0.054999999999916435
439 -0.5049999999999158
440 -2.5699999999999363
441 -2.579999999999936
442 -0.11499999999993024
443 -2.534999999999937
444 -2.5499999999999368
445 -2.6449999999999347
446 -2.674999999999934
447 -2.5199999999999374
448 -2.589999999999936
449 -2.5199999999999374
450 -2.7649999999998567
451 -2.584999999999936
452 -0.10999999999991558
453 -2.5199999999999374
454 -2.5249999999999373
455 -0.08499999999991556
456 -0.5099999999999159
457 -2.6199999999999353
458 -0.08499999999991556
459 2.3600000000001096
460 -2.594999999999936
461 -2.6599999999999344
462 -2.6499999999999346
463 -2.5749999999999362
464 -2.679999999999934
465 -2.5699999999999363
466 -0.5799999999999208
467 -0.04499999999991555
468 -2.6949999999999337
469 -3.019999999999927
470 -0.07499999999991555
471 -0.06999999999991555
472 -0.15999999999991563
473 -2.629999999999935
474 -2.579999999999936
475 -0.16499999999991563
476 -2.624999999999935
477 -2.6649999999999343
478 -2.6499999999999346
479 -3.6449999999999134
480 -2.6449999999999347
481 -0.10499999999991558
482 -0.11999999999991559
483 -2.634999999999935
484 -2.5749999999999362
485 -0.019999999999915558
486 -2.5649999999999364
487 -2.6149999999999354
488 -0.11999999999991559
489 -0.16499999999991563
490 -2.629999999999935
491 -2.6199999999999366
492 -2.5749999999999362
493 -2.634999999999935
494 -2.629999999999935
495 -2.9749999999999277
496 -2.634999999999935
497 -0.02999999999991556
498 -2.5749999999999362
499 -2.624999999999935
500 -2.589999999999936
501 -2.6199999999999353
502 -0.054999999999916435
503 -2.639999999999935
504 -2.639999999999935
505 -3.0349999999999264
506 -30.379999999997764
507 -2.5549999999999367
508 -2.5599999999999365
509 -2.579999999999936
510 -2.5749999999999362
511 -2.634999999999935
512 -2.5999999999999357
513 2.4100000000001085
514 -0.5449999999999177
515 -2.5649999999999364
516 2.3550000000001097
517 -3.5949999999999145
518 -0.02999999999991556
519 -2.629999999999935
520 -35.84999999999985
521 -0.18499999999996095
522 2.4200000000001083
523 -2.579999999999936
524 -0.09999999999991557
525 -0.5099999999999592
526 -2.594999999999936
527 -0.1399999999999156
528 -2.579999999999936
529 -0.1349999999999156
530 -2.6499999999999346
531 -2.5699999999999363
532 -0.14999999999991673
533 -3.054999999999926
534 -0.15499999999991562
535 -2.6049999999999356
536 -3.7249999999999117
537 -2.5499999999999368
538 -2.634999999999935
539 -2.634999999999935
540 -0.06499999999991643
541 -0.06999999999991555
542 -8.744999999999884
543 2.35000000000011
544 2.4500000000001076
545 -2.6499999999999346
546 -3.664999999999913
547 7.414999999999326
548 -2.544999999999937
549 -2.589999999999936
550 -2.9599999999999294
551 -2.5199999999999374
552 -2.579999999999936
553 -2.5599999999999365
554 -3.0199999999999267
555 -0.10999999999991558
556 -2.589999999999936
557 -3.0999999999999255
558 -2.999999999999927
559 -2.489999999999938
560 -3.5549999999999153
561 -2.5499999999999368
562 -2.9799999999999276
563 -0.08999999999991556
564 -2.594999999999936
565 -0.06499999999991554
566 -3.3499999999999206
567 -0.08999999999991556
568 -2.9799999999999276
569 2.395000000000109
570 -2.5549999999999367
571 -0.1449999999999156
572 -2.5199999999999374
573 -2.5649999999999364
574 -2.544999999999937
575 -3.004999999999927
576 -2.589999999999936
577 -0.06499999999991554
578 2.3200000000001104
579 -2.579999999999936
580 -15.415000000000981
581 -2.594999999999936
582 -2.5699999999999363
583 -2.5749999999999376
584 -2.594999999999936
585 -2.629999999999935
586 -3.6399999999999135
587 -2.5199999999999374
588 -2.5749999999999362
589 -2.624999999999935
590 -2.6099999999999355
591 -2.6099999999999355
592 -2.5099999999999376
593 -2.959999999999928
594 -2.9749999999999277
595 -3.0199999999999267
596 -2.5699999999999363
597 -2.6449999999999347
598 -0.09999999999991646
599 -2.9449999999999283
600 -35.86999999999986
601 -2.9749999999999277
602 -2.6099999999999355
603 -0.11999999999991559
604 -2.5649999999999364
605 -0.08499999999991556
606 -0.04499999999991555
607 -2.589999999999936
608 -3.6399999999999135
609 -2.6099999999999355
610 -2.6199999999999353
611 -3.704999999999912
612 -2.5999999999999357
613 -0.10499999999991558
614 -0.07999999999991556
615 2.4200000000001083
616 -0.07999999999991556
617 -2.539999999999937
618 -0.06499999999991554
619 -2.639999999999935
620 -2.5549999999999367
621 -2.624999999999935
622 -2.5649999999999364
623 -0.1449999999999156
624 -2.4249999999999394
625 -2.589999999999936
626 -3.0799999999999264
627 -2.639999999999935
628 1.970000000000117
629 -0.04499999999991555
630 -0.09499999999991557
631 -2.964999999999928
632 -2.534999999999937
633 -2.5549999999999367
634 2.35000000000011
635 -0.059999999999915545
636 -2.5599999999999365
637 -2.6449999999999347
638 -2.5549999999999367
639 4.889999999999792
640 -2.6349999999999354
641 -3.669999999999913
642 -0.06499999999991554
643 -2.584999999999936
644 -0.014999999999915557
645 -2.534999999999937
646 -3.014999999999927
647 -0.08499999999991556
648 -2.634999999999935
649 -2.589999999999936
650 -2.589999999999936
651 -2.5749999999999362
652 -2.5749999999999362
653 9.864999999999197
654 -2.959999999999928
655 -2.9049999999999296
656 -2.579999999999936
657 -2.9949999999999273
658 -2.674999999999934
659 -0.09499999999994799
660 -2.5649999999999364
661 -2.9749999999999277
662 -0.16499999999991563
663 4.904999999999809
664 -2.624999999999935
665 -2.5999999999999357
666 -2.6099999999999355
667 -2.5649999999999364
668 -2.5749999999999362
669 -0.11999999999991559
670 -2.5549999999999367
671 -2.544999999999937
672 -2.6649999999999343
673 -1.1149999999999138
674 -35.754999999999804
675 -2.5749999999999362
676 -3.299999999999921
677 -3.6449999999999134
678 -2.579999999999936
679 -1.104999999999914
680 -2.6099999999999355
681 -2.6149999999999354
682 -2.6049999999999356
683 -2.589999999999936
684 2.5050000000001065
685 -0.1299999999999156
686 -0.09499999999991735
687 -2.6149999999999354
688 -2.6049999999999356
689 -2.6099999999999355
690 -3.6499999999999133
691 -2.5049999999999377
692 -2.6199999999999353
693 -2.584999999999936
694 4.964999999999808
695 -0.10999999999991558
696 -0.1299999999999449
697 -2.6199999999999357
698 -2.594999999999936
699 -2.5599999999999365
700 -0.5499999999999496
701 -2.5199999999999374
702 -2.539999999999937
703 -2.5549999999999367
704 -2.5649999999999364
705 -2.544999999999937
706 -2.9949999999999273
707 2.3150000000000786
708 -2.589999999999936
709 1.3750000000001306
710 -2.9899999999999274
711 -3.5949999999999145
712 -0.05999999999991599
713 -2.6149999999999354
714 2.3700000000001094
715 -2.6199999999999353
716 -0.06499999999991554
717 -0.14999999999993605
718 -2.584999999999936
719 -2.5149999999999375
720 -0.44499999999991585
721 -2.5999999999999357
722 -2.6149999999999354
723 -2.6099999999999364
724 -2.579999999999936
725 2.3400000000000984
726 -2.6799999999999353
727 -2.9799999999999276
728 -2.5699999999999363
729 -0.4799999999999159
730 -2.6099999999999364
731 -2.5999999999999357
732 -0.1399999999999156
733 -2.534999999999937
734 -0.08499999999991822
735 -0.11499999999991647
736 -3.669999999999913
737 -30.74499999999803
738 4.885000000000002
739 -2.9899999999999274
740 -2.5249999999999373
741 -35.72999999999979
742 -0.0849999999999573
743 -3.014999999999927
744 -2.5999999999999357
745 -2.6099999999999355
746 -0.20499999999991567
747 -2.634999999999935
748 -2.544999999999937
749 -2.5649999999999364
750 -2.6049999999999356
751 -1.1299999999999135
752 -0.46499999999992475
753 -35.62999999999974
754 -2.6449999999999347
755 -2.6599999999999344
756 -2.5549999999999367
757 -2.6449999999999347
758 -2.544999999999937
759 -2.6149999999999354
760 2.4100000000001085
761 -2.534999999999937
762 -1.1599999999999244
763 2.010000000000117
764 -2.589999999999936
765 -3.5899999999999146
766 1.725000000000123
767 -0.8799999999999331
768 -3.244999999999923
769 -2.9949999999999273
770 -2.534999999999937
771 -2.629999999999935
772 -0.09999999999994622
773 -0.0599999999999413
774 -0.02499999999991556
775 -2.6149999999999354
776 2.425000000000108
777 -2.5599999999999365
778 -35.83999999999985
779 -2.5599999999999365
780 2.4500000000001076
781 -2.5999999999999357
782 -0.20499999999991567
783 -2.6049999999999356
784 -2.684999999999934
785 -2.669999999999934
786 2.055000000000116
787 -2.589999999999936
788 -35.49999999999967
789 -2.5249999999999373
790 -2.8999999999999293
791 -2.6099999999999355
792 -2.5099999999999376
793 -3.5899999999999146
794 -2.674999999999934
795 -2.584999999999936
796 -0.4749999999999159
797 -3.6299999999999137
798 -0.039999999999915554
799 -2.5149999999999375
800 -2.5599999999999365
801 -2.9849999999999275
802 -2.579999999999936
803 -2.674999999999934
804 -0.08999999999991556
805 -2.584999999999936
806 -3.044999999999926
807 -2.584999999999936
808 -0.09999999999991557
809 -2.6499999999999346
810 -3.0749999999999265
811 -0.09999999999991557
812 4.914999999999845
813 -2.494999999999938
814 -35.73499999999979
815 -2.629999999999935
816 -3.704999999999912
817 -0.08499999999991556
818 -2.959999999999928
819 -5.819999999999801
820 -2.544999999999937
821 -2.5599999999999365
822 -0.1249999999999156
823 -2.624999999999935
824 -0.1299999999999156
825 -2.6199999999999353
826 -2.5599999999999365
827 2.4250000000001073
828 -2.584999999999936
829 -0.09999999999991557
830 -10.290000000000072
831 -3.669999999999913
832 -0.1249999999999156
833 -2.5149999999999375
834 -2.629999999999935
835 -2.6149999999999354
836 -2.539999999999937
837 2.485000000000107
838 -2.594999999999936
839 -2.529999999999937
840 -0.09499999999991557
841 -1.0999999999999142
842 -3.0399999999999263
843 -2.5699999999999363
844 -0.1399999999999156
845 -2.594999999999936
846 -2.5649999999999364
847 -2.594999999999936
848 -2.9849999999999275
849 -2.9399999999999284
850 -2.999999999999927
851 -2.6149999999999354
852 -2.594999999999936
853 -2.499999999999938
854 -2.6049999999999356
855 2.3700000000001076
856 1.2950000000001323
857 -0.06499999999991554
858 -2.444999999999939
859 -0.014999999999915557
860 -3.0299999999999265
861 -2.4749999999999384
862 2.34000000000011
863 1.9700000000001179
864 -35.954999999999906
865 -0.11999999999991648
866 -0.09999999999991557
867 -2.5899999999999364
868 -1.1899999999999122
869 -2.9899999999999274
870 -0.08999999999991556
871 -2.6199999999999357
872 -0.119999999999952
873 2.4600000000001074
874 -2.534999999999937
875 -3.5849999999999147
876 -2.594999999999936
877 -0.1449999999999156
878 -2.5599999999999365
879 -2.5499999999999368
880 -2.5199999999999374
881 -2.5649999999999364
882 -2.534999999999937
883 -0.014999999999915557
884 -0.4849999999999168
885 -0.04499999999991555
886 -2.5649999999999364
887 -0.5099999999999159
888 -2.589999999999936
889 -3.009999999999927
890 -2.969999999999928
891 -2.594999999999936
892 -2.5999999999999357
893 -0.11999999999991559
894 -35.85999999999986
895 -2.5999999999999357
896 -2.5549999999999367
897 -2.5549999999999367
898 -2.579999999999936
899 -2.589999999999936
900 -2.534999999999937
901 -2.5899999999999364
902 -2.544999999999937
903 -2.5999999999999357
904 -2.964999999999928
905 -2.594999999999936
906 -2.5549999999999367
907 -2.9849999999999275
908 -2.9749999999999277
909 -2.544999999999937
910 -2.589999999999936
911 -2.6199999999999353
912 -2.969999999999928
913 -2.589999999999936
914 -2.669999999999934
915 -2.489999999999938
916 2.4200000000001083
917 -3.6699999999999133
918 -0.09499999999991557
919 -2.534999999999937
920 -0.08499999999991556
921 -2.5749999999999367
922 -3.044999999999926
923 -2.594999999999936
924 -0.5249999999999159
925 -2.6049999999999356
926 -2.5749999999999362
927 -2.6549999999999345
928 -1.2249999999999044
929 -2.584999999999936
930 -2.6049999999999356
931 -2.999999999999927
932 -2.954999999999928
933 -2.624999999999935
934 2.3700000000001094
935 -0.1299999999999156
936 -2.624999999999935
937 2.3150000000001105
938 -2.629999999999935
939 -0.07499999999991555
940 -0.07499999999991555
941 -2.9899999999999274
942 -3.0699999999999257
943 -2.539999999999937
944 -0.05499999999991555
945 -2.5699999999999363
946 -2.679999999999934
947 -2.9949999999999273
948 -2.584999999999936
949 -2.579999999999936
950 -3.6999999999999122
951 -2.6149999999999354
952 -2.6449999999999347
953 -2.6199999999999353
954 -3.689999999999913
955 -2.529999999999937
956 -0.1399999999999396
957 -2.669999999999934
958 -0.11999999999991559
959 -3.0249999999999266
960 -2.5499999999999368
961 -0.16499999999991563
962 -2.584999999999936
963 -2.959999999999928
964 -0.15499999999991562
965 -2.544999999999937
966 -2.499999999999938
967 -0.5599999999999159
968 -2.5699999999999363
969 -2.5749999999999362
970 -2.5749999999999362
971 -3.6499999999999133
972 -2.5999999999999357
973 -2.594999999999936
974 -0.09499999999994133
975 -2.579999999999936
976 -2.499999999999938
977 -0.049999999999915994
978 -2.5649999999999364
979 -2.6799999999999344
980 -0.08999999999991556
981 -2.639999999999935
982 -0.10499999999991558
983 -3.074999999999926
984 -2.5749999999999362
985 -1.0449999999999153
986 -2.5649999999999364
987 -0.07999999999991556
988 -2.529999999999937
989 -2.5699999999999372
990 -2.6399999999999353
991 -3.5899999999999146
992 -2.594999999999936
993 -2.6049999999999356
994 -2.5699999999999363
995 -2.594999999999936
996 -2.579999999999936
997 -35.80499999999983
998 -2.5649999999999364
999 -2.5999999999999357
1000 -3.5949999999999145
1001 -2.5099999999999376
1002 -2.6099999999999355
1003 -2.5999999999999357
1004 -2.5749999999999362
1005 -0.039999999999915554
1006 -2.8899999999999295
1007 -2.6399999999999353
1008 -2.5649999999999364
1009 -2.9449999999999283
1010 -0.10499999999991869
1011 -2.634999999999935
1012 -3.5099999999999163
1013 -2.5999999999999357
1014 -2.5999999999999357
1015 -0.1349999999999497
1016 -3.5449999999999156
1017 -2.579999999999936
1018 -2.9849999999999275
1019 3.8849999999997813
1020 -2.5749999999999362
1021 -3.619999999999914
1022 -2.5999999999999357
1023 -2.534999999999937
1024 -2.9949999999999273
1025 -3.624999999999914
1026 -2.9499999999999282
1027 -2.5549999999999367
1028 -2.624999999999935
1029 -3.654999999999913
1030 -2.5749999999999362
1031 -0.08999999999991556
1032 -0.5249999999999221
1033 -2.499999999999938
1034 -2.629999999999935
1035 -2.5549999999999367
1036 -2.6199999999999353
1037 -0.11999999999991626
1038 9.824999999999195
1039 -2.5649999999999373
1040 -2.544999999999937
1041 -2.6449999999999347
1042 -1.2399999999999112
1043 2.3600000000001096
1044 -3.609999999999914
1045 -3.0399999999999276
1046 4.42999999999996
1047 -2.484999999999938
1048 -2.9449999999999283
1049 -2.5649999999999364
1050 -2.589999999999936
1051 7.4299999999993735
1052 -2.4649999999999386
1053 -2.5899999999999364
1054 -2.579999999999936
1055 -2.6449999999999347
1056 -3.674999999999913
1057 -2.544999999999937
1058 -35.64499999999975
1059 -2.669999999999936
1060 -2.579999999999936
1061 -2.594999999999936
1062 -2.6049999999999356
1063 -2.6049999999999356
1064 -3.044999999999926
1065 -2.6599999999999344
1066 -2.5199999999999374
1067 -2.6049999999999356
1068 -0.04499999999991555
1069 -0.44499999999991585
1070 -2.529999999999937
1071 2.395000000000102
1072 -2.6449999999999347
1073 -2.5999999999999357
1074 -0.16999999999991652
1075 -0.45499999999991586
1076 -2.9449999999999283
1077 -0.16999999999991564
1078 -2.6049999999999356
1079 -2.959999999999928
1080 -35.81999999999984
1081 -2.624999999999935
1082 -35.82999999999984
1083 -2.5999999999999357
1084 -21.15999999999956
1085 -3.0099999999999274
1086 -0.10999999999991558
1087 -3.0299999999999265
1088 -0.09999999999991557
1089 -2.5599999999999365
1090 -2.5199999999999374
1091 -3.6899999999999125
1092 -2.5549999999999367
1093 -1.1299999999999135
1094 -35.70499999999978
1095 -2.584999999999936
1096 -3.004999999999927
1097 -2.5549999999999367
1098 -0.02499999999991556
1099 -3.014999999999927
1100 -3.0649999999999262
1101 -2.5999999999999357
1102 -3.5999999999999144
1103 -2.5149999999999375
1104 -2.6149999999999354
1105 -3.049999999999926
1106 -2.584999999999936
1107 -2.5649999999999364
1108 -2.539999999999937
1109 -2.6099999999999355
1110 -2.6099999999999355
1111 -3.0749999999999256
1112 -2.594999999999936
1113 -2.9899999999999274
1114 -2.5999999999999357
1115 -3.049999999999926
1116 -2.5549999999999367
1117 -2.629999999999935
1118 -2.634999999999935
1119 -2.914999999999929
1120 -2.589999999999936
1121 -0.5549999999999558
1122 -2.529999999999937
1123 -2.579999999999936
1124 -0.03499999999991556
1125 -2.494999999999938
1126 -2.6199999999999357
1127 -0.5049999999999181
1128 -35.679999999999765
1129 -2.584999999999936
1130 -2.629999999999935
1131 -2.629999999999935
1132 -0.16999999999991564
1133 -2.5549999999999367
1134 -2.9499999999999282
1135 -2.544999999999937
1136 -2.959999999999928
1137 -0.059999999999915545
1138 -2.5049999999999377
1139 2.3200000000001104
1140 -2.6049999999999356
1141 -2.634999999999935
1142 -2.579999999999936
1143 -0.08999999999991556
1144 -3.014999999999927
1145 -0.04999999999991555
1146 -2.629999999999936
1147 -2.5999999999999357
1148 -0.13499999999994003
1149 -2.5399999999999374
1150 -2.9899999999999274
1151 -2.5749999999999362
1152 0.005000000000084445
1153 -2.5799999999999366
1154 -3.6799999999999127
1155 -2.86999999999993
1156 -0.10999999999991558
1157 -0.08499999999991556
1158 -2.969999999999928
1159 -2.584999999999936
1160 -2.594999999999936
1161 -2.489999999999938
1162 -3.664999999999913
1163 -2.629999999999935
1164 -2.6149999999999354
1165 -2.6649999999999343
1166 -3.214999999999924
1167 -35.874999999999865
1168 -0.10999999999991558
1169 -2.6649999999999348
1170 -2.6649999999999343
1171 -2.539999999999937
1172 -2.6149999999999354
1173 -2.5599999999999365
1174 -2.579999999999936
1175 -2.6099999999999355
1176 -2.629999999999935
1177 -2.6049999999999356
1178 -2.5999999999999357
1179 -2.999999999999927
1180 -2.539999999999937
1181 -0.009999999999915556
1182 -2.6099999999999355
1183 4.879999999999806
1184 -2.6099999999999355
1185 -2.5999999999999357
1186 1.9750000000001178
1187 -2.9899999999999274
1188 -2.584999999999936
1189 -2.594999999999936
1190 -0.10499999999991558
1191 -2.6149999999999354
1192 -3.7299999999999116
1193 -2.539999999999937
1194 -0.5649999999999159
1195 -2.539999999999937
1196 -0.059999999999915545
1197 -2.584999999999936
1198 -3.619999999999914
1199 -2.594999999999936
1200 -35.88999999999987
1201 -0.02999999999991556
1202 -3.6049999999999143
1203 -0.48999999999994454
1204 -1.0899999999999144
1205 -2.5849999999999365
1206 -0.4749999999999159
1207 -2.5999999999999357
1208 -2.9449999999999283
1209 -3.0399999999999263
1210 -2.6049999999999356
1211 -2.669999999999934
1212 -2.5699999999999363
1213 -35.79999999999983
1214 -2.579999999999936
1215 -3.5599999999999152
1216 -0.04499999999991555
1217 -0.06999999999991555
1218 -1.1149999999999138
1219 -2.544999999999937
1220 -35.68999999999977
1221 -2.639999999999935
1222 4.8499999999997945
1223 -2.6549999999999345
1224 -2.5649999999999364
1225 -2.579999999999936
1226 -2.639999999999935
1227 -2.5599999999999365
1228 -2.6499999999999346
1229 -2.6049999999999356
1230 -2.6099999999999355
1231 -3.6299999999999137
1232 -2.9949999999999273
1233 -2.539999999999937
1234 -0.9449999999999321
1235 -2.5199999999999374
1236 -2.534999999999937
1237 -2.9349999999999286
1238 -2.534999999999937
1239 -0.11999999999991559
1240 -2.594999999999936
1241 -2.6049999999999356
1242 -2.6049999999999356
1243 -2.5599999999999365
1244 -2.544999999999937
1245 -3.659999999999913
1246 -2.489999999999938
1247 -0.07999999999991556
1248 -2.5699999999999363
1249 -0.05499999999991555
1250 -2.584999999999936
1251 -0.059999999999915545
1252 -0.4749999999999159
1253 2.3700000000001094
1254 -2.589999999999936
1255 -3.054999999999926
1256 -0.1249999999999156
1257 -3.624999999999914
1258 4.924999999999791
1259 -3.014999999999927
1260 2.380000000000072
1261 -2.6049999999999356
1262 7.400000000000036
1263 -0.1249999999999156
1264 -2.5699999999999363
1265 -0.07999999999991556
1266 -2.584999999999936
1267 -2.6099999999999355
1268 -0.07999999999991556
1269 -2.669999999999934
1270 -2.674999999999934
1271 0.015000000000084446
1272 -0.09999999999991557
1273 -0.4899999999999221
1274 -2.669999999999935
1275 -0.10499999999991558
1276 -0.09499999999991646
1277 -2.5099999999999376
1278 -2.5999999999999357
1279 -2.5049999999999377
1280 -2.6149999999999354
1281 -2.6499999999999346
1282 -0.059999999999915545
1283 -5.734999999999869
1284 -3.0499999999999265
1285 -3.4049999999999185
1286 -3.4749999999999175
1287 -39.89000000000189
1288 -3.094999999999925
1289 -2.6499999999999346
1290 -2.5599999999999365
1291 -0.004999999999948307
1292 -35.774999999999814
1293 -2.679999999999934
1294 -2.579999999999936
1295 -0.07499999999991555
1296 -2.5499999999999368
1297 -2.5899999999999364
1298 -2.5549999999999367
1299 -2.579999999999936
1300 -2.579999999999936
1301 -0.07999999999991556
1302 -2.669999999999934
1303 -2.9499999999999282
1304 -2.5499999999999368
1305 4.969999999999753
1306 -2.939999999999929
1307 -0.06499999999995418
1308 -2.5699999999999363
1309 -2.6149999999999354
1310 -0.009999999999915556
1311 -3.624999999999914
1312 -2.8899999999999295
1313 -2.589999999999936
1314 -2.5549999999999367
1315 -2.6049999999999356
1316 -0.06499999999991643
1317 -2.6049999999999356
1318 -2.539999999999937
1319 -0.05499999999991555
1320 -2.6149999999999354
1321 -2.584999999999936
1322 -2.5699999999999363
1323 -2.6549999999999345
1324 -2.5599999999999365
1325 -2.959999999999928
1326 -0.09999999999991557
1327 -2.544999999999937
1328 -4.414999999999897
1329 -2.584999999999936
1330 -2.589999999999936
1331 -3.009999999999927
1332 -2.499999999999938
1333 -2.6199999999999353
1334 -35.85999999999986
1335 -35.814999999999834
1336 -0.1249999999999156
1337 -0.06499999999991554
1338 -2.5749999999999362
1339 -2.5749999999999362
1340 -2.594999999999936
1341 -2.5749999999999362
1342 -2.5749999999999362
1343 -2.5999999999999357
1344 -2.6199999999999353
1345 -33.26999999999848
1346 -2.639999999999935
1347 -2.584999999999936
1348 -2.584999999999936
1349 -2.9899999999999274
1350 -3.5499999999999154
1351 -3.6999999999999122
1352 -2.6549999999999345
1353 -0.09499999999992534
1354 -2.5499999999999368
1355 -2.539999999999937
1356 -2.6499999999999346
1357 -0.10499999999991558
1358 -2.544999999999937
1359 -2.584999999999936
1360 -2.5499999999999368
1361 -2.624999999999935
1362 -5.254999999999879
1363 -0.08499999999991556
1364 -2.539999999999937
1365 -2.999999999999927
1366 -2.629999999999935
1367 2.425000000000108
1368 -0.07499999999991555
1369 -2.534999999999937
1370 2.4650000000001073
1371 -2.6049999999999356
1372 -0.06499999999991554
1373 -2.5749999999999362
1374 -2.5599999999999365
1375 -2.589999999999936
1376 -2.629999999999935
1377 -3.664999999999913
1378 -3.6849999999999126
1379 -2.5549999999999367
1380 -2.5599999999999365
1381 -0.14999999999991562
1382 -2.5599999999999365
1383 -0.06499999999991554
1384 -2.6149999999999354
1385 -36.009999999999934
1386 -0.07999999999991556
1387 -2.5549999999999367
1388 -2.959999999999928
1389 -2.5499999999999368
1390 -2.6049999999999356
1391 -0.4799999999999159
1392 -2.6099999999999355
1393 -2.624999999999935
1394 -3.6799999999999127
1395 -3.654999999999913
1396 -2.6199999999999353
1397 -2.534999999999937
1398 -2.5249999999999373
1399 -2.584999999999936
1400 -3.0199999999999267
1401 -35.80999999999983
1402 -2.6499999999999346
1403 -2.539999999999937
1404 -2.5599999999999365
1405 -2.6199999999999353
1406 -2.9899999999999274
1407 -2.6199999999999353
1408 -2.594999999999936
1409 -35.754999999999804
1410 -0.5499999999999159
1411 -3.6849999999999126
1412 -2.594999999999936
1413 -2.6499999999999346
1414 -2.6199999999999353
1415 -3.704999999999912
1416 4.935000000000063
1417 -2.6099999999999355
1418 -0.09499999999991646
1419 -0.15499999999991562
1420 -3.674999999999913
1421 -2.6099999999999355
1422 -2.5249999999999373
1423 -2.959999999999928
1424 -2.999999999999927
1425 -2.624999999999935
1426 -2.544999999999937
1427 -2.5599999999999365
1428 -2.6749999999999345
1429 -2.544999999999937
1430 -2.5249999999999373
1431 -2.594999999999936
1432 -2.629999999999935
1433 -2.529999999999937
1434 -2.6149999999999354
1435 -0.07999999999991556
1436 2.3500000000000885
1437 -2.5499999999999368
1438 0.010000000000084445
1439 -3.009999999999927
1440 -0.08499999999996041
1441 -2.629999999999935
1442 -2.5599999999999365
1443 3.940000000000129
1444 -2.5999999999999357
1445 -2.6099999999999355
1446 -2.6999999999999336
1447 -2.6049999999999356
1448 -2.5699999999999363
1449 -2.5599999999999365
1450 -2.6599999999999344
1451 -2.5499999999999368
1452 -9.114999999999995
1453 -0.039999999999915554
1454 2.4600000000001074
1455 -3.0199999999999267
1456 2.425000000000108
1457 -2.6049999999999356
1458 -2.579999999999936
1459 -2.959999999999928
1460 -0.06499999999991554
1461 -3.004999999999927
1462 -2.5699999999999363
1463 -2.584999999999936
1464 -2.5749999999999362
1465 -2.9899999999999274
1466 -0.47999999999995274
1467 -3.654999999999913
1468 -1.0799999999999477
1469 -2.999999999999927
1470 -2.5149999999999375
1471 2.4450000000001078
1472 -2.9949999999999273
1473 -2.584999999999936
1474 2.4250000000001
1475 -2.499999999999938
1476 -2.5749999999999362
1477 -2.5999999999999357
1478 -3.0349999999999264
1479 -2.6199999999999353
1480 -0.09999999999991557
1481 -2.569999999999937
1482 -2.954999999999928
1483 -0.10499999999991558
1484 -0.08999999999991556
1485 -2.954999999999928
1486 -0.014999999999915557
1487 -2.5499999999999368
1488 -2.544999999999937
1489 -2.964999999999928
1490 -0.43499999999994604
1491 -2.5499999999999368
1492 -2.6699999999999346
1493 2.355000000000065
1494 -2.6149999999999354
1495 -2.539999999999937
1496 -2.9849999999999275
1497 -3.009999999999927
1498 -2.594999999999936
1499 -0.10499999999995044
1500 -0.09999999999991557
1501 -0.11999999999991648
1502 -35.639999999999745
1503 -2.589999999999936
1504 -2.6199999999999353
1505 -0.09999999999992801
1506 -2.5999999999999357
1507 -2.589999999999936
1508 -2.9449999999999283
1509 -2.639999999999935
1510 -2.5999999999999357
1511 -2.6549999999999345
1512 -3.609999999999914
1513 -2.904999999999929
1514 -35.619999999999735
1515 -2.6549999999999345
1516 -0.1349999999999156
1517 -0.02499999999991556
1518 -2.669999999999934
1519 -0.7799999999999161
1520 -0.11999999999991559
1521 -2.5749999999999362
1522 -2.5699999999999363
1523 -35.874999999999865
1524 -2.544999999999937
1525 -2.6049999999999356
1526 -2.969999999999928
1527 -3.0249999999999266
1528 -2.634999999999935
1529 -0.054999999999916435
1530 -2.629999999999935
1531 -2.5549999999999367
1532 -2.5049999999999377
1533 -4.839999999999888
1534 -2.544999999999937
1535 -3.5599999999999152
1536 -2.579999999999936
1537 -0.09499999999991557
1538 -2.5049999999999377
1539 -2.539999999999937
1540 -2.584999999999937
1541 -3.064999999999926
1542 -2.529999999999937
1543 -2.5999999999999357
1544 -2.999999999999927
1545 1.9900000000000988
1546 -2.5649999999999364
1547 -2.5699999999999363
1548 -0.15999999999991563
1549 -2.5499999999999368
1550 -2.6049999999999356
1551 -3.6049999999999143
1552 -2.5999999999999357
1553 -2.489999999999938
1554 -2.6449999999999347
1555 -2.634999999999935
1556 -35.69499999999977
1557 -2.529999999999937
1558 -3.009999999999927
1559 -3.7349999999999133
1560 -0.1449999999999156
1561 -0.10999999999991558
1562 -2.5049999999999377
1563 -2.5649999999999364
1564 -35.86499999999986
1565 -2.639999999999935
1566 -2.6199999999999353
1567 -0.09999999999995199
1568 2.390000000000109
1569 -0.12999999999991582
1570 -2.5749999999999367
1571 -2.539999999999937
1572 -2.999999999999927
1573 -2.694999999999934
1574 -2.5499999999999368
1575 -0.05499999999991555
1576 -2.6199999999999353
1577 -2.579999999999936
1578 -35.84499999999985
1579 -0.4899999999999159
1580 2.4750000000000627
1581 -2.639999999999935
1582 -2.6149999999999354
1583 -2.594999999999936
1584 -2.5249999999999373
1585 -2.5199999999999374
1586 -2.529999999999937
1587 -2.5999999999999357
1588 -2.569999999999937
1589 -2.5649999999999364
1590 2.430000000000108
1591 -2.5549999999999367
1592 -2.549999999999937
1593 -35.80499999999983
1594 -0.09999999999991557
1595 -2.5699999999999363
1596 -2.5699999999999363
1597 -2.634999999999935
1598 -2.5649999999999364
1599 -2.5699999999999363
1600 -2.964999999999928
1601 -0.1399999999999156
1602 -2.5049999999999377
1603 -2.589999999999936
1604 -2.594999999999936
1605 -2.494999999999938
1606 -2.629999999999935
1607 -2.544999999999937
1608 -2.9449999999999283
1609 -2.5749999999999362
1610 -2.534999999999937
1611 -3.609999999999914
1612 -0.3849999999999158
1613 -2.5249999999999373
1614 -2.6149999999999354
1615 -2.5749999999999362
1616 -0.5549999999999159
1617 -2.9299999999999287
1618 -2.5049999999999377
1619 -2.499999999999938
1620 1.4400000000000848
1621 -2.6049999999999356
1622 -2.6499999999999346
1623 -2.5149999999999375
1624 -3.5899999999999146
1625 -0.07499999999991555
1626 -0.4799999999999159
1627 -2.5049999999999377
1628 -2.964999999999928
1629 -2.534999999999937
1630 -45.025000000004496
1631 -3.0199999999999267
1632 -2.634999999999935
1633 -2.6099999999999355
1634 -2.5699999999999363
1635 -3.004999999999927
1636 -2.589999999999936
1637 -0.1399999999999156
1638 -2.629999999999935
1639 -2.544999999999937
1640 -2.5499999999999368
1641 -2.5699999999999363
1642 -2.594999999999936
1643 -0.539999999999955
1644 -2.5749999999999362
1645 -2.529999999999937
1646 -3.9499999999998003
1647 -3.149999999999924
1648 2.33500000000011
1649 -2.529999999999937
1650 -2.594999999999936
1651 -3.6849999999999126
1652 -2.5699999999999363
1653 -2.5999999999999357
1654 -2.629999999999935
1655 -2.5999999999999357
1656 -2.9849999999999275
1657 -2.494999999999938
1658 -2.5199999999999374
1659 -0.49999999999993366
1660 -2.624999999999935
1661 -0.009999999999915556
1662 -2.6049999999999356
1663 -0.04999999999991555
1664 -2.959999999999928
1665 -2.6099999999999355
1666 -2.584999999999936
1667 -2.6099999999999355
1668 -3.6849999999999126
1669 2.440000000000108
1670 -3.009999999999927
1671 -2.494999999999938
1672 -2.674999999999934
1673 -2.5199999999999374
1674 -0.09999999999991557
1675 -2.5049999999999377
1676 -2.6149999999999354
1677 -0.04999999999991555
1678 -2.5199999999999374
1679 -3.064999999999926
1680 -2.634999999999935
1681 -2.5999999999999357
1682 -2.5849999999999365
1683 -1.0899999999999144
1684 -2.654999999999935
1685 -2.5699999999999363
1686 -3.624999999999914
1687 -2.5599999999999365
1688 -2.9849999999999275
1689 -2.6499999999999346
1690 -2.9449999999999283
1691 -2.5699999999999363
1692 -0.10999999999991558
1693 -3.5449999999999156
1694 -2.5599999999999365
1695 -2.594999999999936
1696 -2.5999999999999357
1697 -2.539999999999937
1698 -2.5599999999999365
1699 -2.544999999999937
1700 -2.6199999999999357
1701 -2.959999999999928
1702 2.490000000000107
1703 -3.0349999999999264
1704 -2.959999999999928
1705 -3.5999999999999144
1706 -33.31999999999851
1707 -2.959999999999928
1708 -0.019999999999915558
1709 -3.6449999999999134
1710 -35.774999999999814
1711 -2.6549999999999345
1712 -2.6449999999999347
1713 -35.72499999999979
1714 -3.014999999999927
1715 -2.589999999999936
1716 -2.9899999999999274
1717 0.03000000000008445
1718 -2.999999999999927
1719 -2.589999999999936
1720 -2.9499999999999282
1721 -2.6099999999999355
1722 -35.69499999999977
1723 -2.6149999999999354
1724 2.4200000000001083
1725 -2.624999999999935
1726 -2.86499999999993
1727 -2.6049999999999356
1728 -2.624999999999935
1729 -2.629999999999935
1730 -2.5999999999999366
1731 -2.629999999999935
1732 -0.09499999999992356
1733 2.425000000000108
1734 -2.5549999999999367
1735 -2.634999999999935
1736 -2.979999999999928
1737 -2.9449999999999283
1738 -2.579999999999936
1739 -2.579999999999936
1740 -3.5949999999999145
1741 -2.589999999999936
1742 -35.76999999999981
1743 -2.5249999999999373
1744 -2.629999999999935
1745 -2.5699999999999363
1746 -2.6199999999999353
1747 -0.05499999999991555
1748 -2.5499999999999368
1749 -2.6049999999999356
1750 -2.5699999999999363
1751 -2.9749999999999277
1752 -2.589999999999936
1753 -2.594999999999936
1754 -2.5699999999999363
1755 -2.5149999999999375
1756 -2.6049999999999356
1757 -2.959999999999928
1758 -2.5699999999999363
1759 -0.09499999999991557
1760 -2.6549999999999345
1761 -2.584999999999936
1762 2.4600000000001074
1763 -2.584999999999936
1764 -2.5549999999999367
1765 -2.6449999999999347
1766 -2.6099999999999355
1767 -2.5149999999999375
1768 -2.544999999999937
1769 -2.5699999999999363
1770 -2.529999999999937
1771 -2.5549999999999367
1772 -2.6049999999999356
1773 -3.424999999999918
1774 -2.594999999999936
1775 2.4050000000001086
1776 -2.9449999999999283
1777 -2.5249999999999373
1778 -2.544999999999937
1779 -2.594999999999936
1780 -2.5149999999999375
1781 -2.629999999999935
1782 -2.5649999999999364
1783 -0.45999999999991587
1784 -0.11499999999992225
1785 -2.6049999999999356
1786 -35.76999999999981
1787 -2.5599999999999365
1788 -2.5549999999999367
1789 -2.6149999999999354
1790 -2.639999999999935
1791 -2.594999999999936
1792 -2.4699999999999385
1793 -0.10499999999991558
1794 -0.024999999999934654
1795 -2.594999999999936
1796 -2.594999999999936
1797 2.015000000000117
1798 -3.5849999999999147
1799 -2.6099999999999355
1800 -2.5549999999999367
1801 -2.6049999999999356
1802 -2.9499999999999282
1803 -2.579999999999936
1804 -2.529999999999937
1805 -2.539999999999937
1806 -2.5749999999999362
1807 -0.07999999999991556
1808 -2.5599999999999365
1809 -2.6949999999999337
1810 -2.5649999999999364
1811 -2.629999999999935
1812 -35.62499999999974
1813 -2.4749999999999384
1814 -2.9449999999999292
1815 -2.959999999999928
1816 -2.5499999999999368
1817 -0.06499999999991554
1818 8.444460408707499e-14
1819 -2.5099999999999376
1820 -2.5549999999999367
1821 -2.5499999999999368
1822 -2.639999999999935
1823 -0.14999999999991562
1824 -3.0349999999999264
1825 -2.5149999999999375
1826 -2.484999999999938
1827 -2.544999999999937
1828 -2.6099999999999355
1829 -2.6449999999999347
1830 -2.624999999999935
1831 -0.08999999999991556
1832 -2.6199999999999353
1833 -3.0299999999999265
1834 -2.5999999999999357
1835 -3.614999999999914
1836 -0.4999999999999159
1837 -2.544999999999937
1838 -2.5549999999999367
1839 -0.07499999999992354
1840 -2.579999999999936
1841 7.379999999999375
1842 -0.1299999999999156
1843 -3.0399999999999268
1844 -2.579999999999936
1845 -2.6149999999999354
1846 -2.584999999999936
1847 -3.36499999999992
1848 -1.164999999999935
1849 -2.9399999999999284
1850 -2.584999999999936
1851 -2.954999999999928
1852 -0.07999999999991556
1853 -2.5549999999999367
1854 -0.08499999999991556
1855 -2.5749999999999362
1856 -2.624999999999935
1857 -0.09499999999991557
1858 -2.6949999999999337
1859 -3.0099999999999274
1860 -2.5599999999999365
1861 -3.009999999999927
1862 -3.579999999999915
1863 -2.6549999999999345
1864 -0.4149999999999587
1865 -3.0299999999999265
1866 -2.654999999999935
1867 -0.10499999999994045
1868 -3.004999999999927
1869 -2.5999999999999357
1870 -2.629999999999935
1871 -3.009999999999927
1872 -2.5199999999999374
1873 -2.529999999999937
1874 -2.9949999999999273
1875 -0.039999999999915554
1876 -2.5599999999999365
1877 -2.5199999999999374
1878 -2.5899999999999364
1879 -2.529999999999937
1880 -3.0399999999999263
1881 -2.5649999999999364
1882 -2.589999999999936
1883 -3.059999999999926
1884 -2.5749999999999362
1885 -2.5649999999999364
1886 -2.914999999999929
1887 -3.0249999999999266
1888 -2.539999999999937
1889 -2.544999999999937
1890 -2.579999999999936
1891 -2.654999999999935
1892 -2.5599999999999365
1893 -2.9749999999999277
1894 -2.6449999999999347
1895 -2.624999999999935
1896 -2.9949999999999273
1897 -2.9749999999999277
1898 -0.009999999999915556
1899 -2.6099999999999355
1900 -2.719999999999933
1901 -3.0399999999999263
1902 -2.6449999999999347
1903 -0.11999999999991559
1904 -2.6199999999999353
1905 -2.594999999999936
1906 4.949999999999798
1907 -0.10999999999991558
1908 -2.964999999999928
1909 -2.624999999999935
1910 -2.5599999999999365
1911 -2.6549999999999345
1912 -2.589999999999936
1913 -2.554999999999937
1914 -2.6099999999999355
1915 -2.5999999999999357
1916 -2.4749999999999384
1917 -2.9749999999999277
1918 -2.5199999999999374
1919 -0.08999999999993333
1920 -0.019999999999915558
1921 -3.5349999999999158
1922 -2.6599999999999344
1923 -2.684999999999934
1924 -2.529999999999937
1925 -2.579999999999936
1926 -2.964999999999928
1927 -2.6099999999999355
1928 -2.999999999999927
1929 -2.6449999999999347
1930 -0.5149999999999159
1931 -35.759999999999806
1932 -2.6149999999999354
1933 -2.5499999999999368
1934 -2.594999999999936
1935 -0.07999999999991556
1936 -2.589999999999936
1937 -2.594999999999936
1938 -2.9849999999999275
1939 -2.584999999999936
1940 -3.569999999999915
1941 -0.09999999999991557
1942 -2.544999999999937
1943 -3.0249999999999266
1944 -2.534999999999937
1945 -2.639999999999935
1946 -2.5649999999999364
1947 -2.984999999999928
1948 -2.9399999999999284
1949 -2.5649999999999364
1950 4.459999999999771
1951 -2.5549999999999367
1952 -2.9449999999999283
1953 -2.484999999999938
1954 -3.614999999999914
1955 -2.9799999999999276
1956 -2.5999999999999357
1957 -2.594999999999936
1958 -2.5749999999999362
1959 -2.9899999999999274
1960 -0.06499999999991554
1961 -2.5599999999999365
1962 -2.5999999999999357
1963 2.480000000000106
1964 -2.5549999999999367
1965 -0.07499999999991555
1966 -2.5499999999999368
1967 -3.009999999999927
1968 -2.669999999999934
1969 -35.739999999999796
1970 -2.6199999999999353
1971 -2.5699999999999363
1972 -35.7449999999998
1973 -2.5999999999999357
1974 -2.5249999999999373
1975 -2.6099999999999355
1976 -2.669999999999934
1977 2.390000000000109
1978 -2.5749999999999362
1979 -2.5699999999999363
1980 -3.0399999999999263
1981 -2.589999999999936
1982 -2.624999999999935
1983 -2.5549999999999367
1984 -2.499999999999938
1985 -2.969999999999928
1986 -3.659999999999913
1987 -2.539999999999937
1988 -2.9799999999999276
1989 -2.6099999999999355
1990 -0.04999999999991555
1991 -2.5199999999999374
1992 -33.36499999999853
1993 -0.5799999999999159
1994 -0.08999999999991556
1995 -2.5649999999999364
1996 -2.5649999999999364
1997 -2.6049999999999356
1998 -2.579999999999936
1999 -2.589999999999936
5447.103474140167
