0 -5.15
1 -7.52
2 -7.72
3 -7.62
4 -7.65
5 -7.66
6 -7.83
7 -7.64
8 -7.85
9 -7.68
10 -7.67
11 -7.63
12 -7.48
13 -7.76
14 -7.57
15 -7.68
16 -7.59
17 -7.87
18 -7.65
19 -7.78
20 -5.21
21 -7.72
22 -7.59
23 -5.26
24 -7.68
25 -7.76
26 -7.72
27 -7.49
28 -5.16
29 -7.74
30 -7.62
31 -7.69
32 -7.66
33 -7.58
34 -7.61
35 -7.52
36 -7.71
37 -7.57
38 -2.61
39 -7.74
40 -7.73
41 0.00
42 -7.77
43 -7.62
44 -7.60
45 -7.63
46 -7.61
47 -7.44
48 -7.59
49 -7.69
50 -7.61
51 -7.70
52 -7.72
53 -7.70
54 -7.69
55 -7.47
56 -7.66
57 -7.71
58 -7.66
59 -7.63
60 -7.74
61 -7.69
62 -7.67
63 -7.69
64 -7.74
65 -7.63
66 -7.72
67 -7.55
68 -7.73
69 -7.66
70 -5.03
71 -7.67
72 -7.55
73 -7.71
74 -5.27
75 -7.73
76 -7.74
77 -7.59
78 -7.72
79 -5.01
80 -5.25
81 -7.80
82 -7.61
83 -7.76
84 -7.51
85 -7.74
86 -7.73
87 -7.41
88 -7.74
89 -7.69
90 -7.69
91 -7.70
92 -7.61
93 -7.70
94 -7.76
95 -7.76
96 -5.07
97 -7.70
98 -7.64
99 -5.12
100 -7.64
101 -7.61
102 -7.50
103 -7.55
104 -7.53
105 -7.68
106 -7.71
107 -7.64
108 -7.66
109 -7.72
110 -7.64
111 -7.74
112 -7.54
113 -7.58
114 -7.75
115 -7.72
116 -5.09
117 -7.55
118 -7.82
119 -7.67
120 -7.59
121 -7.54
122 -7.61
123 -7.71
124 -7.61
125 -7.69
126 -7.65
127 -7.74
128 -7.67
129 -7.71
130 -7.61
131 -0.13
132 -7.64
133 -7.64
134 -7.78
135 -7.65
136 -7.67
137 -7.56
138 -7.58
139 -7.60
140 -7.64
141 -7.62
142 -7.76
143 -7.56
144 -7.55
145 -7.70
146 -7.69
147 -7.64
148 -7.74
149 -7.69
150 -7.75
151 -7.74
152 -5.22
153 -7.69
154 -5.11
155 -7.71
156 -7.78
157 -7.67
158 -7.81
159 -7.68
160 -7.60
161 -7.68
162 -7.65
163 -7.78
164 -7.77
165 -7.70
166 -5.17
167 -7.84
168 -7.57
169 -7.80
170 -7.63
171 -7.63
172 -7.67
173 -2.58
174 -7.65
175 -7.65
176 -7.68
177 -7.63
178 -7.64
179 -7.76
180 -7.58
181 -7.70
182 -7.75
183 -7.73
184 -7.65
185 -7.79
186 -7.70
187 -5.17
188 -7.73
189 -7.70
190 -5.11
191 -7.68
192 -7.66
193 -7.76
194 -7.73
195 -7.69
196 -5.14
197 -7.67
198 -7.58
199 -7.65
200 -7.63
201 -7.83
202 -7.62
203 -5.34
204 -7.69
205 -7.61
206 -5.31
207 -5.01
208 -7.56
209 -7.66
210 -5.20
211 -7.74
212 -7.68
213 -7.67
214 -7.61
215 -5.28
216 -7.76
217 -7.64
218 -7.71
219 -7.77
220 -7.52
221 -7.62
222 -7.62
223 -7.80
224 -7.73
225 -7.59
226 -7.65
227 -7.73
228 -7.78
229 -7.79
230 -7.73
231 -7.69
232 -7.65
233 -5.12
234 -7.72
235 -7.75
236 -7.71
237 -7.57
238 -7.71
239 -7.59
240 -7.60
241 -7.72
242 -7.60
243 -7.64
244 -5.25
245 -7.66
246 -7.72
247 -7.67
248 -7.68
249 -7.76
250 -7.54
251 -7.59
252 -7.72
253 -7.66
254 -7.85
255 -7.74
256 -7.70
257 -7.63
258 -7.77
259 -5.13
260 -7.76
261 -7.66
262 -7.70
263 -7.68
264 -7.58
265 -7.68
266 -7.73
267 -7.63
268 -7.72
269 -7.59
270 -7.75
271 -7.70
272 -7.68
273 -7.69
274 -5.14
275 -7.65
276 -7.53
277 -7.66
278 -7.69
279 -7.58
280 -7.60
281 -7.76
282 -7.63
283 -7.67
284 -7.66
285 -7.76
286 -7.60
287 -7.74
288 -7.77
289 -7.68
290 -7.64
291 -7.69
292 -7.70
293 -7.71
294 -5.14
295 -5.11
296 -7.72
297 -7.66
298 -7.73
299 -7.79
300 -7.64
301 -7.76
302 -7.75
303 -7.62
304 -7.67
305 -7.60
306 -7.68
307 -7.63
308 -7.57
309 -7.78
310 -7.66
311 -7.59
312 -7.80
313 -7.58
314 -5.16
315 -7.70
316 -7.69
317 -7.55
318 -7.68
319 -5.23
320 -7.84
321 -5.03
322 -7.59
323 -2.82
324 -7.51
325 -4.88
326 -7.61
327 -7.73
328 -7.73
329 -7.57
330 -7.66
331 -7.71
332 -5.17
333 -7.70
334 -4.98
335 -7.83
336 -7.60
337 -7.69
338 -7.68
339 -7.65
340 -7.70
341 -7.70
342 -7.82
343 -7.67
344 -7.66
345 -7.79
346 -5.14
347 -7.62
348 -5.13
349 -7.64
350 -7.78
351 -7.71
352 -5.02
353 -7.64
354 -7.66
355 -7.62
356 -7.68
357 -7.60
358 -7.80
359 -7.73
360 -7.57
361 -7.69
362 -7.56
363 -0.10
364 -7.73
365 -7.68
366 -7.73
367 -7.72
368 -7.62
369 -7.65
370 -7.78
371 -7.66
372 -7.52
373 -7.72
374 -7.57
375 -7.52
376 -7.68
377 -7.55
378 -7.53
379 -7.57
380 -7.72
381 -7.66
382 -7.67
383 -7.55
384 -7.62
385 -7.74
386 -5.22
387 -7.54
388 -7.69
389 -7.64
390 -7.63
391 -7.71
392 -7.55
393 -7.64
394 -7.60
395 -7.57
396 -7.81
397 -7.74
398 -7.66
399 -7.55
400 -7.74
401 -7.52
402 -7.76
403 -7.60
404 -7.64
405 -7.78
406 -7.62
407 -7.61
408 -7.66
409 -7.64
410 -7.74
411 -7.71
412 -7.55
413 -7.73
414 -7.57
415 -7.54
416 -7.73
417 -7.74
418 -7.75
419 -7.72
420 -5.36
421 -7.79
422 -7.57
423 -5.20
424 -5.18
425 -7.77
426 -7.70
427 -7.63
428 -7.73
429 -7.60
430 -7.57
431 -7.57
432 -7.76
433 -7.64
434 -7.69
435 -7.69
436 -7.53
437 -7.59
438 -7.57
439 -5.14
440 -7.72
441 -7.60
442 -7.66
443 -7.61
444 -7.86
445 -7.62
446 -7.67
447 -7.53
448 -7.67
449 -7.86
450 -7.73
451 -5.20
452 -7.66
453 -7.65
454 -5.04
455 -7.59
456 -7.64
457 -7.75
458 -7.57
459 -7.67
460 -7.62
461 -5.02
462 -7.71
463 -7.71
464 -5.18
465 -7.77
466 -5.17
467 -7.65
468 -7.64
469 -7.75
470 -7.72
471 -7.60
472 -7.58
473 -7.84
474 -7.60
475 -2.65
476 -7.67
477 -7.74
478 -7.64
479 -7.92
480 -2.78
481 -7.64
482 -7.65
483 -5.09
484 -7.84
485 -7.76
486 -7.66
487 -7.64
488 -7.62
489 -7.65
490 -7.85
491 -7.70
492 -7.54
493 -7.74
494 -7.75
495 -7.73
496 -7.63
497 -7.75
498 -7.71
499 -5.08
500 -7.82
501 -7.78
502 -7.90
503 -7.76
504 -7.63
505 -7.62
506 -7.64
507 -7.59
508 -7.70
509 -7.73
510 -7.81
511 -7.81
512 -7.83
513 -7.53
514 -7.75
515 -7.50
516 -7.64
517 -7.66
518 -7.75
519 -5.20
520 -7.66
521 -7.73
522 -7.67
523 -7.51
524 -7.54
525 -2.70
526 -7.71
527 -7.71
528 -5.11
529 -5.16
530 -5.16
531 -7.58
532 -7.64
533 -7.68
534 -7.71
535 -7.66
536 -7.76
537 -7.64
538 -5.25
539 -7.70
540 -5.25
541 -7.77
542 -7.67
543 -7.46
544 -5.07
545 -7.74
546 -7.59
547 -7.73
548 -7.65
549 -7.62
550 -7.56
551 -7.69
552 -7.54
553 -7.67
554 -7.83
555 -7.63
556 -7.58
557 -7.61
558 -7.62
559 -7.71
560 -7.78
561 -7.57
562 -7.59
563 -7.63
564 -7.89
565 -7.71
566 -7.62
567 -7.79
568 -5.17
569 -7.70
570 -7.62
571 -7.72
572 -7.75
573 -5.20
574 -7.85
575 -7.64
576 -7.68
577 -5.33
578 -7.75
579 -7.64
580 -7.81
581 -7.59
582 -7.62
583 -7.67
584 -7.86
585 -7.66
586 -5.13
587 -5.22
588 -7.76
589 -5.07
590 -7.86
591 -7.73
592 -7.64
593 -7.67
594 -7.62
595 -7.72
596 -7.57
597 -7.63
598 -7.77
599 -7.77
600 -7.61
601 -5.05
602 -7.74
603 -7.78
604 -7.72
605 -7.65
606 -5.17
607 -7.66
608 -7.67
609 -7.77
610 -7.68
611 -7.72
612 -7.63
613 -7.75
614 -7.65
615 -7.57
616 -7.66
617 -7.71
618 -7.62
619 -7.67
620 -7.55
621 -5.07
622 -7.83
623 -5.15
624 -7.65
625 -7.84
626 -7.61
627 -7.68
628 -7.72
629 -7.71
630 -7.71
631 -7.64
632 -7.82
633 -7.58
634 -7.66
635 -2.57
636 -7.71
637 -7.65
638 -5.14
639 -7.64
640 -5.07
641 -5.24
642 -7.63
643 -7.75
644 -5.27
645 -7.74
646 -5.12
647 -7.71
648 -7.65
649 -7.63
650 -7.70
651 -7.72
652 -7.66
653 -7.67
654 -7.73
655 -7.73
656 -7.66
657 -7.63
658 -2.60
659 -7.60
660 -7.71
661 -7.77
662 -7.61
663 -7.59
664 -7.43
665 -7.72
666 -7.70
667 -7.72
668 -7.67
669 -7.66
670 -7.68
671 -7.81
672 -7.62
673 -7.52
674 -7.60
675 -7.70
676 -7.66
677 -7.65
678 -7.77
679 -7.81
680 -7.60
681 -7.60
682 -7.62
683 -7.78
684 -7.50
685 -7.82
686 -7.61
687 -7.62
688 -2.51
689 -7.72
690 -5.15
691 -7.69
692 -7.62
693 -7.74
694 -5.08
695 -5.09
696 -7.48
697 -7.80
698 -7.57
699 -7.69
700 -7.69
701 -7.59
702 -5.02
703 -7.69
704 -5.17
705 -7.62
706 -5.28
707 -7.77
708 -7.77
709 -7.69
710 -7.58
711 -7.72
712 -7.57
713 -7.75
714 -7.57
715 -7.64
716 -7.56
717 -7.59
718 -7.62
719 -7.73
720 -7.65
721 -7.60
722 -7.65
723 -5.17
724 -7.67
725 -7.66
726 -7.85
727 -7.70
728 -7.67
729 -7.76
730 -7.75
731 -7.61
732 -7.74
733 -5.14
734 -7.71
735 -7.72
736 -7.69
737 -7.54
738 -7.63
739 -7.70
740 -0.24
741 -5.21
742 -7.67
743 -7.85
744 -7.71
745 -7.57
746 -7.62
747 -7.75
748 -7.62
749 -7.69
750 -5.21
751 -7.69
752 -7.77
753 -7.67
754 -7.64
755 -7.81
756 -7.71
757 -7.61
758 -7.74
759 -7.68
760 -7.80
761 -7.68
762 -7.65
763 -7.65
764 -7.74
765 -5.20
766 -7.62
767 -5.07
768 -5.14
769 -7.74
770 -5.32
771 -7.54
772 -7.81
773 -7.61
774 -7.79
775 -7.73
776 -7.66
777 -7.73
778 -7.79
779 -7.70
780 -7.65
781 -7.75
782 -7.59
783 -7.64
784 -7.76
785 -7.61
786 -7.67
787 -7.64
788 -7.61
789 -7.56
790 -5.18
791 -7.82
792 -7.74
793 -7.64
794 -5.17
795 -7.70
796 -7.79
797 -7.80
798 -7.62
799 -7.70
800 -7.64
801 -7.77
802 -5.18
803 -7.47
804 -5.17
805 -7.50
806 -7.59
807 -7.73
808 -7.72
809 -7.66
810 -7.63
811 -5.13
812 -7.68
813 -7.63
814 -2.64
815 -7.84
816 -5.21
817 -7.66
818 -7.78
819 -7.73
820 -7.78
821 -7.59
822 -7.73
823 -7.75
824 -7.54
825 -7.59
826 -7.69
827 -7.69
828 -7.66
829 -7.73
830 -7.72
831 -7.76
832 -7.65
833 -7.63
834 -7.60
835 -7.58
836 -5.06
837 -7.55
838 -5.25
839 -7.76
840 -7.59
841 -7.75
842 -7.70
843 -7.63
844 -5.15
845 -7.58
846 -7.76
847 -7.63
848 -7.83
849 -7.68
850 -7.82
851 -7.73
852 -5.13
853 -7.68
854 -7.68
855 -5.27
856 -7.57
857 -7.51
858 -7.51
859 -7.60
860 -5.16
861 -7.88
862 -7.87
863 -7.82
864 -7.76
865 -7.86
866 -5.18
867 -7.59
868 -7.60
869 -7.85
870 -7.55
871 -7.74
872 -7.54
873 -5.25
874 -7.79
875 -7.60
876 -7.47
877 -7.66
878 -5.13
879 -5.16
880 -7.51
881 -7.61
882 -7.68
883 -7.50
884 -7.64
885 -7.62
886 -7.59
887 -7.71
888 -7.74
889 -5.02
890 -7.68
891 -7.86
892 -7.62
893 -7.58
894 -7.72
895 -7.68
896 -7.66
897 -7.66
898 -7.69
899 -7.60
900 -7.61
901 -7.51
902 -7.95
903 -7.70
904 -7.70
905 -5.06
906 -5.15
907 -7.51
908 -7.70
909 -7.64
910 -7.65
911 -5.12
912 -7.74
913 -7.67
914 -7.70
915 -7.58
916 -7.60
917 -7.76
918 -7.50
919 -7.63
920 -7.70
921 -7.59
922 -7.68
923 -7.62
924 -7.66
925 -7.77
926 -7.77
927 -7.76
928 -7.59
929 -7.73
930 -7.62
931 -7.69
932 -7.79
933 -7.60
934 -5.10
935 -7.64
936 -7.73
937 -7.69
938 -7.62
939 -7.76
940 -7.73
941 -7.69
942 -7.60
943 -7.64
944 -7.59
945 -7.76
946 -5.04
947 -7.67
948 -7.78
949 -7.59
950 -7.60
951 -7.73
952 -7.61
953 -7.64
954 -7.76
955 -7.48
956 -7.66
957 -7.75
958 -7.82
959 -2.68
960 -7.74
961 -7.70
962 -7.75
963 -7.55
964 -7.60
965 -5.16
966 -7.56
967 -7.63
968 -7.67
969 -7.66
970 -5.13
971 -7.64
972 -7.77
973 -5.17
974 -7.67
975 -7.53
976 -7.66
977 -7.63
978 -7.74
979 -7.68
980 -7.59
981 -5.06
982 -7.55
983 -7.86
984 -7.55
985 -5.16
986 -7.66
987 -7.50
988 -7.66
989 -7.77
990 -7.79
991 -7.58
992 -7.70
993 -7.72
994 -7.69
995 -7.44
996 -7.69
997 -7.72
998 -7.69
999 -7.87
3690.6468551158905
