0 -7.629999999999873
1 -7.75999999999987
2 -7.509999999999875
3 -2.629999999999935
4 -2.5499999999999368
5 -2.5699999999999363
6 -7.594999999999874
7 -7.949999999999866
8 -7.669999999999872
9 -7.549999999999875
10 -7.579999999999874
11 -2.6499999999999346
12 -7.619999999999873
13 -7.519999999999875
14 -7.589999999999874
15 -7.7399999999998705
16 -2.594999999999936
17 -2.634999999999935
18 -2.589999999999936
19 -2.629999999999935
20 -7.449999999999877
21 -7.689999999999872
22 -7.719999999999871
23 -7.619999999999873
24 -7.669999999999872
25 -2.6149999999999354
26 -2.5499999999999368
27 -2.589999999999936
28 -7.539999999999875
29 -7.609999999999873
30 -2.6549999999999345
31 -2.534999999999937
32 -7.74999999999987
33 -7.639999999999873
34 -7.529999999999875
35 -2.5749999999999362
36 -5.009999999999875
37 -2.904999999999929
38 -7.669999999999872
39 -7.679999999999872
40 -3.009999999999927
41 -2.5249999999999373
42 -7.75999999999987
43 -7.7899999999998695
44 -7.829999999999869
45 -7.629999999999873
46 -2.919999999999929
47 -7.729999999999871
48 -7.7399999999998705
49 -2.6949999999999337
50 -3.4149999999999183
51 -7.6499999999998725
52 -7.669999999999872
53 -7.679999999999872
54 -2.684999999999934
55 -2.9849999999999275
56 -2.9249999999999288
57 -2.584999999999936
58 -7.659999999999872
59 -2.5999999999999357
60 -2.5149999999999375
61 -7.7399999999998705
62 -2.6099999999999355
63 -2.6499999999999346
64 -7.7399999999998705
65 -2.629999999999935
66 -3.004999999999927
67 -2.594999999999936
68 -2.594999999999936
69 -3.009999999999927
70 -7.569999999999874
71 -7.549999999999875
72 -7.609999999999873
73 -7.659999999999872
74 -7.77999999999987
75 -7.729999999999871
76 -5.084999999999874
77 -2.5099999999999376
78 -7.5999999999998735
79 -3.004999999999927
80 -7.76999999999987
81 -7.539999999999875
82 -7.579999999999874
83 -7.799999999999869
84 -2.589999999999936
85 -2.534999999999937
86 -2.6149999999999354
87 -2.5549999999999367
88 -2.629999999999935
89 -7.709999999999871
90 -2.9499999999999282
91 -5.064999999999874
92 -3.7899999999999103
93 -2.999999999999927
94 -7.559999999999874
95 -7.719999999999871
96 -2.9449999999999283
97 -7.679999999999872
98 -7.699999999999871
99 -7.559999999999874
100 -2.544999999999937
101 0.020000000000084447
102 -7.549999999999875
103 -2.6099999999999355
104 -2.5699999999999363
105 2.3550000000001097
106 -7.7399999999998705
107 -2.589999999999936
108 -7.499999999999876
109 -7.579999999999874
110 -7.669999999999872
111 -7.74999999999987
112 -7.729999999999871
113 -7.7399999999998705
114 -7.629999999999873
115 -2.584999999999936
116 -7.5999999999998735
117 -7.614999999999873
118 -7.709999999999871
119 -2.5199999999999374
120 -7.629999999999873
121 -2.5549999999999367
122 -2.5549999999999367
123 -7.76999999999987
124 -7.719999999999871
125 -7.689999999999872
126 -7.589999999999874
127 -2.5499999999999368
128 -2.589999999999936
129 -7.699999999999871
130 -7.709999999999871
131 -7.699999999999871
132 -0.07999999999991556
133 -7.699999999999871
134 -7.689999999999872
135 -7.7399999999998705
136 -7.6499999999998725
137 -2.6199999999999353
138 -2.5549999999999367
139 -7.669999999999872
140 -7.579999999999874
141 -2.5199999999999374
142 -7.579999999999874
143 -2.6299999999998724
144 -7.659999999999872
145 -7.679999999999872
146 -7.579999999999874
147 -7.559999999999874
148 -2.669999999999934
149 -7.589999999999874
150 -7.74999999999987
151 -2.5649999999999364
152 -2.5999999999999357
153 -7.609999999999873
154 -7.679999999999872
155 -2.6099999999999355
156 -2.639999999999935
157 -2.5649999999999364
158 -7.709999999999871
159 -2.5649999999999364
160 -7.569999999999874
161 -2.6549999999999345
162 -7.549999999999875
163 -7.799999999999869
164 -2.5999999999999357
165 -7.689999999999872
166 -7.5999999999998735
167 -7.76499999999987
168 -2.5499999999999368
169 -5.1499999999998725
170 -7.589999999999874
171 -7.519999999999875
172 -7.709999999999871
173 -7.679999999999872
174 -7.664999999999872
175 -7.529999999999875
176 -7.7399999999998705
177 -7.699999999999871
178 -7.559999999999874
179 -0.15499999999991562
180 -7.674999999999872
181 -2.579999999999936
182 -7.709999999999871
183 -2.589999999999936
184 -5.1499999999998725
185 -7.76999999999987
186 -2.579999999999936
187 -2.5649999999999364
188 -2.499999999999938
189 -7.679999999999872
190 -2.5149999999999375
191 -7.7899999999998695
192 -7.579999999999874
193 -7.679999999999872
194 -7.5999999999998735
195 -7.589999999999874
196 -2.589999999999936
197 -2.594999999999936
198 -7.524999999999875
199 -2.6199999999999353
200 -2.6199999999999353
201 -7.74999999999987
202 -2.6199999999999353
203 -2.5249999999999373
204 -2.5599999999999365
205 -2.589999999999936
206 -7.509999999999875
207 -7.699999999999871
208 -7.75999999999987
209 -7.74999999999987
210 -2.544999999999937
211 -7.6499999999998725
212 -7.7399999999998705
213 -2.719999999999933
214 -7.669999999999872
215 -7.659999999999872
216 -7.659999999999872
217 -2.6149999999999354
218 -2.594999999999936
219 -2.5699999999999363
220 -7.619999999999873
221 -2.579999999999936
222 -7.539999999999875
223 -5.1499999999998725
224 -2.639999999999935
225 -5.159999999999872
226 -2.6049999999999356
227 -2.589999999999936
228 -7.669999999999872
229 -7.579999999999874
230 -7.874999999999868
231 -7.74999999999987
232 -7.729999999999871
233 -7.709999999999871
234 -7.699999999999871
235 -2.5199999999999374
236 -7.579999999999874
237 -7.919999999999867
238 -7.689999999999872
239 -7.809999999999869
240 -7.709999999999871
241 -7.699999999999871
242 -7.6949999999998715
243 -7.799999999999869
244 -2.5699999999999363
245 -2.544999999999937
246 -2.6099999999999355
247 -2.684999999999934
248 -2.5999999999999357
249 -2.5999999999999357
250 -7.669999999999872
251 -7.629999999999873
252 -7.609999999999873
253 -7.579999999999874
254 -7.5999999999998735
255 -7.659999999999872
256 -7.689999999999872
257 -2.5149999999999375
258 -2.5749999999999362
259 -2.594999999999936
260 -5.26499999999987
261 -7.659999999999872
262 -7.619999999999873
263 -2.639999999999935
264 -7.559999999999874
265 -2.579999999999936
266 -7.559999999999874
267 -7.74999999999987
268 -7.7899999999998695
269 -2.579999999999936
270 -2.6049999999999356
271 -7.549999999999875
272 -7.729999999999871
273 -7.639999999999873
274 -2.6049999999999356
275 -2.6099999999999355
276 -7.719999999999871
277 -7.719999999999871
278 -7.709999999999871
279 -2.6199999999999353
280 -7.489999999999876
281 -2.579999999999936
282 -7.629999999999873
283 -2.534999999999937
284 -7.679999999999872
285 -2.5999999999999357
286 -2.5749999999999362
287 -2.629999999999935
288 -7.6499999999998725
289 -7.7399999999998705
290 -2.579999999999936
291 -2.5749999999999362
292 -7.814999999999869
293 -2.6099999999999355
294 -7.399999999999878
295 -2.5549999999999367
296 -5.069999999999874
297 -2.534999999999937
298 -7.75999999999987
299 -2.584999999999936
300 -7.619999999999873
301 -7.679999999999872
302 -7.6499999999998725
303 -7.669999999999872
304 -7.659999999999872
305 -7.629999999999873
306 -7.574999999999874
307 -7.74999999999987
308 -2.5599999999999365
309 -2.6099999999999355
310 -7.699999999999871
311 -7.529999999999875
312 -2.534999999999937
313 -2.534999999999937
314 -7.5999999999998735
315 -7.639999999999873
316 -2.6599999999999344
317 -7.859999999999868
318 -2.6149999999999354
319 -7.439999999999877
320 -7.619999999999873
321 -2.5649999999999364
322 -7.619999999999873
323 -7.439999999999877
324 -7.629999999999873
325 -7.6499999999998725
326 -7.7899999999998695
327 -7.76999999999987
328 -7.529999999999875
329 -7.829999999999869
330 -7.659999999999872
331 -7.639999999999873
332 -7.809999999999869
333 -7.609999999999873
334 -7.659999999999872
335 -2.5149999999999375
336 -2.5699999999999363
337 -2.5649999999999364
338 -7.659999999999872
339 -0.1449999999999156
340 -2.624999999999935
341 -2.6499999999999346
342 -7.829999999999869
343 -7.574999999999874
344 -2.584999999999936
345 -7.799999999999869
346 -7.679999999999872
347 -2.6049999999999356
348 -2.634999999999935
349 -2.589999999999936
350 -7.589999999999874
351 -7.619999999999873
352 -2.5649999999999364
353 -2.6499999999999346
354 -2.6099999999999355
355 -7.619999999999873
356 -7.5549999999998745
357 -2.6199999999999353
358 -2.5499999999999368
359 -2.639999999999935
360 -2.5749999999999362
361 -7.75999999999987
362 -7.619999999999873
363 -2.5699999999999363
364 -7.669999999999872
365 -7.77999999999987
366 -2.579999999999936
367 -7.574999999999874
368 -7.799999999999869
369 -2.5099999999999376
370 -7.7899999999998695
371 -7.619999999999873
372 -2.6199999999999353
373 -2.6199999999999353
374 -7.6499999999998725
375 -2.6049999999999356
376 -7.629999999999873
377 -7.7399999999998705
378 -2.539999999999937
379 -7.6499999999998725
380 -7.549999999999875
381 -7.74999999999987
382 -2.494999999999938
383 -7.579999999999874
384 -2.579999999999936
385 -7.629999999999873
386 -7.709999999999871
387 -5.314999999999869
388 -7.609999999999873
389 -2.5699999999999363
390 -2.6149999999999354
391 -5.104999999999873
392 -0.06999999999991555
393 -7.689999999999872
394 -2.624999999999935
395 -7.629999999999873
396 -7.639999999999873
397 -7.619999999999873
398 -7.619999999999873
399 -0.08499999999991556
400 -2.669999999999934
401 -7.689999999999872
402 -7.674999999999872
403 -2.594999999999936
404 -2.6549999999999345
405 -2.544999999999937
406 -7.75999999999987
407 -0.09999999999991557
408 -2.5249999999999373
409 -7.579999999999874
410 -2.539999999999937
411 -7.629999999999873
412 -7.699999999999871
413 -2.589999999999936
414 -2.6049999999999356
415 -7.569999999999874
416 -2.5499999999999368
417 -2.5699999999999363
418 -5.329999999999869
419 -7.809999999999869
420 -2.5699999999999363
421 -2.5549999999999367
422 -7.549999999999875
423 -2.684999999999934
424 -7.689999999999872
425 -2.6649999999999343
426 -2.6149999999999354
427 -7.729999999999871
428 -2.6049999999999356
429 -7.559999999999874
430 -2.6449999999999347
431 -2.5549999999999367
432 -2.5999999999999357
433 -2.5749999999999362
434 -2.5999999999999357
435 -7.719999999999871
436 -2.5599999999999365
437 -7.519999999999875
438 -7.6499999999998725
439 -2.584999999999936
440 -7.839999999999868
441 -2.589999999999936
442 -7.609999999999873
443 -7.679999999999872
444 -7.814999999999869
445 -7.6499999999998725
446 -2.5499999999999368
447 -2.5649999999999364
448 -7.899999999999867
449 -2.534999999999937
450 -2.5649999999999364
451 -2.584999999999936
452 -7.609999999999873
453 -7.809999999999869
454 -2.579999999999936
455 -2.639999999999935
456 -7.629999999999873
457 -7.639999999999873
458 -7.8799999999998676
459 -7.76999999999987
460 -7.609999999999873
461 -2.6049999999999356
462 -5.229999999999871
463 -2.5999999999999357
464 -2.629999999999935
465 -2.579999999999936
466 -2.5199999999999374
467 -2.5999999999999357
468 -2.6049999999999356
469 -5.044999999999875
470 -7.7399999999998705
471 -2.5199999999999374
472 -2.5499999999999368
473 -7.569999999999874
474 -7.689999999999872
475 -2.6099999999999355
476 -2.6049999999999356
477 -2.6449999999999347
478 -2.5099999999999376
479 -7.689999999999872
480 -7.624999999999873
481 -7.799999999999869
482 -2.539999999999937
483 -2.6949999999999337
484 -2.684999999999934
485 -2.529999999999937
486 -2.5749999999999362
487 -7.6499999999998725
488 -7.474999999999876
489 -7.549999999999875
490 -7.659999999999872
491 -2.6449999999999347
492 -2.634999999999935
493 -4.939999999999877
494 -2.5999999999999357
495 -2.6049999999999356
496 -7.719999999999871
497 -7.76999999999987
498 -2.5999999999999357
499 -7.699999999999871
500 -7.6499999999998725
501 -7.5999999999998735
502 -2.634999999999935
503 -5.129999999999873
504 -7.669999999999872
505 -7.539999999999875
506 -2.5249999999999373
507 -7.6499999999998725
508 -7.74999999999987
509 -7.699999999999871
510 -2.5699999999999363
511 -7.659999999999872
512 -2.5749999999999362
513 -7.7899999999998695
514 -7.629999999999873
515 -7.684999999999872
516 -7.669999999999872
517 -7.559999999999874
518 -2.6199999999999353
519 -2.579999999999936
520 -2.484999999999938
521 -7.75999999999987
522 -7.7399999999998705
523 -7.7399999999998705
524 -7.559999999999874
525 -7.729999999999871
526 -2.5999999999999357
527 -7.679999999999872
528 -2.6149999999999354
529 -0.09999999999991557
530 -2.5649999999999364
531 -7.709999999999871
532 -7.7399999999998705
533 -7.609999999999873
534 -7.729999999999871
535 -2.6099999999999355
536 -2.6199999999999353
537 -7.689999999999872
538 -7.639999999999873
539 -7.659999999999872
540 -2.5649999999999364
541 -7.699999999999871
542 -7.689999999999872
543 -7.5999999999998735
544 -7.619999999999873
545 -7.7399999999998705
546 -7.709999999999871
547 -2.5649999999999364
548 -7.7399999999998705
549 -7.529999999999875
550 -2.6199999999999353
551 -7.5999999999998735
552 -2.629999999999935
553 -2.6499999999999346
554 -2.5249999999999373
555 -2.534999999999937
556 -7.689999999999872
557 -7.7399999999998705
558 -7.579999999999874
559 -2.589999999999936
560 -2.5199999999999374
561 -7.654999999999872
562 -7.699999999999871
563 -2.594999999999936
564 -7.579999999999874
565 -2.5599999999999365
566 -2.5999999999999357
567 -2.594999999999936
568 -7.529999999999875
569 -7.849999999999868
570 -2.594999999999936
571 -7.719999999999871
572 -7.699999999999871
573 -2.679999999999934
574 -7.709999999999871
575 -7.7899999999998695
576 -2.544999999999937
577 -2.5549999999999367
578 -7.659999999999872
579 -7.664999999999872
580 -7.679999999999872
581 -7.609999999999873
582 -2.5549999999999367
583 -7.549999999999875
584 -7.679999999999872
585 -2.6449999999999347
586 -7.699999999999871
587 -2.5499999999999368
588 -2.639999999999935
589 -7.699999999999871
590 -2.5699999999999363
591 -7.719999999999871
592 -2.594999999999936
593 -2.484999999999938
594 -2.624999999999935
595 -7.709999999999871
596 -7.529999999999875
597 -7.689999999999872
598 -2.6199999999999353
599 -7.629999999999873
600 -2.579999999999936
601 -7.669999999999872
602 -7.679999999999872
603 -2.6049999999999356
604 -7.639999999999873
605 -7.729999999999871
606 -2.584999999999936
607 -7.629999999999873
608 -2.5599999999999365
609 -7.799999999999869
610 -7.639999999999873
611 -7.549999999999875
612 -2.669999999999934
613 -7.579999999999874
614 -2.529999999999937
615 -7.559999999999874
616 -2.7049999999999335
617 -7.709999999999871
618 -7.679999999999872
619 -2.534999999999937
620 -2.539999999999937
621 -2.5549999999999367
622 -7.5999999999998735
623 -2.5649999999999364
624 -7.729999999999871
625 -7.6499999999998725
626 -7.709999999999871
627 -2.5999999999999357
628 -7.5999999999998735
629 -7.719999999999871
630 -7.6499999999998725
631 -2.5999999999999357
632 -2.5199999999999374
633 -7.549999999999875
634 -2.624999999999935
635 -2.5149999999999375
636 -7.619999999999873
637 -2.624999999999935
638 -2.589999999999936
639 -2.639999999999935
640 -2.544999999999937
641 -7.689999999999872
642 -2.6649999999999343
643 -7.689999999999872
644 -2.594999999999936
645 -2.589999999999936
646 -2.539999999999937
647 -2.5699999999999363
648 -2.5649999999999364
649 -7.559999999999874
650 -0.08999999999991556
651 -7.719999999999871
652 -2.6949999999999337
653 -2.589999999999936
654 -2.639999999999935
655 -2.589999999999936
656 -2.594999999999936
657 -2.5999999999999357
658 -2.584999999999936
659 -7.799999999999869
660 -7.74999999999987
661 -7.619999999999873
662 -7.77999999999987
663 -7.659999999999872
664 -2.6099999999999355
665 -2.544999999999937
666 -2.6099999999999355
667 -2.629999999999935
668 -7.619999999999873
669 -2.624999999999935
670 -2.5749999999999362
671 -2.5599999999999365
672 -7.799999999999869
673 -2.5749999999999362
674 -2.5599999999999365
675 -2.584999999999936
676 -7.659999999999872
677 -2.5749999999999362
678 -7.75999999999987
679 -7.589999999999874
680 -7.689999999999872
681 -2.6099999999999355
682 -7.579999999999874
683 -2.6199999999999353
684 -2.544999999999937
685 -7.539999999999875
686 -2.5699999999999363
687 -7.489999999999876
688 -7.609999999999873
689 -7.809999999999869
690 -2.624999999999935
691 -7.669999999999872
692 -7.559999999999874
693 -7.709999999999871
694 -7.729999999999871
695 -5.109999999999873
696 -7.559999999999874
697 -2.5749999999999362
698 -7.699999999999871
699 -7.639999999999873
700 -5.119999999999873
701 -2.539999999999937
702 -7.564999999999874
703 -2.6499999999999346
704 -2.5749999999999362
705 -7.559999999999874
706 -7.639999999999873
707 -2.5699999999999363
708 -2.5699999999999363
709 -2.6099999999999355
710 -5.204999999999871
711 -7.6499999999998725
712 -2.669999999999934
713 -7.699999999999871
714 -2.6049999999999356
715 -2.589999999999936
716 -7.6499999999998725
717 -2.6449999999999347
718 -7.76999999999987
719 -5.1499999999998725
720 -7.74999999999987
721 -7.689999999999872
722 -7.629999999999873
723 -2.6099999999999355
724 -7.829999999999869
725 -7.629999999999873
726 -7.719999999999871
727 -7.469999999999876
728 -7.76999999999987
729 -2.5649999999999364
730 -2.589999999999936
731 -2.5549999999999367
732 -7.709999999999871
733 -0.06999999999991555
734 -2.5699999999999363
735 -2.624999999999935
736 -2.544999999999937
737 -7.569999999999874
738 -2.6549999999999345
739 -7.5999999999998735
740 -2.6199999999999353
741 -7.549999999999875
742 -7.689999999999872
743 -7.579999999999874
744 -2.589999999999936
745 -2.5049999999999377
746 -7.659999999999872
747 -7.729999999999871
748 -2.5249999999999373
749 -7.564999999999874
750 -2.579999999999936
751 -7.74999999999987
752 -7.75999999999987
753 -7.75999999999987
754 -2.5049999999999377
755 -5.159999999999872
756 -7.719999999999871
757 -7.639999999999873
758 -2.629999999999935
759 -7.579999999999874
760 -2.669999999999934
761 -7.479999999999876
762 -2.5699999999999363
763 -7.74999999999987
764 -7.74999999999987
765 -2.6049999999999356
766 -2.594999999999936
767 -7.589999999999874
768 -2.594999999999936
769 -2.5599999999999365
770 -2.629999999999935
771 -2.6449999999999347
772 -2.5999999999999357
773 -7.589999999999874
774 -7.75999999999987
775 -7.659999999999872
776 -7.619999999999873
777 -7.699999999999871
778 -2.5649999999999364
779 -7.729999999999871
780 -7.629999999999873
781 -2.584999999999936
782 -7.659999999999872
783 -7.644999999999873
784 -7.639999999999873
785 -2.544999999999937
786 -2.5149999999999375
787 -2.579999999999936
788 -2.589999999999936
789 -2.674999999999934
790 -2.5549999999999367
791 -7.709999999999871
792 -7.809999999999869
793 -2.539999999999937
794 -2.6099999999999355
795 -7.74999999999987
796 -2.579999999999936
797 -7.699999999999871
798 -7.799999999999869
799 -7.699999999999871
800 -7.719999999999871
801 -7.729999999999871
802 -7.809999999999869
803 -7.609999999999873
804 -7.699999999999871
805 -7.839999999999868
806 -7.569999999999874
807 -7.74999999999987
808 -7.569999999999874
809 -7.589999999999874
810 -2.639999999999935
811 -7.639999999999873
812 -7.679999999999872
813 -0.04499999999991555
814 -7.699999999999871
815 -7.799999999999869
816 -5.159999999999872
817 -2.589999999999936
818 -7.74999999999987
819 -7.719999999999871
820 -2.5749999999999362
821 -2.6049999999999356
822 -2.5549999999999367
823 -7.639999999999873
824 -2.5749999999999362
825 -2.6099999999999355
826 -7.659999999999872
827 -7.639999999999873
828 -7.76999999999987
829 -7.639999999999873
830 -7.559999999999874
831 -2.589999999999936
832 -0.019999999999915558
833 -7.659999999999872
834 -2.5249999999999373
835 -2.529999999999937
836 -7.74499999999987
837 -7.6499999999998725
838 -2.579999999999936
839 -2.624999999999935
840 -7.629999999999873
841 -7.7399999999998705
842 -7.669999999999872
843 -7.439999999999877
844 -7.809999999999869
845 -7.6499999999998725
846 -2.7199999999998705
847 -2.629999999999935
848 -5.24499999999987
849 -0.08499999999991556
850 -2.544999999999937
851 -2.579999999999936
852 -7.76999999999987
853 -2.5249999999999373
854 -7.689999999999872
855 -7.639999999999873
856 -7.624999999999873
857 -7.74999999999987
858 -7.614999999999873
859 -2.5649999999999364
860 -2.5749999999999362
861 -7.479999999999876
862 -2.5249999999999373
863 -2.5749999999999362
864 -7.6499999999998725
865 -2.529999999999937
866 -7.719999999999871
867 -2.594999999999936
868 -2.5549999999999367
869 -2.5649999999999364
870 -7.7899999999998695
871 -2.5249999999999373
872 -7.849999999999868
873 -7.589999999999874
874 -7.6949999999998715
875 -0.02499999999991556
876 -2.6149999999999354
877 -2.6049999999999356
878 -2.584999999999936
879 -2.534999999999937
880 -7.479999999999876
881 -7.689999999999872
882 -7.489999999999876
883 -0.02499999999991556
884 -7.639999999999873
885 -7.559999999999874
886 -2.5499999999999368
887 -7.549999999999875
888 -2.5249999999999373
889 -7.689999999999872
890 -7.5999999999998735
891 -2.544999999999937
892 -7.7399999999998705
893 -7.5999999999998735
894 -7.719999999999871
895 -2.529999999999937
896 -7.709999999999871
897 -7.679999999999872
898 -7.76999999999987
899 -7.639999999999873
900 -7.619999999999873
901 -7.619999999999873
902 -5.114999999999873
903 -7.629999999999873
904 -7.559999999999874
905 -7.624999999999873
906 -7.604999999999873
907 -7.669999999999872
908 -2.529999999999937
909 -2.5749999999999362
910 -7.75999999999987
911 -0.02499999999991556
912 -7.5999999999998735
913 -2.544999999999937
914 -2.6149999999999354
915 -7.589999999999874
916 -7.639999999999873
917 -2.639999999999935
918 -7.6499999999998725
919 -7.659999999999872
920 -7.5999999999998735
921 -2.5499999999999368
922 -7.76999999999987
923 -2.5749999999999362
924 -2.579999999999936
925 -7.579999999999874
926 -7.77999999999987
927 -5.179999999999872
928 -2.634999999999935
929 -7.624999999999873
930 -7.699999999999871
931 -7.7899999999998695
932 -7.629999999999873
933 -7.639999999999873
934 -2.5999999999999357
935 -2.6549999999999345
936 -7.624999999999873
937 -2.594999999999936
938 -7.809999999999869
939 -7.619999999999873
940 -2.6199999999999353
941 -2.5499999999999368
942 -7.76999999999987
943 -7.539999999999875
944 -7.569999999999874
945 -2.6149999999999354
946 -7.7899999999998695
947 -7.609999999999873
948 -2.6099999999999355
949 -7.719999999999871
950 -2.5049999999999377
951 -7.859999999999868
952 -2.594999999999936
953 -7.75999999999987
954 -2.629999999999935
955 -7.809999999999869
956 -7.859999999999868
957 -7.709999999999871
958 -7.7399999999998705
959 -7.77999999999987
960 -7.5999999999998735
961 -7.76999999999987
962 -2.594999999999936
963 -2.539999999999937
964 -2.5749999999999362
965 -2.6099999999999355
966 -7.609999999999873
967 -2.5549999999999367
968 -2.5749999999999362
969 -7.729999999999871
970 -2.624999999999935
971 -2.5599999999999365
972 -0.014999999999915557
973 -2.539999999999937
974 -7.75999999999987
975 -2.4799999999999383
976 -2.724999999999933
977 -2.6049999999999356
978 -2.5599999999999365
979 -7.619999999999873
980 -2.6949999999999337
981 -7.76999999999987
982 -5.129999999999873
983 -2.579999999999936
984 -7.679999999999872
985 -2.6049999999999356
986 -2.6149999999999354
987 -2.534999999999937
988 -7.569999999999874
989 -2.5649999999999364
990 -7.75999999999987
991 -7.7899999999998695
992 -2.6049999999999356
993 -2.5149999999999375
994 -2.639999999999935
995 -7.709999999999871
996 -7.799999999999869
997 -7.609999999999873
998 -2.6599999999999344
999 -2.634999999999935
1000 -2.6549999999999345
1001 -2.579999999999936
1002 -7.609999999999873
1003 -2.519999999999875
1004 -2.5599999999999365
1005 -7.729999999999871
1006 -2.584999999999936
1007 -2.624999999999935
1008 -7.709999999999871
1009 -7.809999999999869
1010 -7.809999999999869
1011 -2.6049999999999356
1012 -2.6099999999999355
1013 -2.5999999999999357
1014 -2.579999999999936
1015 -2.634999999999935
1016 -7.619999999999873
1017 -7.729999999999871
1018 -2.6049999999999356
1019 -2.6099999999999355
1020 -2.6549999999999345
1021 -5.2399999999998705
1022 -7.509999999999875
1023 -7.579999999999874
1024 -7.569999999999874
1025 -7.74999999999987
1026 -2.634999999999935
1027 -7.799999999999869
1028 -7.5999999999998735
1029 -7.639999999999873
1030 -5.069999999999874
1031 -7.719999999999871
1032 -2.5149999999999375
1033 -7.659999999999872
1034 -7.6499999999998725
1035 -2.669999999999934
1036 -7.579999999999874
1037 -7.639999999999873
1038 -2.5649999999999364
1039 -7.77999999999987
1040 -2.5149999999999375
1041 -2.5049999999999377
1042 -7.689999999999872
1043 -7.579999999999874
1044 -7.729999999999871
1045 -7.669999999999872
1046 -2.594999999999936
1047 -2.589999999999936
1048 -2.539999999999937
1049 -7.549999999999875
1050 -2.6499999999999346
1051 -7.77999999999987
1052 -2.5649999999999364
1053 -7.619999999999873
1054 -7.5999999999998735
1055 -7.639999999999873
1056 -7.539999999999875
1057 -7.719999999999871
1058 -2.579999999999936
1059 -7.799999999999869
1060 -2.544999999999937
1061 -2.5649999999999364
1062 -7.609999999999873
1063 -7.669999999999872
1064 -2.6099999999999355
1065 -2.6449999999999347
1066 -7.809999999999869
1067 -7.619999999999873
1068 -2.6649999999999343
1069 -7.77999999999987
1070 -2.6199999999999353
1071 -7.714999999999871
1072 -7.889999999999867
1073 -7.729999999999871
1074 -2.6549999999999345
1075 -5.059999999999874
1076 -2.584999999999936
1077 -2.5699999999999363
1078 -2.5599999999999365
1079 -7.469999999999876
1080 -2.589999999999936
1081 -7.674999999999872
1082 -7.4599999999998765
1083 -2.584999999999936
1084 -2.6649999999999343
1085 -2.5749999999999362
1086 -7.689999999999872
1087 -2.5549999999999367
1088 -7.709999999999871
1089 -2.6049999999999356
1090 -7.619999999999873
1091 -2.579999999999936
1092 -2.629999999999935
1093 -7.689999999999872
1094 -2.594999999999936
1095 -7.669999999999872
1096 -7.75999999999987
1097 -2.5499999999999368
1098 -2.584999999999936
1099 -7.729999999999871
1100 -7.689999999999872
1101 -7.664999999999872
1102 -7.519999999999875
1103 -7.589999999999874
1104 -2.624999999999935
1105 -7.639999999999873
1106 -2.629999999999935
1107 -2.6199999999999353
1108 -7.6499999999998725
1109 -2.5499999999999368
1110 -7.819999999999869
1111 -7.529999999999875
1112 -2.539999999999937
1113 -7.669999999999872
1114 -7.629999999999873
1115 -2.5699999999999363
1116 -7.5999999999998735
1117 -2.6049999999999356
1118 -2.5549999999999367
1119 -2.584999999999936
1120 -7.594999999999874
1121 -2.5499999999999368
1122 -2.5549999999999367
1123 -2.6199999999999353
1124 -2.634999999999935
1125 -2.534999999999937
1126 -7.849999999999868
1127 -7.829999999999869
1128 -7.75999999999987
1129 -7.679999999999872
1130 -7.559999999999874
1131 -2.579999999999936
1132 -2.6449999999999347
1133 -2.719999999999933
1134 -7.76999999999987
1135 -5.059999999999874
1136 -7.639999999999873
1137 -2.5599999999999365
1138 -7.534999999999875
1139 -2.5599999999999365
1140 -2.579999999999936
1141 -2.5549999999999367
1142 -2.579999999999936
1143 -7.679999999999872
1144 -7.7399999999998705
1145 0.015000000000084446
1146 -2.5749999999999362
1147 -7.77999999999987
1148 -2.594999999999936
1149 -7.729999999999871
1150 -2.5599999999999365
1151 -2.679999999999934
1152 -7.6949999999998715
1153 -7.689999999999872
1154 -7.479999999999876
1155 -2.6149999999999354
1156 -7.569999999999874
1157 -7.719999999999871
1158 -7.689999999999872
1159 -7.7899999999998695
1160 -7.5999999999998735
1161 -2.5199999999999374
1162 -2.534999999999937
1163 -7.549999999999875
1164 -5.0999999999998735
1165 -2.544999999999937
1166 -2.6149999999999354
1167 -7.719999999999871
1168 -7.659999999999872
1169 -7.639999999999873
1170 -2.5749999999999362
1171 -2.579999999999936
1172 -7.679999999999872
1173 -7.819999999999869
1174 -7.8799999999998676
1175 -2.5749999999999362
1176 -7.679999999999872
1177 -2.629999999999935
1178 -2.594999999999936
1179 -2.5649999999999364
1180 -5.2899999999998695
1181 -7.679999999999872
1182 -2.5149999999999375
1183 -2.5599999999999365
1184 -7.679999999999872
1185 -7.659999999999872
1186 -2.529999999999937
1187 -2.539999999999937
1188 -7.76999999999987
1189 -2.579999999999936
1190 -7.799999999999869
1191 -2.539999999999937
1192 -2.6049999999999356
1193 -2.6599999999999344
1194 -2.589999999999936
1195 -2.634999999999935
1196 -5.169999999999872
1197 -2.5649999999999364
1198 -2.6449999999999347
1199 -5.189999999999872
1200 -7.799999999999869
1201 -7.569999999999874
1202 -7.579999999999874
1203 -7.75999999999987
1204 -7.619999999999873
1205 -2.5749999999999362
1206 -2.539999999999937
1207 -7.589999999999874
1208 -7.5999999999998735
1209 -7.729999999999871
1210 -2.6549999999999345
1211 -2.5099999999999376
1212 -7.689999999999872
1213 -7.559999999999874
1214 -2.579999999999936
1215 -7.689999999999872
1216 -2.6449999999999347
1217 -2.5599999999999365
1218 -2.6449999999999347
1219 -2.639999999999935
1220 -7.609999999999873
1221 -7.499999999999876
1222 -7.719999999999871
1223 -2.6499999999999346
1224 -2.624999999999935
1225 -2.5649999999999364
1226 -7.689999999999872
1227 -2.579999999999936
1228 -7.589999999999874
1229 -7.579999999999874
1230 -7.569999999999874
1231 -2.5549999999999367
1232 -2.5249999999999373
1233 -2.6499999999999346
1234 -2.5649999999999364
1235 -7.6499999999998725
1236 -7.619999999999873
1237 -7.719999999999871
1238 -2.6149999999999354
1239 -2.534999999999937
1240 -2.5549999999999367
1241 -2.4799999999999383
1242 -2.579999999999936
1243 -2.484999999999938
1244 -7.6499999999998725
1245 -2.594999999999936
1246 -2.544999999999937
1247 -2.529999999999937
1248 -7.7399999999998705
1249 -7.709999999999871
1250 -2.539999999999937
1251 -7.529999999999875
1252 -2.5499999999999368
1253 -2.579999999999936
1254 -7.839999999999868
1255 -0.06499999999991554
1256 -7.669999999999872
1257 -2.589999999999936
1258 -7.569999999999874
1259 -2.6149999999999354
1260 -7.75999999999987
1261 -7.819999999999869
1262 -7.709999999999871
1263 -7.77999999999987
1264 -7.659999999999872
1265 -7.859999999999868
1266 -2.5249999999999373
1267 -2.5649999999999364
1268 -7.629999999999873
1269 -0.1399999999999156
1270 -2.5999999999999357
1271 -2.6199999999999353
1272 -2.639999999999935
1273 -7.76999999999987
1274 -2.629999999999935
1275 -2.529999999999937
1276 -7.619999999999873
1277 -2.5649999999999364
1278 -2.639999999999935
1279 -2.5699999999999363
1280 -7.659999999999872
1281 -2.584999999999936
1282 -2.5999999999999357
1283 -5.129999999999873
1284 -7.7399999999998705
1285 -7.699999999999871
1286 -7.719999999999871
1287 -7.669999999999872
1288 -7.679999999999872
1289 -2.5999999999999357
1290 -7.709999999999871
1291 -2.6049999999999356
1292 -7.549999999999875
1293 -2.6599999999999344
1294 -2.534999999999937
1295 -7.579999999999874
1296 -2.589999999999936
1297 -2.594999999999936
1298 -7.629999999999873
1299 -2.629999999999935
1300 -2.5499999999999368
1301 2.385000000000109
1302 -7.74999999999987
1303 -2.5749999999999362
1304 -7.76999999999987
1305 -2.499999999999938
1306 -7.579999999999874
1307 -5.044999999999875
1308 -0.16499999999991563
1309 -7.579999999999874
1310 -2.6149999999999354
1311 -7.7399999999998705
1312 -7.629999999999873
1313 -7.76999999999987
1314 -7.589999999999874
1315 -7.6499999999998725
1316 -2.624999999999935
1317 -7.719999999999871
1318 -7.6499999999998725
1319 -7.549999999999875
1320 -7.669999999999872
1321 -7.5999999999998735
1322 -5.144999999999873
1323 -7.719999999999871
1324 -7.7399999999998705
1325 -7.74999999999987
1326 -2.5999999999999357
1327 -7.7899999999998695
1328 -2.6149999999999354
1329 -7.639999999999873
1330 -2.629999999999935
1331 -2.6049999999999356
1332 -2.6149999999999354
1333 -7.7899999999998695
1334 -7.699999999999871
1335 -7.819999999999869
1336 -0.1299999999999156
1337 -2.5999999999999357
1338 -2.5249999999999373
1339 -7.719999999999871
1340 -7.669999999999872
1341 -0.019999999999915558
1342 -7.729999999999871
1343 -0.014999999999915557
1344 -2.5699999999999363
1345 -7.579999999999874
1346 -7.539999999999875
1347 -7.579999999999874
1348 -2.5249999999999373
1349 -2.544999999999937
1350 -2.6199999999999353
1351 -7.5999999999998735
1352 -7.629999999999873
1353 -7.829999999999869
1354 -7.689999999999872
1355 -7.729999999999871
1356 -7.619999999999873
1357 -2.6149999999999354
1358 -7.709999999999871
1359 -2.5999999999999357
1360 -2.589999999999936
1361 -2.5749999999999362
1362 -7.559999999999874
1363 -7.679999999999872
1364 -7.719999999999871
1365 -7.589999999999874
1366 -7.589999999999874
1367 -5.229999999999871
1368 -2.544999999999937
1369 -2.6099999999999355
1370 -2.529999999999937
1371 -7.619999999999873
1372 -7.594999999999874
1373 -2.579999999999936
1374 -2.624999999999935
1375 -7.729999999999871
1376 -2.5499999999999368
1377 -7.699999999999871
1378 -7.7399999999998705
1379 -2.5099999999999376
1380 -7.74999999999987
1381 -2.5699999999999363
1382 -7.74999999999987
1383 -2.7099999999999334
1384 -7.679999999999872
1385 -7.639999999999873
1386 -7.629999999999873
1387 -7.579999999999874
1388 -7.529999999999875
1389 -0.059999999999915545
1390 -2.5599999999999365
1391 -2.5699999999999363
1392 -2.674999999999934
1393 -2.6199999999999353
1394 -2.6049999999999356
1395 -2.6149999999999354
1396 -7.519999999999875
1397 -7.6499999999998725
1398 -7.689999999999872
1399 -2.6099999999999355
1400 -2.584999999999936
1401 -7.74999999999987
1402 -0.06999999999991555
1403 -7.7399999999998705
1404 -7.7399999999998705
1405 -7.589999999999874
1406 -2.6499999999999346
1407 -7.639999999999873
1408 -2.5549999999999367
1409 -2.634999999999935
1410 -2.529999999999937
1411 -7.74999999999987
1412 -7.639999999999873
1413 -2.539999999999937
1414 -7.729999999999871
1415 -7.729999999999871
1416 -7.579999999999874
1417 -2.629999999999935
1418 -2.589999999999936
1419 -2.5649999999999364
1420 -2.5599999999999365
1421 -7.709999999999871
1422 -7.889999999999867
1423 -2.5649999999999364
1424 -2.6149999999999354
1425 -7.519999999999875
1426 -7.7899999999998695
1427 -2.6049999999999356
1428 -7.729999999999871
1429 -7.519999999999875
1430 -2.5699999999999363
1431 -2.674999999999934
1432 -5.069999999999874
1433 -7.899999999999867
1434 -2.669999999999934
1435 -7.719999999999871
1436 -7.629999999999873
1437 -2.679999999999934
1438 -2.534999999999937
1439 -2.6499999999999346
1440 -7.7399999999998705
1441 -2.634999999999935
1442 -2.6199999999999353
1443 -7.569999999999874
1444 -2.5749999999999362
1445 -7.669999999999872
1446 -2.5249999999999373
1447 -7.679999999999872
1448 -2.539999999999937
1449 -2.5549999999999367
1450 -2.534999999999937
1451 -2.6149999999999354
1452 -2.594999999999936
1453 -2.539999999999937
1454 -2.584999999999936
1455 -0.1299999999999156
1456 -7.549999999999875
1457 -7.609999999999873
1458 -2.5999999999999357
1459 -2.5499999999999368
1460 -7.549999999999875
1461 -2.5599999999999365
1462 -2.594999999999936
1463 -7.809999999999869
1464 -7.799999999999869
1465 -7.729999999999871
1466 -2.5149999999999375
1467 -7.6499999999998725
1468 -2.6449999999999347
1469 -7.76999999999987
1470 -2.594999999999936
1471 -7.669999999999872
1472 -2.6099999999999355
1473 -7.5999999999998735
1474 -2.589999999999936
1475 -2.6549999999999345
1476 -7.589999999999874
1477 -7.629999999999873
1478 -7.589999999999874
1479 -7.644999999999873
1480 -2.5249999999999373
1481 -0.04999999999991555
1482 -5.179999999999872
1483 -7.579999999999874
1484 -2.584999999999936
1485 -2.5199999999999374
1486 -2.544999999999937
1487 -7.679999999999872
1488 -2.594999999999936
1489 -7.669999999999872
1490 -7.709999999999871
1491 -7.559999999999874
1492 -7.589999999999874
1493 -2.5549999999999367
1494 -2.6099999999999355
1495 -2.5549999999999367
1496 -0.02499999999991556
1497 -2.579999999999936
1498 -2.579999999999936
1499 -7.699999999999871
1500 -7.549999999999875
1501 -2.6149999999999354
1502 -7.584999999999874
1503 -2.5999999999999357
1504 -2.589999999999936
1505 -2.5499999999999368
1506 -7.709999999999871
1507 -2.5599999999999365
1508 -2.5599999999999365
1509 -2.6899999999999338
1510 -7.659999999999872
1511 -7.644999999999873
1512 -7.704999999999871
1513 -7.659999999999872
1514 -7.559999999999874
1515 -2.629999999999935
1516 -7.76999999999987
1517 -2.6099999999999355
1518 -7.564999999999874
1519 -5.219999999999871
1520 -2.6499999999999346
1521 -2.629999999999935
1522 -7.5999999999998735
1523 -2.584999999999936
1524 -7.619999999999873
1525 -7.499999999999876
1526 -7.809999999999869
1527 -2.6199999999999353
1528 -2.5149999999999375
1529 -7.679999999999872
1530 -7.74999999999987
1531 -2.639999999999935
1532 -7.609999999999873
1533 -7.529999999999875
1534 -7.539999999999875
1535 -7.589999999999874
1536 -2.6199999999999353
1537 -7.689999999999872
1538 -7.679999999999872
1539 -2.5699999999999363
1540 -2.5699999999999363
1541 -2.5699999999999363
1542 -7.699999999999871
1543 -2.594999999999936
1544 -7.829999999999869
1545 -2.639999999999935
1546 -7.5999999999998735
1547 -2.6149999999999354
1548 -0.07499999999991555
1549 -7.74999999999987
1550 -7.7399999999998705
1551 -2.5749999999999362
1552 -7.77999999999987
1553 -2.594999999999936
1554 -7.5999999999998735
1555 -2.6049999999999356
1556 -2.4599999999999387
1557 -7.849999999999868
1558 -7.729999999999871
1559 -2.5549999999999367
1560 -2.6599999999999344
1561 -2.6199999999999353
1562 -2.5599999999999365
1563 -7.619999999999873
1564 -7.859999999999868
1565 -2.6049999999999356
1566 -2.5699999999999363
1567 -2.6049999999999356
1568 -7.669999999999872
1569 -7.6499999999998725
1570 -7.639999999999873
1571 -2.634999999999935
1572 -7.684999999999872
1573 -7.6499999999998725
1574 -2.5599999999999365
1575 -2.5249999999999373
1576 -7.539999999999875
1577 -2.5699999999999363
1578 -7.6499999999998725
1579 -7.619999999999873
1580 -7.7399999999998705
1581 -2.5749999999999362
1582 -2.5599999999999365
1583 -7.869999999999868
1584 -2.6199999999999353
1585 -2.5049999999999377
1586 -7.76999999999987
1587 -7.719999999999871
1588 -7.74999999999987
1589 -7.714999999999871
1590 -2.6049999999999356
1591 -2.534999999999937
1592 -7.5999999999998735
1593 -2.5649999999999364
1594 -5.299999999999869
1595 -2.5199999999999374
1596 -7.809999999999869
1597 -2.6499999999999346
1598 -2.6099999999999355
1599 -7.6499999999998725
1600 -2.539999999999937
1601 -7.809999999999869
1602 -7.7899999999998695
1603 -2.5699999999999363
1604 -7.659999999999872
1605 -7.799999999999869
1606 -2.6549999999999345
1607 -2.6149999999999354
1608 -7.639999999999873
1609 -7.679999999999872
1610 -7.589999999999874
1611 -7.819999999999869
1612 -2.6149999999999354
1613 -7.469999999999876
1614 -7.77999999999987
1615 -7.629999999999873
1616 -2.6199999999999353
1617 -7.869999999999868
1618 -2.544999999999937
1619 -7.75999999999987
1620 -2.5149999999999375
1621 -2.5549999999999367
1622 -7.659999999999872
1623 -7.629999999999873
1624 -5.109999999999873
1625 -7.579999999999874
1626 -7.659999999999872
1627 -7.639999999999873
1628 -7.76999999999987
1629 -7.639999999999873
1630 -2.5649999999999364
1631 -7.689999999999872
1632 -7.519999999999875
1633 -2.5499999999999368
1634 -7.799999999999869
1635 -2.5749999999999362
1636 -2.5749999999999362
1637 -7.619999999999873
1638 -2.5699999999999363
1639 -7.679999999999872
1640 -7.559999999999874
1641 -7.76999999999987
1642 -2.5549999999999367
1643 -2.6049999999999356
1644 -2.629999999999935
1645 -7.539999999999875
1646 -2.584999999999936
1647 -2.6199999999999353
1648 -7.5999999999998735
1649 -7.669999999999872
1650 -7.659999999999872
1651 -7.679999999999872
1652 -7.539999999999875
1653 -2.5749999999999362
1654 -7.5999999999998735
1655 -7.7399999999998705
1656 -7.77999999999987
1657 -7.519999999999875
1658 -7.7399999999998705
1659 -7.569999999999874
1660 -2.5549999999999367
1661 -2.609999999999873
1662 -7.74999999999987
1663 -2.6099999999999355
1664 -2.6449999999999347
1665 -2.5249999999999373
1666 -2.539999999999937
1667 -7.75999999999987
1668 -7.614999999999873
1669 -5.24999999999987
1670 -7.7899999999998695
1671 -7.869999999999868
1672 -2.579999999999936
1673 -7.729999999999871
1674 -2.5749999999999362
1675 -2.539999999999937
1676 -7.6499999999998725
1677 -7.74999999999987
1678 -7.539999999999875
1679 -2.5649999999999364
1680 -2.5999999999999357
1681 -7.809999999999869
1682 -2.629999999999935
1683 -2.584999999999936
1684 -7.5999999999998735
1685 -2.5999999999999357
1686 -2.679999999999934
1687 -7.849999999999868
1688 -7.7899999999998695
1689 -2.5549999999999367
1690 -2.6049999999999356
1691 -2.639999999999935
1692 -5.139999999999873
1693 -7.654999999999872
1694 -7.679999999999872
1695 -2.624999999999935
1696 -7.659999999999872
1697 -7.579999999999874
1698 -2.5749999999999362
1699 -2.6649999999999343
1700 -7.489999999999876
1701 -7.729999999999871
1702 -7.509999999999875
1703 -2.6649999999999343
1704 -2.6599999999999344
1705 -7.6499999999998725
1706 -2.484999999999938
1707 -2.6499999999999346
1708 -0.08499999999991556
1709 -2.529999999999937
1710 -7.709999999999871
1711 -7.669999999999872
1712 -2.6549999999999345
1713 -7.689999999999872
1714 -2.6099999999999355
1715 -7.699999999999871
1716 -7.619999999999873
1717 -7.669999999999872
1718 -2.6199999999999353
1719 -7.669999999999872
1720 -7.729999999999871
1721 -7.629999999999873
1722 -7.7399999999998705
1723 -7.829999999999869
1724 -7.539999999999875
1725 -2.634999999999935
1726 -2.5599999999999365
1727 -7.629999999999873
1728 -7.689999999999872
1729 -2.584999999999936
1730 -2.579999999999936
1731 -7.709999999999871
1732 -2.594999999999936
1733 -2.5599999999999365
1734 -7.7899999999998695
1735 -7.5999999999998735
1736 -2.5549999999999367
1737 -7.76999999999987
1738 -7.6499999999998725
1739 -7.589999999999874
1740 -7.689999999999872
1741 -2.6049999999999356
1742 -5.069999999999874
1743 -7.639999999999873
1744 -2.5699999999999363
1745 -7.579999999999874
1746 2.395000000000109
1747 -7.629999999999873
1748 -2.529999999999937
1749 -7.829999999999869
1750 -2.5149999999999375
1751 -5.224999999999871
1752 -2.584999999999936
1753 -2.634999999999935
1754 -0.05499999999991555
1755 -2.5749999999999362
1756 -2.6149999999999354
1757 -2.5699999999999363
1758 -7.589999999999874
1759 -7.7399999999998705
1760 -7.629999999999873
1761 -7.6499999999998725
1762 -7.639999999999873
1763 -2.6049999999999356
1764 -7.499999999999876
1765 -5.189999999999872
1766 -7.619999999999873
1767 -2.529999999999937
1768 -2.624999999999935
1769 -7.8799999999998676
1770 -7.719999999999871
1771 -2.5999999999999357
1772 -2.534999999999937
1773 -2.579999999999936
1774 -7.819999999999869
1775 -7.869999999999868
1776 -2.6499999999999346
1777 -2.5699999999999363
1778 -7.579999999999874
1779 -7.619999999999873
1780 -2.4799999999999383
1781 -7.5999999999998735
1782 -7.74999999999987
1783 -2.6449999999999347
1784 -2.7699999999998695
1785 -7.639999999999873
1786 -2.544999999999937
1787 -2.5549999999999367
1788 -7.609999999999873
1789 -7.629999999999873
1790 -2.584999999999936
1791 -7.719999999999871
1792 -2.5649999999999364
1793 -2.6449999999999347
1794 -2.579999999999936
1795 -7.5999999999998735
1796 -2.5649999999999364
1797 -7.5999999999998735
1798 -7.75999999999987
1799 -7.75999999999987
1800 -2.5599999999999365
1801 -2.534999999999937
1802 -2.6099999999999355
1803 -7.639999999999873
1804 -7.77999999999987
1805 -7.619999999999873
1806 -7.75499999999987
1807 -2.5699999999999363
1808 -2.629999999999935
1809 -2.6199999999999353
1810 -7.499999999999876
1811 -7.689999999999872
1812 -2.5999999999999357
1813 -2.5599999999999365
1814 -7.479999999999876
1815 -2.634999999999935
1816 -2.5549999999999367
1817 -7.839999999999868
1818 -2.594999999999936
1819 -7.609999999999873
1820 -2.489999999999938
1821 -2.624999999999935
1822 -2.6549999999999345
1823 -7.569999999999874
1824 -7.679999999999872
1825 -7.5999999999998735
1826 -7.669999999999872
1827 -7.689999999999872
1828 -2.544999999999937
1829 -2.6449999999999347
1830 -2.6649999999999343
1831 -2.674999999999934
1832 -2.6149999999999354
1833 -7.76999999999987
1834 -2.634999999999935
1835 -2.684999999999934
1836 -7.569999999999874
1837 -7.699999999999871
1838 -2.589999999999936
1839 -2.8099999999998686
1840 -2.579999999999936
1841 -7.589999999999874
1842 -2.584999999999936
1843 -7.689999999999872
1844 -2.5499999999999368
1845 -2.594999999999936
1846 -7.699999999999871
1847 -2.489999999999938
1848 -7.499999999999876
1849 -7.679999999999872
1850 -2.6199999999999353
1851 -7.77999999999987
1852 -7.709999999999871
1853 -2.594999999999936
1854 -7.794999999999869
1855 -7.609999999999873
1856 -7.689999999999872
1857 -2.499999999999938
1858 -2.5649999999999364
1859 -2.494999999999938
1860 -7.709999999999871
1861 -7.639999999999873
1862 -2.5649999999999364
1863 -2.579999999999936
1864 -7.689999999999872
1865 -2.6049999999999356
1866 -5.049999999999875
1867 -7.619999999999873
1868 -7.7399999999998705
1869 -2.634999999999935
1870 -2.6549999999999345
1871 -2.6049999999999356
1872 -7.549999999999875
1873 -7.819999999999869
1874 -2.5649999999999364
1875 -7.709999999999871
1876 -2.589999999999936
1877 -2.624999999999935
1878 -7.77999999999987
1879 -7.639999999999873
1880 -2.629999999999935
1881 -7.679999999999872
1882 -7.699999999999871
1883 -7.609999999999873
1884 -7.589999999999874
1885 -2.5749999999999362
1886 -7.579999999999874
1887 -7.689999999999872
1888 -7.6499999999998725
1889 -2.6149999999999354
1890 -2.584999999999936
1891 -0.06999999999991555
1892 -2.6049999999999356
1893 -7.76999999999987
1894 -5.294999999999869
1895 -5.309999999999869
1896 -7.8799999999998676
1897 -7.629999999999873
1898 -7.719999999999871
1899 -2.5199999999999374
1900 -2.589999999999936
1901 -2.579999999999936
1902 -2.589999999999936
1903 -7.719999999999871
1904 -5.0999999999998735
1905 -2.5699999999999363
1906 -2.6099999999999355
1907 -2.6149999999999354
1908 -7.729999999999871
1909 -2.5249999999999373
1910 -2.6099999999999355
1911 -2.544999999999937
1912 -7.669999999999872
1913 -7.639999999999873
1914 -2.5999999999999357
1915 -7.689999999999872
1916 -7.7899999999998695
1917 -7.714999999999871
1918 -7.579999999999874
1919 -7.579999999999874
1920 -7.579999999999874
1921 -7.719999999999871
1922 -7.489999999999876
1923 -2.5599999999999365
1924 -7.4599999999998765
1925 -7.74999999999987
1926 -2.5099999999999376
1927 -7.679999999999872
1928 -7.77999999999987
1929 -7.579999999999874
1930 -7.544999999999875
1931 -2.5099999999999376
1932 -2.544999999999937
1933 -7.629999999999873
1934 -7.629999999999873
1935 -7.669999999999872
1936 -7.74999999999987
1937 -7.75999999999987
1938 -2.5499999999999368
1939 -7.6499999999998725
1940 -2.484999999999938
1941 -2.6049999999999356
1942 -7.519999999999875
1943 -2.5599999999999365
1944 -7.549999999999875
1945 -7.6499999999998725
1946 -7.669999999999872
1947 -7.75999999999987
1948 -5.134999999999873
1949 -7.6499999999998725
1950 -7.659999999999872
1951 -2.5549999999999367
1952 -7.549999999999875
1953 -7.559999999999874
1954 -5.219999999999871
1955 -0.1399999999999156
1956 -7.569999999999874
1957 -2.589999999999936
1958 -7.729999999999871
1959 -2.5499999999999368
1960 -7.549999999999875
1961 -7.819999999999869
1962 -2.6199999999999353
1963 -2.6149999999999354
1964 -7.644999999999873
1965 -7.679999999999872
1966 -7.74999999999987
1967 -7.669999999999872
1968 -7.74999999999987
1969 -2.6199999999999353
1970 -7.549999999999875
1971 -7.509999999999875
1972 -7.6499999999998725
1973 -2.6049999999999356
1974 -7.609999999999873
1975 -2.5499999999999368
1976 -7.689999999999872
1977 -2.5649999999999364
1978 -2.5999999999999357
1979 -2.6149999999999354
1980 -2.5649999999999364
1981 -2.5599999999999365
1982 -7.604999999999873
1983 -2.5699999999999363
1984 -2.584999999999936
1985 -2.584999999999936
1986 -7.659999999999872
1987 -7.679999999999872
1988 -2.5749999999999362
1989 -2.6049999999999356
1990 -7.819999999999869
1991 -7.809999999999869
1992 -2.534999999999937
1993 -7.729999999999871
1994 -2.629999999999935
1995 -7.74999999999987
1996 -7.669999999999872
1997 -2.624999999999935
1998 -7.849999999999868
1999 -7.719999999999871
5137.154680728912
