0 26.8349999999998
1 17.57000000000003
2 44.50999999999986
3 32.53499999999976
4 22.529999999999774
5 42.60999999999979
6 30.06499999999971
7 50.01999999999978
8 39.89999999999979
9 54.56499999999976
10 35.009999999999835
11 49.35499999999985
12 24.374999999999858
13 35.03999999999984
14 44.959999999999766
15 12.579999999999918
16 42.57999999999977
17 42.594999999999764
18 37.529999999999724
19 56.29999999999969
20 44.27999999999976
21 42.26499999999978
22 32.51499999999983
23 37.05999999999981
24 32.3049999999999
25 29.369999999999717
26 45.14999999999983
27 20.0499999999998
28 37.349999999999795
29 40.119999999999834
30 65.13999999999972
31 50.05999999999979
32 42.16499999999979
33 54.10999999999976
34 12.5599999999999
35 27.414999999999946
36 37.17499999999979
37 39.40999999999984
38 41.72999999999971
39 37.5599999999998
40 53.239999999999725
41 55.589999999999684
42 42.624999999999815
43 37.54499999999983
44 59.95499999999956
45 27.47499999999981
46 47.64499999999973
47 27.37499999999979
48 42.564999999999785
49 52.604999999999734
50 40.10999999999986
51 27.494999999999873
52 51.919999999999796
53 49.93999999999975
54 55.174999999999756
55 53.86499999999975
56 50.13999999999969
57 27.54999999999982
58 47.12499999999975
59 41.924999999999855
60 37.54999999999976
61 42.649999999999714
62 39.229999999999805
63 39.8549999999998
64 52.24499999999974
65 50.889999999999674
66 22.50999999999994
67 62.55499999999974
68 67.58499999999974
69 41.88499999999972
70 32.52999999999984
71 57.669999999999725
72 19.934999999999814
73 22.479999999999944
74 30.119999999999784
75 75.78499999999974
76 27.73999999999978
77 37.44999999999974
78 44.029999999999745
79 47.5849999999997
80 34.42499999999988
81 27.484999999999754
82 54.86499999999973
83 35.024999999999864
84 32.57499999999976
85 44.99999999999981
86 83.7249999999997
87 32.46999999999981
88 48.93999999999975
89 47.214999999999826
90 39.45499999999983
91 55.23999999999975
92 37.214999999999755
93 39.66499999999974
94 67.58999999999982
95 36.72499999999973
96 36.299999999999805
97 46.944999999999744
98 29.989999999999814
99 32.43999999999985
100 44.42499999999973
101 31.864999999999696
102 29.874999999999815
103 18.634999999999888
104 40.05499999999977
105 41.83999999999968
106 37.5549999999998
107 57.599999999999724
108 67.03999999999975
109 19.89499999999977
110 19.984999999999832
111 36.8949999999998
112 36.65999999999985
113 35.729999999999706
114 42.619999999999806
115 42.57499999999981
116 50.09499999999981
117 50.034999999999755
118 55.10999999999973
119 37.58499999999983
120 34.964999999999776
121 42.31999999999974
122 37.5599999999998
123 24.804999999999808
124 37.21999999999972
125 27.55499999999978
126 29.38499999999984
127 27.57999999999984
128 39.76999999999973
129 32.50499999999975
130 47.6399999999998
131 59.52999999999972
132 37.52999999999979
133 32.52499999999973
134 25.019999999999904
135 42.02499999999978
136 50.419999999999675
137 24.06999999999993
138 52.67999999999972
139 17.444999999999926
140 24.644999999999847
141 50.094999999999686
142 43.61499999999975
143 37.58499999999981
144 47.53999999999976
145 42.589999999999776
146 46.95499999999968
147 37.28999999999988
148 38.49999999999976
149 41.044999999999824
150 50.049999999999706
151 40.06499999999972
152 34.44999999999971
153 52.42999999999974
154 36.81999999999974
155 31.374999999999808
156 14.869999999999745
157 45.06999999999975
158 28.764999999999677
159 61.03499999999967
160 37.69499999999974
161 64.16999999999973
162 49.72499999999975
163 39.14999999999977
164 36.55999999999989
165 62.63999999999975
166 51.82999999999976
167 39.87999999999979
168 52.54499999999978
169 35.02999999999973
170 40.02499999999977
171 45.03999999999971
172 40.04999999999975
173 39.90499999999981
174 45.01999999999978
175 35.0199999999998
176 12.5099999999999
177 41.68999999999982
178 44.989999999999746
179 24.96499999999981
180 41.47999999999975
181 27.494999999999788
182 37.499999999999844
183 19.84499999999987
184 37.559999999999754
185 19.924999999999955
186 55.08499999999977
187 34.9949999999998
188 37.31499999999976
189 26.859999999999765
190 42.58999999999975
191 35.11999999999976
192 57.28499999999975
193 32.46999999999978
194 42.09999999999986
195 29.999999999999787
196 47.534999999999805
197 50.129999999999775
198 37.099999999999774
199 49.37999999999981
200 40.56499999999969
201 49.369999999999884
202 45.034999999999776
203 39.154999999999774
204 29.919999999999785
205 56.939999999999806
206 30.014999999999805
207 41.409999999999705
208 51.784999999999776
209 37.444999999999794
210 50.03499999999976
211 32.57999999999983
212 34.95999999999976
213 47.639999999999844
214 36.72499999999968
215 47.52499999999975
216 41.30999999999972
217 54.204999999999714
218 57.729999999999755
219 31.93999999999975
220 31.129999999999836
221 45.124999999999744
222 44.50499999999976
223 55.15499999999973
224 25.019999999999758
225 57.60499999999971
226 32.44999999999977
227 45.0149999999998
228 46.11999999999967
229 64.4949999999996
230 45.8149999999997
231 39.9999999999998
232 22.229999999999794
233 42.6649999999997
234 35.12499999999976
235 50.14999999999975
236 32.534999999999826
237 38.414999999999765
238 24.93999999999981
239 27.514999999999844
240 35.07499999999978
241 72.2749999999997
242 38.80499999999974
243 37.57999999999982
244 49.99999999999971
245 55.10499999999975
246 40.49499999999968
247 55.10499999999973
248 35.089999999999804
249 35.01999999999983
250 40.16499999999977
251 48.7249999999997
252 35.89499999999973
253 21.419999999999842
254 31.894999999999825
255 20.03499999999987
256 52.504999999999725
257 30.02999999999981
258 17.40500000000001
259 46.989999999999775
260 31.899999999999885
261 65.06999999999972
262 37.68499999999983
263 49.42999999999974
264 41.2549999999998
265 27.47499999999986
266 35.07499999999978
267 32.32999999999982
268 60.16999999999973
269 32.03999999999986
270 52.6249999999997
271 47.69999999999977
272 44.37499999999974
273 30.02999999999979
274 40.08499999999976
275 36.329999999999714
276 45.20999999999976
277 19.924999999999788
278 51.25499999999978
279 45.014999999999795
280 40.074999999999726
281 54.24999999999974
282 49.40499999999978
283 37.6199999999999
284 40.1799999999998
285 32.434999999999775
286 22.38999999999982
287 42.63499999999975
288 69.3149999999997
289 42.56999999999974
290 58.67499999999975
291 31.609999999999776
292 37.459999999999766
293 19.51999999999972
294 55.17499999999975
295 27.51999999999981
296 31.30499999999984
297 45.034999999999805
298 51.97999999999976
299 47.979999999999684
300 31.539999999999914
301 46.729999999999734
302 22.144999999999825
303 30.01499999999981
304 53.40999999999967
305 46.97499999999968
306 37.5549999999999
307 31.864999999999785
308 52.50499999999981
309 29.964999999999854
310 46.92499999999967
311 39.96499999999975
312 44.169999999999845
313 26.87499999999974
314 39.19999999999976
315 32.544999999999725
316 32.21499999999973
317 58.484999999999715
318 37.62499999999978
319 32.429999999999765
320 55.1799999999997
321 32.46499999999983
322 27.67499999999983
323 34.88499999999993
324 35.01499999999977
325 50.05999999999988
326 63.404999999999674
327 34.959999999999745
328 40.07499999999977
329 45.044999999999725
330 29.929999999999772
331 34.43999999999973
332 39.52999999999974
333 47.509999999999835
334 46.389999999999844
335 29.994999999999813
336 47.63999999999983
337 47.159999999999805
338 47.6099999999998
339 42.62499999999977
340 49.88999999999958
341 28.959999999999983
342 42.02999999999976
343 55.10499999999974
344 44.88999999999975
345 32.56499999999984
346 36.049999999999734
347 41.884999999999835
348 44.57999999999974
349 42.68999999999979
350 35.02499999999976
351 37.47999999999978
352 44.50499999999976
353 39.804999999999794
354 42.53499999999972
355 22.234999999999776
356 24.704999999999778
357 62.42499999999973
358 31.48499999999973
359 40.079999999999714
360 32.43999999999983
361 19.98999999999979
362 32.51999999999979
363 45.0449999999998
364 30.08499999999979
365 47.6399999999997
366 33.69999999999974
367 42.81999999999988
368 29.78499999999974
369 44.87499999999974
370 57.189999999999635
371 43.46999999999974
372 34.9999999999999
373 35.02999999999984
374 19.6849999999998
375 76.39499999999973
376 35.024999999999764
377 49.469999999999764
378 54.729999999999784
379 38.474999999999724
380 29.994999999999777
381 49.96499999999981
382 37.3499999999998
383 37.204999999999785
384 29.99499999999986
385 37.309999999999796
386 34.33499999999981
387 49.95999999999973
388 32.414999999999715
389 37.52999999999979
390 37.60499999999978
391 42.57999999999978
392 27.54999999999987
393 45.06999999999983
394 28.93999999999973
395 39.524999999999764
396 29.98999999999986
397 47.65999999999974
398 45.11999999999971
399 35.03499999999977
400 37.259999999999884
401 55.11999999999973
402 29.459999999999905
403 40.14499999999996
404 22.579999999999814
405 51.14499999999967
406 56.41499999999984
407 32.56499999999975
408 42.584999999999795
409 34.204999999999885
410 32.54499999999978
411 17.50999999999989
412 34.98999999999978
413 27.52499999999983
414 47.57499999999977
415 40.08499999999987
416 36.74499999999986
417 30.139999999999798
418 44.504999999999775
419 37.52499999999974
420 71.98999999999963
421 30.58499999999981
422 47.35499999999973
423 45.14499999999978
424 52.09499999999979
425 40.129999999999896
426 38.93499999999976
427 29.084999999999784
428 49.17999999999972
429 36.799999999999805
430 52.03499999999969
431 24.984999999999893
432 49.799999999999756
433 34.159999999999776
434 52.69499999999977
435 55.21499999999972
436 42.47499999999978
437 46.614999999999746
438 37.43499999999973
439 59.83999999999976
440 54.03999999999975
441 34.54499999999981
442 37.629999999999775
443 27.489999999999743
444 22.649999999999885
445 18.834999999999898
446 52.634999999999735
447 29.95499999999973
448 54.34999999999983
449 34.419999999999774
450 32.29499999999979
451 57.6749999999998
452 52.71499999999961
453 22.339999999999865
454 35.00499999999981
455 52.59499999999977
456 53.62499999999973
457 29.439999999999976
458 32.369999999999784
459 37.56499999999992
460 24.69999999999977
461 60.2599999999997
462 27.29499999999979
463 32.479999999999826
464 39.79999999999975
465 27.40499999999996
466 50.079999999999764
467 43.13999999999968
468 34.25999999999978
469 41.53499999999976
470 25.009999999999796
471 47.549999999999756
472 47.41499999999971
473 17.50499999999987
474 40.064999999999806
475 27.394999999999857
476 68.57499999999969
477 50.80999999999973
478 49.46499999999974
479 47.54499999999976
480 37.20499999999985
481 34.94499999999985
482 48.71499999999968
483 42.60499999999961
484 50.13499999999975
485 36.67499999999989
486 27.59499999999981
487 55.039999999999786
488 44.98999999999978
489 45.00999999999978
490 29.994999999999845
491 42.449999999999754
492 36.059999999999704
493 60.2249999999997
494 50.2499999999997
495 29.41499999999982
496 39.23999999999969
497 34.48499999999979
498 31.72999999999979
499 52.639999999999695
500 46.2749999999997
501 34.209999999999866
502 33.78499999999973
503 57.35999999999971
504 48.22499999999974
505 42.594999999999814
506 22.464999999999826
507 37.27499999999977
508 32.56499999999987
509 34.97499999999978
510 49.364999999999746
511 35.1249999999998
512 42.68499999999971
513 31.07499999999978
514 27.514999999999826
515 42.429999999999815
516 12.044999999999785
517 42.54999999999981
518 47.684999999999796
519 52.68999999999976
520 41.09999999999973
521 36.93499999999981
522 30.01499999999977
523 30.03499999999976
524 45.11499999999976
525 42.64999999999978
526 26.664999999999768
527 35.099999999999845
528 47.144999999999754
529 42.03999999999981
530 36.259999999999756
531 45.174999999999756
532 60.11499999999971
533 54.49499999999964
534 40.05999999999986
535 49.97999999999979
536 20.05499999999996
537 26.289999999999708
538 63.20499999999972
539 39.94999999999977
540 40.01999999999981
541 46.449999999999754
542 45.059999999999704
543 32.524999999999736
544 27.674999999999805
545 40.4499999999997
546 16.274999999999753
547 27.37999999999975
548 22.38999999999984
549 40.02499999999983
550 37.489999999999895
551 37.48999999999976
552 39.99499999999972
553 47.69999999999985
554 47.69499999999972
555 52.434999999999725
556 31.864999999999718
557 36.43499999999983
558 24.204999999999753
559 21.814999999999884
560 42.15499999999975
561 32.5399999999998
562 47.614999999999796
563 22.535000000000064
564 59.334999999999745
565 49.989999999999775
566 36.369999999999685
567 24.984999999999864
568 44.89499999999978
569 40.114999999999775
570 27.169999999999753
571 45.01999999999974
572 34.09499999999993
573 32.514999999999795
574 51.98999999999973
575 32.624999999999865
576 27.51999999999987
577 44.9949999999998
578 44.619999999999756
579 45.01999999999979
580 42.49999999999979
581 50.039999999999715
582 37.549999999999784
583 59.089999999999705
584 25.954999999999707
585 67.5399999999998
586 32.52999999999985
587 37.50999999999986
588 45.079999999999764
589 75.01499999999977
590 34.084999999999695
591 31.654999999999905
592 40.05499999999976
593 45.13999999999968
594 42.484999999999815
595 51.729999999999706
596 27.61499999999982
597 66.4149999999997
598 53.86499999999971
599 31.08999999999972
600 34.93499999999977
601 52.71499999999975
602 52.539999999999694
603 27.259999999999792
604 49.9699999999998
605 22.12499999999977
606 40.1199999999998
607 49.08999999999972
608 49.544999999999725
609 62.96499999999967
610 34.38499999999975
611 42.57999999999976
612 50.03499999999972
613 32.68499999999988
614 32.53999999999978
615 47.649999999999785
616 39.8899999999998
617 44.794999999999746
618 29.72499999999974
619 37.64999999999971
620 29.76499999999993
621 39.634999999999835
622 36.82499999999971
623 22.549999999999944
624 48.98999999999973
625 42.579999999999785
626 39.56499999999971
627 32.544999999999845
628 39.96999999999975
629 40.229999999999784
630 42.58999999999983
631 57.579999999999735
632 51.7299999999997
633 17.549999999999823
634 40.0399999999998
635 28.83999999999993
636 49.96999999999974
637 49.274999999999686
638 44.254999999999725
639 63.96499999999975
640 47.60499999999974
641 54.43499999999975
642 39.40999999999987
643 58.174999999999656
644 56.53499999999966
645 35.05999999999974
646 35.609999999999765
647 46.334999999999724
648 30.014999999999837
649 36.28499999999986
650 49.9549999999997
651 51.469999999999665
652 50.12499999999975
653 56.64499999999967
654 32.494999999999784
655 46.10499999999971
656 37.404999999999845
657 52.239999999999796
658 26.924999999999947
659 52.639999999999745
660 27.48499999999978
661 47.59499999999977
662 29.844999999999835
663 37.50999999999987
664 25.059999999999864
665 37.36999999999981
666 49.87499999999975
667 44.44999999999976
668 45.00999999999982
669 35.02499999999975
670 47.434999999999704
671 56.93999999999971
672 39.76999999999975
673 32.39999999999977
674 37.49999999999984
675 42.36999999999974
676 16.884999999999952
677 72.56499999999976
678 54.48499999999985
679 45.03499999999986
680 41.724999999999795
681 27.534999999999823
682 16.894999999999964
683 37.5099999999998
684 27.474999999999877
685 42.5649999999998
686 30.129999999999782
687 20.009999999999877
688 47.48999999999981
689 55.079999999999686
690 40.054999999999744
691 14.424999999999931
692 41.99499999999974
693 70.15999999999976
694 60.109999999999715
695 51.284999999999684
696 27.56999999999977
697 45.07499999999969
698 40.2699999999997
699 48.38999999999963
700 49.78999999999974
701 32.559999999999945
702 30.19499999999989
703 32.499999999999815
704 44.8499999999997
705 25.059999999999896
706 41.90999999999982
707 39.98999999999975
708 50.0549999999997
709 36.854999999999734
710 35.11499999999977
711 55.639999999999695
712 45.089999999999804
713 67.90999999999967
714 35.09999999999977
715 47.69999999999981
716 51.90999999999975
717 29.919999999999792
718 16.779999999999834
719 55.89499999999971
720 33.609999999999765
721 19.389999999999844
722 31.99499999999978
723 37.51499999999972
724 32.644999999999825
725 42.534999999999876
726 44.41999999999975
727 72.64499999999984
728 35.06999999999971
729 57.629999999999725
730 47.45999999999972
731 17.42999999999996
732 33.62499999999983
733 17.624999999999975
734 55.139999999999766
735 44.40999999999977
736 35.05499999999975
737 27.584999999999905
738 27.459999999999916
739 17.459999999999894
740 28.84499999999974
741 39.364999999999725
742 55.35999999999958
743 68.43499999999968
744 19.9849999999999
745 37.50499999999975
746 20.029999999999813
747 34.93999999999979
748 44.97999999999977
749 26.829999999999778
750 26.84499999999975
751 50.10499999999984
752 44.73499999999979
753 41.379999999999704
754 27.53999999999978
755 32.2949999999999
756 56.489999999999725
757 24.37999999999986
758 19.87999999999984
759 50.119999999999756
760 47.459999999999766
761 65.0949999999997
762 39.9999999999998
763 30.119999999999806
764 29.129999999999896
765 37.55999999999978
766 26.599999999999756
767 27.60999999999982
768 34.20999999999978
769 25.09999999999998
770 50.23499999999971
771 24.39999999999973
772 43.489999999999775
773 14.43500000000007
774 32.21999999999991
775 44.994999999999834
776 40.02499999999979
777 32.154999999999745
778 37.579999999999785
779 42.33499999999974
780 32.56999999999977
781 47.5049999999998
782 35.029999999999774
783 47.48499999999975
784 56.57999999999971
785 40.084999999999816
786 40.094999999999835
787 50.064999999999806
788 32.50999999999984
789 45.079999999999714
790 27.574999999999875
791 35.11499999999983
792 45.03999999999974
793 41.65499999999972
794 46.96999999999972
795 27.49499999999976
796 52.07999999999969
797 57.01499999999969
798 32.504999999999896
799 24.929999999999918
800 36.819999999999894
801 58.9549999999997
802 52.579999999999856
803 30.03499999999978
804 51.549999999999706
805 39.94999999999978
806 50.06499999999972
807 73.84499999999979
808 37.51499999999981
809 24.999999999999773
810 54.56999999999977
811 27.314999999999767
812 47.53499999999976
813 31.71499999999987
814 66.92499999999968
815 46.66499999999972
816 42.534999999999755
817 34.56999999999979
818 32.80999999999978
819 47.25999999999964
820 42.55499999999975
821 24.959999999999773
822 57.9699999999996
823 56.78999999999969
824 24.95000000000002
825 29.249999999999723
826 52.32999999999977
827 42.50999999999978
828 55.00999999999974
829 54.4549999999997
830 44.47999999999977
831 44.43499999999971
832 41.73499999999974
833 42.6949999999998
834 27.629999999999946
835 42.584999999999766
836 46.34499999999975
837 36.909999999999755
838 51.85999999999975
839 41.42999999999978
840 46.424999999999685
841 43.83499999999976
842 61.05499999999977
843 42.46999999999979
844 19.904999999999806
845 58.83499999999972
846 62.63499999999976
847 32.709999999999695
848 19.294999999999757
849 55.06999999999979
850 29.98499999999983
851 34.79999999999984
852 42.49999999999975
853 38.884999999999714
854 26.939999999999777
855 41.60499999999969
856 41.07499999999968
857 52.619999999999756
858 48.83999999999971
859 54.18499999999974
860 32.91999999999979
861 14.704999999999945
862 44.164999999999736
863 56.21499999999983
864 27.574999999999786
865 17.469999999999764
866 31.824999999999868
867 45.05499999999978
868 36.64499999999975
869 37.634999999999906
870 25.07999999999993
871 32.47499999999978
872 46.349999999999774
873 30.024999999999796
874 40.49499999999975
875 32.36499999999981
876 35.03999999999979
877 39.939999999999735
878 30.024999999999764
879 34.96999999999978
880 45.09999999999976
881 37.58499999999972
882 28.439999999999795
883 28.539999999999804
884 42.519999999999776
885 24.999999999999833
886 25.169999999999906
887 25.10999999999978
888 47.61999999999975
889 52.61999999999978
890 47.654999999999795
891 36.29499999999976
892 37.659999999999805
893 30.029999999999816
894 51.03999999999969
895 22.529999999999927
896 30.144999999999786
897 32.48999999999984
898 35.6149999999997
899 30.024999999999846
900 47.69999999999971
901 52.78999999999968
902 53.3549999999998
903 45.04499999999978
904 19.084999999999763
905 34.96499999999972
906 49.40499999999975
907 32.45999999999991
908 48.39499999999968
909 40.39499999999972
910 44.98999999999979
911 39.274999999999714
912 62.64999999999965
913 46.89499999999981
914 42.59999999999982
915 40.00999999999979
916 50.09999999999974
917 29.94499999999983
918 39.90999999999976
919 41.299999999999756
920 44.43999999999979
921 27.45999999999983
922 37.189999999999706
923 19.994999999999816
924 40.12999999999969
925 42.604999999999805
926 19.9799999999998
927 27.44999999999977
928 34.71499999999982
929 40.164999999999765
930 31.429999999999854
931 46.8899999999998
932 67.65999999999977
933 35.09999999999973
934 14.124999999999929
935 63.37499999999982
936 47.57499999999977
937 39.38999999999971
938 47.5749999999998
939 15.024999999999803
940 45.084999999999766
941 27.01999999999993
942 30.014999999999766
943 45.06499999999986
944 40.05499999999979
945 38.674999999999734
946 35.00999999999981
947 50.134999999999756
948 27.614999999999807
949 30.049999999999862
950 40.924999999999734
951 24.54999999999989
952 42.51999999999977
953 37.66999999999979
954 51.37499999999971
955 32.34499999999979
956 35.094999999999764
957 27.519999999999914
958 73.75499999999965
959 32.44999999999975
960 24.944999999999826
961 37.50999999999976
962 25.024999999999913
963 30.219999999999803
964 55.49499999999968
965 42.45499999999979
966 52.01999999999979
967 27.584999999999802
968 37.51499999999977
969 29.124999999999723
970 35.04999999999974
971 41.14999999999977
972 35.01999999999972
973 32.48999999999991
974 55.1299999999997
975 32.35999999999978
976 22.584999999999845
977 41.984999999999715
978 37.59499999999977
979 40.124999999999794
980 39.904999999999845
981 11.840000000000032
982 29.909999999999854
983 70.17999999999984
984 49.569999999999716
985 17.505000000000035
986 32.61499999999976
987 54.669999999999746
988 57.644999999999605
989 27.564999999999902
990 47.599999999999746
991 24.974999999999813
992 32.59999999999987
993 37.549999999999756
994 32.424999999999805
995 40.07499999999982
996 47.54499999999978
997 40.04999999999976
998 32.56999999999985
999 42.0799999999998
1000 44.24499999999979
1001 52.27999999999979
1002 40.079999999999814
1003 39.29499999999973
1004 20.11999999999995
1005 45.00999999999978
1006 40.084999999999745
1007 44.21499999999973
1008 69.28999999999974
1009 50.13499999999967
1010 40.07999999999983
1011 54.609999999999765
1012 32.039999999999814
1013 39.069999999999716
1014 53.809999999999675
1015 34.99999999999974
1016 39.90999999999981
1017 33.25999999999992
1018 29.924999999999745
1019 32.57499999999973
1020 34.98499999999972
1021 37.58499999999978
1022 37.524999999999835
1023 52.70999999999976
1024 36.80999999999975
1025 37.6449999999998
1026 42.6299999999997
1027 60.02999999999973
1028 47.65999999999972
1029 29.489999999999807
1030 36.72499999999984
1031 25.079999999999764
1032 44.564999999999756
1033 40.11499999999979
1034 54.11499999999968
1035 32.6049999999999
1036 52.519999999999804
1037 42.63499999999977
1038 52.32499999999975
1039 45.129999999999754
1040 56.45999999999961
1041 34.99999999999977
1042 50.259999999999785
1043 22.449999999999758
1044 45.0349999999998
1045 34.909999999999805
1046 39.279999999999745
1047 30.094999999999754
1048 50.22499999999974
1049 57.00499999999971
1050 41.644999999999776
1051 37.55999999999976
1052 34.889999999999766
1053 50.00999999999971
1054 17.529999999999884
1055 32.10499999999981
1056 37.539999999999786
1057 17.579999999999846
1058 32.58999999999976
1059 32.59499999999978
1060 35.179999999999836
1061 42.57999999999975
1062 45.00999999999975
1063 40.00999999999976
1064 27.46499999999996
1065 22.564999999999788
1066 39.08499999999984
1067 40.03499999999977
1068 42.58499999999979
1069 35.029999999999724
1070 32.51999999999973
1071 26.92499999999995
1072 35.04999999999977
1073 40.06499999999979
1074 42.40499999999974
1075 39.904999999999745
1076 65.05499999999972
1077 34.369999999999806
1078 37.594999999999786
1079 37.514999999999816
1080 30.059999999999956
1081 44.95999999999975
1082 26.834999999999834
1083 29.339999999999783
1084 29.234999999999843
1085 43.81499999999978
1086 29.02499999999974
1087 39.74499999999985
1088 58.974999999999696
1089 35.134999999999785
1090 40.0399999999998
1091 42.53999999999993
1092 34.79999999999973
1093 25.0149999999999
1094 41.05499999999966
1095 27.21999999999993
1096 39.374999999999716
1097 48.77999999999969
1098 68.10999999999966
1099 26.52499999999972
1100 14.86000000000002
1101 24.98499999999981
1102 37.609999999999815
1103 46.16499999999966
1104 29.994999999999976
1105 45.12999999999979
1106 45.1649999999997
1107 36.62499999999979
1108 27.259999999999813
1109 27.4599999999998
1110 30.019999999999804
1111 40.01999999999987
1112 32.54999999999985
1113 41.93499999999978
1114 47.699999999999775
1115 36.289999999999935
1116 60.90499999999973
1117 57.49499999999973
1118 45.21999999999977
1119 40.02999999999969
1120 37.05499999999982
1121 51.1199999999997
1122 35.56999999999976
1123 36.879999999999754
1124 44.93499999999975
1125 39.454999999999785
1126 52.59999999999977
1127 37.58999999999985
1128 53.344999999999835
1129 54.10499999999972
1130 52.09499999999972
1131 34.94499999999977
1132 47.01499999999974
1133 42.66999999999977
1134 47.68499999999985
1135 37.5699999999998
1136 56.54499999999968
1137 35.0099999999998
1138 34.824999999999804
1139 29.029999999999806
1140 48.59499999999971
1141 37.53499999999974
1142 35.02999999999988
1143 72.91999999999966
1144 30.104999999999812
1145 42.61999999999978
1146 36.11999999999981
1147 37.60999999999978
1148 37.59999999999986
1149 42.41999999999985
1150 37.62999999999979
1151 34.674999999999734
1152 47.43499999999972
1153 46.98499999999969
1154 42.51499999999976
1155 37.47999999999974
1156 47.53999999999982
1157 43.92499999999977
1158 49.57499999999974
1159 42.569999999999794
1160 27.60499999999986
1161 22.159999999999926
1162 30.049999999999816
1163 35.0999999999998
1164 42.564999999999785
1165 54.00999999999964
1166 34.909999999999926
1167 26.72499999999979
1168 43.99999999999976
1169 47.509999999999756
1170 40.124999999999694
1171 37.58999999999979
1172 59.614999999999874
1173 41.74499999999972
1174 54.444999999999695
1175 39.744999999999784
1176 44.99999999999977
1177 31.12999999999967
1178 45.14999999999979
1179 42.524999999999785
1180 25.094999999999818
1181 58.624999999999744
1182 55.849999999999646
1183 29.889999999999812
1184 21.359999999999843
1185 57.71999999999976
1186 50.13499999999975
1187 25.00999999999984
1188 53.24999999999961
1189 37.494999999999784
1190 46.36999999999973
1191 52.579999999999735
1192 40.034999999999734
1193 22.239999999999835
1194 37.49499999999977
1195 24.934999999999896
1196 47.364999999999775
1197 37.6249999999998
1198 26.83499999999972
1199 47.429999999999765
1200 72.63999999999979
1201 52.5599999999998
1202 29.824999999999843
1203 17.464999999999783
1204 44.93499999999977
1205 25.094999999999768
1206 50.05499999999979
1207 40.12999999999985
1208 22.494999999999877
1209 60.08999999999977
1210 64.32999999999973
1211 42.21499999999963
1212 44.799999999999756
1213 47.59499999999985
1214 58.62999999999967
1215 45.064999999999735
1216 45.02999999999976
1217 26.52499999999984
1218 63.49999999999973
1219 42.33999999999974
1220 29.384999999999753
1221 25.129999999999782
1222 29.999999999999655
1223 46.389999999999716
1224 58.28999999999967
1225 38.89999999999972
1226 31.724999999999756
1227 42.55999999999975
1228 60.16999999999971
1229 50.03499999999977
1230 17.51000000000005
1231 32.68499999999988
1232 39.984999999999786
1233 39.37999999999977
1234 22.579999999999753
1235 25.089999999999776
1236 42.50999999999977
1237 49.02999999999969
1238 53.649999999999714
1239 22.469999999999768
1240 37.23499999999969
1241 31.639999999999738
1242 47.56999999999974
1243 50.96999999999981
1244 50.054999999999744
1245 39.31499999999974
1246 29.22999999999979
1247 35.10999999999986
1248 42.58999999999978
1249 22.564999999999802
1250 35.0949999999998
1251 46.50999999999978
1252 40.06999999999979
1253 39.38999999999985
1254 17.5999999999998
1255 47.01499999999978
1256 38.4699999999999
1257 40.13499999999975
1258 43.42999999999971
1259 47.01499999999978
1260 27.384999999999746
1261 40.02499999999976
1262 45.05499999999977
1263 42.46999999999976
1264 30.0449999999998
1265 17.364999999999856
1266 60.91999999999972
1267 54.9949999999998
1268 32.4849999999998
1269 59.34499999999969
1270 30.924999999999844
1271 17.550000000000015
1272 36.424999999999756
1273 41.83499999999977
1274 47.644999999999705
1275 16.934999999999956
1276 39.519999999999726
1277 24.469999999999832
1278 32.64999999999975
1279 22.36999999999982
1280 47.74999999999981
1281 26.949999999999747
1282 30.01999999999986
1283 30.059999999999803
1284 42.46499999999977
1285 41.974999999999795
1286 41.98499999999977
1287 38.90499999999984
1288 45.11499999999968
1289 34.86999999999987
1290 30.0599999999999
1291 45.18499999999978
1292 58.264999999999716
1293 14.894999999999897
1294 31.854999999999876
1295 52.744999999999784
1296 44.4449999999997
1297 41.404999999999745
1298 27.47499999999986
1299 57.709999999999695
1300 48.239999999999796
1301 47.219999999999736
1302 41.414999999999814
1303 42.54999999999972
1304 36.6199999999998
1305 45.06999999999973
1306 48.68499999999985
1307 38.98999999999974
1308 39.06499999999974
1309 29.45499999999986
1310 49.809999999999846
1311 37.53499999999979
1312 27.574999999999804
1313 52.519999999999754
1314 42.54499999999973
1315 49.524999999999736
1316 27.509999999999856
1317 55.064999999999735
1318 20.08499999999974
1319 37.544999999999725
1320 40.0099999999998
1321 37.5249999999998
1322 27.644999999999907
1323 50.15499999999967
1324 31.65499999999981
1325 37.6349999999998
1326 43.48999999999979
1327 42.46999999999981
1328 41.864999999999725
1329 27.484999999999758
1330 35.06999999999979
1331 34.80999999999977
1332 34.98999999999977
1333 24.964999999999783
1334 24.989999999999785
1335 40.149999999999835
1336 39.62499999999978
1337 48.14999999999967
1338 57.449999999999676
1339 47.529999999999745
1340 50.094999999999764
1341 47.59999999999981
1342 37.62999999999977
1343 35.124999999999766
1344 45.83999999999969
1345 34.294999999999845
1346 22.599999999999845
1347 42.034999999999705
1348 56.83499999999971
1349 34.47499999999976
1350 79.62999999999974
1351 52.64999999999977
1352 42.4499999999998
1353 54.46999999999975
1354 25.13499999999983
1355 29.269999999999786
1356 27.654999999999845
1357 32.489999999999796
1358 32.65499999999974
1359 32.479999999999826
1360 45.49999999999974
1361 34.97999999999986
1362 31.874999999999797
1363 60.724999999999675
1364 34.50499999999981
1365 35.54499999999977
1366 36.66499999999974
1367 19.944999999999773
1368 36.239999999999824
1369 44.46499999999974
1370 39.144999999999754
1371 30.049999999999773
1372 55.01999999999981
1373 22.449999999999786
1374 53.63499999999972
1375 40.149999999999785
1376 39.53499999999983
1377 32.509999999999806
1378 44.30999999999975
1379 52.60999999999974
1380 47.61499999999975
1381 24.969999999999796
1382 51.0999999999997
1383 32.59999999999988
1384 45.04999999999982
1385 37.59499999999979
1386 54.479999999999684
1387 27.48999999999985
1388 65.28499999999968
1389 38.929999999999765
1390 34.95499999999986
1391 60.04999999999974
1392 32.494999999999834
1393 37.434999999999675
1394 60.10999999999978
1395 47.669999999999725
1396 35.039999999999814
1397 60.14999999999978
1398 37.45499999999975
1399 62.689999999999735
1400 19.979999999999798
1401 50.06999999999972
1402 48.3549999999997
1403 22.42499999999979
1404 59.8749999999998
1405 19.994999999999784
1406 30.149999999999817
1407 49.91499999999974
1408 37.499999999999766
1409 37.6299999999998
1410 32.5549999999998
1411 54.56499999999974
1412 36.28499999999976
1413 37.34499999999976
1414 32.469999999999786
1415 43.76499999999985
1416 57.62999999999979
1417 45.18499999999982
1418 46.994999999999806
1419 30.004999999999825
1420 12.445000000000055
1421 34.489999999999775
1422 27.564999999999788
1423 37.419999999999746
1424 39.82999999999972
1425 38.904999999999724
1426 37.58499999999977
1427 27.529999999999784
1428 39.804999999999765
1429 61.854999999999706
1430 38.759999999999756
1431 51.74499999999976
1432 39.179999999999794
1433 22.539999999999846
1434 47.66499999999979
1435 49.26499999999963
1436 42.68499999999974
1437 47.64999999999977
1438 40.104999999999805
1439 39.89999999999975
1440 34.51499999999981
1441 22.449999999999903
1442 46.31999999999976
1443 44.75499999999977
1444 45.064999999999756
1445 54.49999999999969
1446 22.269999999999904
1447 30.189999999999795
1448 47.364999999999746
1449 52.62999999999973
1450 47.404999999999724
1451 38.82499999999983
1452 61.76999999999973
1453 27.559999999999754
1454 47.23999999999974
1455 45.12499999999976
1456 57.674999999999685
1457 39.46499999999976
1458 45.07999999999977
1459 56.09999999999968
1460 37.569999999999844
1461 47.684999999999754
1462 30.06499999999985
1463 39.964999999999705
1464 37.58499999999977
1465 30.079999999999778
1466 28.269999999999875
1467 31.904999999999845
1468 32.39999999999995
1469 30.099999999999834
1470 36.48499999999974
1471 32.584999999999766
1472 41.664999999999715
1473 42.53999999999986
1474 32.36499999999975
1475 37.57999999999972
1476 44.319999999999816
1477 34.399999999999785
1478 51.614999999999746
1479 42.21999999999973
1480 25.004999999999754
1481 29.38999999999978
1482 37.61499999999986
1483 45.04999999999977
1484 42.58999999999982
1485 47.1299999999997
1486 37.57499999999984
1487 21.20499999999986
1488 22.504999999999736
1489 55.05999999999972
1490 52.524999999999686
1491 47.55999999999973
1492 32.40499999999978
1493 30.034999999999826
1494 49.47999999999977
1495 46.10999999999972
1496 35.049999999999834
1497 47.50999999999979
1498 28.689999999999785
1499 24.62499999999994
1500 29.834999999999816
1501 22.024999999999846
1502 34.334999999999795
1503 56.47999999999976
1504 44.21499999999977
1505 37.279999999999745
1506 40.09499999999973
1507 39.44499999999981
1508 48.874999999999815
1509 47.67999999999972
1510 34.63499999999976
1511 42.509999999999785
1512 42.55499999999977
1513 35.15999999999984
1514 35.094999999999786
1515 37.48499999999972
1516 39.98999999999977
1517 37.55499999999975
1518 37.47999999999979
1519 43.77999999999976
1520 49.99999999999983
1521 38.85999999999977
1522 40.11499999999973
1523 29.90499999999978
1524 38.83999999999975
1525 30.010000000000016
1526 26.874999999999858
1527 44.799999999999656
1528 52.49999999999972
1529 22.309999999999658
1530 52.72999999999976
1531 39.58499999999987
1532 39.63999999999975
1533 60.06499999999979
1534 22.195
1535 30.034999999999815
1536 27.449999999999996
1537 38.829999999999686
1538 41.82499999999982
1539 37.419999999999725
1540 22.504999999999846
1541 14.98999999999977
1542 30.049999999999812
1543 34.46499999999992
1544 44.994999999999735
1545 36.05499999999976
1546 49.17499999999971
1547 34.67999999999974
1548 25.089999999999826
1549 42.6799999999998
1550 49.02999999999976
1551 48.989999999999725
1552 45.11499999999974
1553 30.88999999999983
1554 30.05999999999982
1555 37.644999999999825
1556 27.499999999999787
1557 41.23499999999978
1558 50.17999999999973
1559 24.99999999999976
1560 41.51999999999974
1561 27.50499999999985
1562 30.074999999999786
1563 45.17499999999974
1564 22.579999999999878
1565 54.21499999999971
1566 12.449999999999903
1567 54.5499999999997
1568 42.60999999999978
1569 55.164999999999765
1570 56.27999999999964
1571 25.019999999999982
1572 40.09499999999977
1573 12.489999999999819
1574 22.55499999999977
1575 54.61999999999966
1576 34.04499999999969
1577 42.5799999999998
1578 50.07499999999983
1579 24.939999999999806
1580 35.00499999999981
1581 45.034999999999826
1582 22.569999999999805
1583 45.85499999999968
1584 23.874999999999883
1585 36.97999999999974
1586 49.614999999999746
1587 39.93499999999984
1588 39.79499999999977
1589 42.414999999999814
1590 53.95999999999974
1591 19.944999999999784
1592 32.63999999999976
1593 50.05999999999977
1594 47.48999999999979
1595 40.16999999999982
1596 22.559999999999725
1597 52.49499999999979
1598 33.479999999999826
1599 66.12999999999971
1600 62.67999999999973
1601 53.904999999999745
1602 37.399999999999814
1603 59.239999999999725
1604 35.03999999999981
1605 42.52499999999987
1606 35.08499999999995
1607 51.78999999999975
1608 29.944999999999744
1609 32.309999999999775
1610 46.054999999999666
1611 36.614999999999846
1612 24.574999999999854
1613 27.55499999999982
1614 36.894999999999776
1615 51.76999999999971
1616 30.959999999999727
1617 40.01499999999973
1618 46.18499999999971
1619 45.09999999999979
1620 32.519999999999804
1621 34.21999999999982
1622 30.054999999999755
1623 26.98999999999983
1624 26.85999999999976
1625 44.879999999999754
1626 49.77999999999976
1627 39.46499999999983
1628 25.02499999999991
1629 37.5099999999998
1630 47.579999999999714
1631 37.59499999999984
1632 40.12999999999981
1633 49.61999999999967
1634 54.18999999999966
1635 37.549999999999756
1636 44.58499999999972
1637 19.854999999999748
1638 22.50499999999981
1639 46.699999999999754
1640 35.039999999999836
1641 52.9349999999997
1642 38.704999999999785
1643 45.134999999999735
1644 37.464999999999726
1645 52.62999999999983
1646 36.32499999999988
1647 61.38499999999973
1648 39.349999999999724
1649 58.05999999999971
1650 32.51999999999984
1651 34.59999999999976
1652 30.50999999999992
1653 52.35999999999971
1654 35.084999999999866
1655 35.05499999999987
1656 37.56499999999982
1657 31.36499999999985
1658 62.65499999999973
1659 49.579999999999785
1660 47.639999999999866
1661 37.574999999999775
1662 50.014999999999766
1663 55.01999999999971
1664 50.07499999999977
1665 44.444999999999695
1666 35.17999999999975
1667 27.424999999999816
1668 22.21499999999993
1669 37.56499999999975
1670 47.579999999999814
1671 35.259999999999756
1672 55.0949999999998
1673 59.15499999999976
1674 32.55999999999989
1675 33.794999999999774
1676 58.95999999999974
1677 37.52499999999978
1678 24.944999999999826
1679 53.519999999999676
1680 34.984999999999765
1681 37.5349999999997
1682 39.52499999999974
1683 37.464999999999726
1684 52.64499999999976
1685 32.454999999999785
1686 28.719999999999782
1687 47.62499999999979
1688 47.2649999999998
1689 27.59999999999981
1690 50.184999999999675
1691 35.0699999999997
1692 34.92999999999981
1693 42.574999999999804
1694 22.259999999999824
1695 50.01999999999985
1696 40.19499999999984
1697 29.669999999999845
1698 34.98999999999985
1699 41.94999999999976
1700 17.630000000000024
1701 37.44999999999978
1702 52.57999999999974
1703 67.71499999999963
1704 32.50999999999989
1705 41.96499999999976
1706 22.274999999999746
1707 22.569999999999915
1708 37.499999999999744
1709 17.479999999999787
1710 52.60499999999977
1711 45.02499999999976
1712 46.92999999999975
1713 62.01999999999975
1714 27.494999999999795
1715 52.54499999999985
1716 46.08499999999974
1717 46.884999999999756
1718 34.94499999999978
1719 49.54499999999966
1720 39.534999999999734
1721 25.11999999999996
1722 48.54499999999974
1723 29.124999999999773
1724 55.009999999999756
1725 22.490000000000016
1726 50.11499999999974
1727 37.664999999999715
1728 72.70499999999969
1729 42.654999999999845
1730 35.09499999999973
1731 46.08999999999965
1732 67.61999999999969
1733 37.599999999999774
1734 42.694999999999766
1735 30.044999999999863
1736 61.21999999999969
1737 35.06999999999981
1738 35.09499999999988
1739 45.024999999999785
1740 24.649999999999828
1741 37.58999999999977
1742 32.569999999999816
1743 61.97999999999974
1744 38.449999999999775
1745 31.049999999999812
1746 42.68999999999978
1747 42.624999999999794
1748 32.59499999999976
1749 22.489999999999906
1750 63.949999999999775
1751 32.67999999999981
1752 50.70999999999974
1753 42.449999999999775
1754 39.234999999999836
1755 32.489999999999775
1756 37.1549999999997
1757 30.64999999999971
1758 40.13999999999978
1759 32.49999999999974
1760 60.15499999999979
1761 44.29499999999979
1762 42.54999999999984
1763 34.104999999999784
1764 31.854999999999748
1765 54.574999999999754
1766 37.58499999999974
1767 37.54999999999987
1768 32.4549999999998
1769 42.92499999999966
1770 14.86999999999987
1771 17.489999999999846
1772 30.074999999999754
1773 55.26999999999976
1774 29.9699999999998
1775 22.569999999999922
1776 50.859999999999665
1777 37.4899999999998
1778 40.119999999999806
1779 53.494999999999706
1780 45.004999999999676
1781 32.47999999999983
1782 27.409999999999833
1783 44.65999999999974
1784 27.584999999999994
1785 37.52999999999982
1786 51.194999999999744
1787 49.47999999999976
1788 35.16499999999982
1789 32.57999999999987
1790 34.359999999999935
1791 32.33999999999966
1792 42.519999999999754
1793 52.429999999999744
1794 38.639999999999816
1795 35.08999999999978
1796 32.56999999999983
1797 37.41499999999978
1798 48.3499999999997
1799 34.99499999999975
1800 51.18499999999971
1801 37.65999999999979
1802 40.549999999999756
1803 36.954999999999785
1804 52.559999999999775
1805 29.89999999999974
1806 32.574999999999804
1807 40.10499999999978
1808 14.899999999999894
1809 35.00999999999977
1810 51.019999999999726
1811 41.6349999999997
1812 30.08499999999979
1813 31.3899999999998
1814 45.204999999999735
1815 29.939999999999802
1816 27.714999999999847
1817 45.03999999999979
1818 25.08499999999983
1819 40.01499999999983
1820 40.01999999999977
1821 34.59499999999978
1822 46.51499999999978
1823 25.964999999999762
1824 37.59499999999976
1825 44.284999999999755
1826 37.46999999999975
1827 40.09499999999987
1828 46.919999999999646
1829 52.579999999999735
1830 66.66499999999961
1831 40.10499999999981
1832 37.58499999999973
1833 41.7599999999997
1834 22.554999999999872
1835 49.34499999999972
1836 52.70999999999974
1837 34.504999999999654
1838 51.559999999999754
1839 34.414999999999736
1840 37.564999999999735
1841 37.63999999999973
1842 44.38999999999979
1843 27.824999999999797
1844 38.77999999999974
1845 58.94499999999966
1846 45.21499999999976
1847 36.96999999999977
1848 49.46999999999974
1849 32.50499999999976
1850 24.78499999999986
1851 47.679999999999794
1852 46.9749999999997
1853 35.17999999999988
1854 45.69499999999974
1855 31.589999999999744
1856 32.39499999999983
1857 39.4049999999998
1858 14.995000000000005
1859 30.09499999999977
1860 37.33999999999981
1861 51.75999999999969
1862 32.564999999999806
1863 20.01499999999998
1864 50.16999999999974
1865 49.41999999999976
1866 65.21499999999975
1867 22.294999999999852
1868 27.454999999999732
1869 37.6649999999998
1870 42.59499999999975
1871 56.82499999999971
1872 29.664999999999793
1873 37.48499999999977
1874 55.67999999999969
1875 34.39999999999973
1876 40.05499999999981
1877 37.029999999999774
1878 39.99499999999979
1879 34.084999999999795
1880 37.52999999999983
1881 32.26499999999981
1882 44.039999999999715
1883 37.49999999999978
1884 19.764999999999798
1885 55.1149999999997
1886 39.944999999999794
1887 34.99999999999978
1888 52.69499999999974
1889 36.45499999999972
1890 30.144999999999865
1891 35.00999999999978
1892 40.07499999999984
1893 39.819999999999766
1894 32.44999999999991
1895 35.14999999999977
1896 29.689999999999948
1897 39.14499999999969
1898 50.09499999999974
1899 38.76499999999975
1900 12.559999999999928
1901 47.6149999999997
1902 42.51999999999976
1903 27.55499999999982
1904 37.149999999999835
1905 42.47999999999978
1906 42.56999999999979
1907 52.559999999999725
1908 35.86499999999968
1909 34.864999999999775
1910 39.51999999999976
1911 54.87999999999966
1912 37.59999999999979
1913 35.1599999999998
1914 46.81499999999977
1915 52.28999999999978
1916 32.704999999999764
1917 35.13999999999977
1918 37.61499999999978
1919 30.069999999999833
1920 30.03499999999978
1921 27.569999999999894
1922 46.779999999999724
1923 51.6049999999997
1924 46.704999999999735
1925 32.45999999999984
1926 37.034999999999734
1927 32.52499999999992
1928 32.49499999999976
1929 57.31499999999974
1930 92.95499999999966
1931 47.54999999999979
1932 43.109999999999744
1933 37.53999999999977
1934 34.98999999999972
1935 30.06499999999982
1936 48.234999999999765
1937 32.55999999999981
1938 19.935
1939 45.03499999999976
1940 43.704999999999764
1941 29.98499999999979
1942 76.02999999999976
1943 41.844999999999764
1944 67.66999999999976
1945 27.544999999999895
1946 44.93499999999977
1947 42.554999999999794
1948 40.00999999999978
1949 29.95999999999983
1950 65.17499999999976
1951 15.029999999999855
1952 38.82499999999967
1953 42.459999999999766
1954 47.02999999999973
1955 52.609999999999694
1956 61.5449999999996
1957 37.50499999999977
1958 46.864999999999725
1959 42.57999999999974
1960 24.94499999999977
1961 24.86499999999987
1962 36.26999999999974
1963 43.13499999999973
1964 58.79999999999965
1965 27.46499999999991
1966 40.06999999999974
1967 32.5649999999998
1968 50.88499999999975
1969 30.029999999999806
1970 27.544999999999895
1971 22.47499999999985
1972 32.57999999999978
1973 29.984999999999843
1974 59.53499999999975
1975 48.539999999999694
1976 49.95999999999975
1977 29.704999999999792
1978 52.59999999999973
1979 19.459999999999766
1980 35.0099999999999
1981 27.544999999999813
1982 24.379999999999725
1983 37.36999999999967
1984 51.13999999999965
1985 34.10999999999985
1986 29.35499999999975
1987 50.07499999999974
1988 36.88499999999973
1989 22.304999999999882
1990 62.01499999999973
1991 24.92999999999975
1992 37.439999999999756
1993 43.6349999999997
1994 15.044999999999778
1995 27.47999999999986
1996 37.444999999999794
1997 50.194999999999695
1998 51.94499999999969
1999 35.959999999999674
5249.912069797516
