0 -8.08
1 -7.74
2 -8.84
3 -7.74
4 -7.63
5 -5.28
6 -7.71
7 -7.79
8 -7.73
9 -7.68
10 -13.32
11 -7.97
12 -7.56
13 -7.69
14 -7.67
15 -8.23
16 -7.89
17 -5.03
18 -8.07
19 -8.28
20 -7.81
21 -7.62
22 -5.89
23 -8.42
24 -7.68
25 -7.54
26 -5.58
27 -8.05
28 -7.64
29 -8.01
30 -7.67
31 -7.78
32 -7.61
33 -7.64
34 -7.65
35 -5.56
36 -7.67
37 -7.70
38 -7.56
39 -7.52
40 -7.77
41 -7.71
42 -7.71
43 -8.12
44 -8.66
45 -7.44
46 -7.99
47 -7.88
48 -7.73
49 -7.53
50 -8.07
51 -8.15
52 -7.65
53 -7.52
54 -7.79
55 -7.54
56 -8.52
57 -7.71
58 -7.77
59 -7.72
60 -5.11
61 -7.71
62 -8.34
63 -7.66
64 -7.68
65 -7.58
66 -7.80
67 -7.68
68 -7.71
69 -7.83
70 -8.48
71 -7.68
72 -7.49
73 -8.41
74 -7.75
75 -7.70
76 -7.86
77 -7.80
78 -6.10
79 -7.71
80 -8.02
81 -7.53
82 -8.31
83 -8.06
84 -8.27
85 -7.64
86 -7.70
87 -8.12
88 -7.65
89 -8.70
90 -7.73
91 -7.56
92 -7.88
93 -8.90
94 -7.65
95 -7.71
96 -5.02
97 -7.53
98 -7.75
99 -8.35
100 -7.86
101 -7.52
102 -7.72
103 -7.79
104 -5.06
105 -7.67
106 -7.76
107 -8.22
108 -7.72
109 -7.62
110 -7.75
111 -7.57
112 -8.20
113 -7.66
114 -7.51
115 -7.58
116 -5.29
117 -7.58
118 -7.71
119 -8.27
120 -8.66
121 -7.62
122 -7.67
123 -7.67
124 -7.70
125 -7.72
126 -6.62
127 -8.24
128 -7.65
129 -7.66
130 -5.25
131 -7.60
132 -8.68
133 -7.62
134 -7.63
135 -7.71
136 -7.72
137 -7.89
138 -7.78
139 -8.88
140 -7.57
141 -6.16
142 -7.60
143 -7.76
144 -7.84
145 -2.44
146 -8.13
147 -7.93
148 -8.44
149 -7.72
150 -7.61
151 -7.99
152 -7.85
153 -7.74
154 -8.52
155 -7.70
156 -7.57
157 -7.69
158 -8.02
159 -7.61
160 -7.62
161 -8.77
162 -7.99
163 -5.18
164 -7.72
165 -8.30
166 -5.01
167 -7.80
168 -8.07
169 -7.71
170 -7.68
171 -7.80
172 -7.65
173 -7.84
174 -7.71
175 -7.75
176 -8.05
177 -5.09
178 -5.12
179 -5.22
180 -7.74
181 -7.60
182 -8.06
183 -7.77
184 -7.69
185 -7.85
186 -5.13
187 -7.89
188 -7.92
189 -7.62
190 -8.12
191 -5.32
192 -8.43
193 -7.60
194 -5.13
195 -8.01
196 -8.07
197 -7.55
198 -8.23
199 -7.71
200 -8.33
201 -5.28
202 -8.63
203 -7.55
204 -7.78
205 -7.68
206 -7.66
207 -7.62
208 -8.55
209 -8.58
210 -6.27
211 -8.70
212 -8.34
213 -7.57
214 -7.70
215 -7.60
216 -7.69
217 -5.13
218 -7.72
219 -7.48
220 -7.39
221 -8.53
222 -7.50
223 -8.77
224 -7.82
225 -7.59
226 -7.64
227 -7.79
228 -5.15
229 -7.62
230 -8.42
231 -7.65
232 -8.64
233 -8.67
234 -7.78
235 -7.76
236 -8.06
237 -8.75
238 -5.23
239 -7.65
240 -8.23
241 -5.10
242 -7.76
243 -7.55
244 -7.74
245 -7.70
246 -2.93
247 -7.72
248 -8.37
249 -7.62
250 -7.63
251 -7.59
252 -7.72
253 -8.13
254 -8.16
255 -8.06
256 -7.66
257 -8.23
258 -7.76
259 -8.24
260 -8.11
261 -7.76
262 -7.85
263 -7.53
264 -7.69
265 -7.75
266 -8.07
267 -8.25
268 -7.67
269 -7.66
270 -7.79
271 -7.87
272 -7.78
273 -8.01
274 -5.54
275 -7.61
276 -5.56
277 -7.71
278 -7.86
279 -5.13
280 -7.71
281 -8.81
282 -8.03
283 -7.68
284 -3.09
285 -8.01
286 -7.64
287 -8.41
288 -8.59
289 -8.05
290 -8.26
291 -8.98
292 -8.11
293 -7.57
294 -7.68
295 -8.03
296 -7.78
297 -7.60
298 -7.76
299 -5.23
300 -8.00
301 -8.35
302 -27.46
303 -7.68
304 -7.57
305 -7.75
306 -8.17
307 -2.90
308 -5.22
309 -7.63
310 -7.77
311 -7.64
312 -7.86
313 -7.52
314 -7.63
315 -5.64
316 -7.72
317 -7.62
318 -5.23
319 -7.66
320 -7.63
321 -7.67
322 -8.75
323 -7.62
324 -5.14
325 -8.12
326 -8.27
327 -8.30
328 -7.90
329 -8.27
330 -8.65
331 -5.09
332 -7.61
333 -14.91
334 -7.59
335 -7.75
336 -5.20
337 -7.64
338 -7.66
339 -7.66
340 -8.09
341 -7.70
342 -8.12
343 -7.99
344 -7.62
345 -8.34
346 -7.72
347 -7.70
348 -7.66
349 -8.21
350 -8.37
351 -7.62
352 -7.98
353 -7.56
354 -7.72
355 -8.16
356 -11.92
357 -7.72
358 -8.23
359 -5.69
360 -7.70
361 -8.10
362 -7.60
363 -7.90
364 -7.71
365 -8.14
366 -7.73
367 -7.98
368 -8.27
369 -7.70
370 -9.06
371 -7.76
372 -7.64
373 -5.12
374 -7.81
375 -8.15
376 -7.82
377 -7.64
378 -8.08
379 -8.41
380 -7.57
381 -7.56
382 -7.63
383 -8.13
384 -7.62
385 -7.84
386 -5.21
387 -7.63
388 -7.76
389 -7.82
390 -8.01
391 -7.57
392 -5.27
393 -7.83
394 -7.73
395 -7.65
396 -7.56
397 -7.68
398 -7.78
399 -5.06
400 -7.56
401 -7.62
402 -8.27
403 -7.59
404 -8.05
405 -8.20
406 -7.76
407 -7.64
408 -9.08
409 -8.03
410 -7.72
411 -7.70
412 -7.60
413 -8.69
414 -8.41
415 -7.69
416 -7.69
417 -5.19
418 -7.74
419 -7.62
420 -8.04
421 -7.99
422 -7.63
423 -7.79
424 -8.05
425 -7.61
426 -7.63
427 -7.72
428 -8.74
429 -7.66
430 -5.60
431 -7.75
432 -7.99
433 -7.67
434 -7.71
435 -8.16
436 -8.05
437 -9.10
438 -7.67
439 -7.78
440 -5.78
441 -7.73
442 -7.64
443 -5.59
444 -8.11
445 -8.25
446 -7.74
447 -8.08
448 -8.14
449 -7.76
450 -7.45
451 -7.61
452 -7.65
453 -8.04
454 -7.75
455 -8.03
456 -7.73
457 -7.67
458 -7.60
459 -8.37
460 -8.01
461 -7.67
462 -7.72
463 -7.61
464 -7.84
465 -8.25
466 -7.74
467 -8.61
468 -8.70
469 -7.63
470 -7.67
471 -8.74
472 -7.74
473 -7.67
474 -8.43
475 -8.07
476 -8.33
477 -8.19
478 -7.45
479 -8.23
480 -7.81
481 -7.60
482 -8.05
483 -7.72
484 -7.92
485 -7.84
486 -7.77
487 -7.53
488 -7.80
489 -7.68
490 -7.52
491 -7.65
492 -7.69
493 -8.16
494 -7.77
495 -7.73
496 -8.05
497 -7.70
498 -7.68
499 -8.10
500 -8.14
501 -7.54
502 -7.58
503 -8.02
504 -8.15
505 -7.84
506 -7.64
507 -7.54
508 -8.08
509 -7.68
510 -7.67
511 -7.70
512 -8.27
513 -5.67
514 -7.73
515 -7.64
516 -5.05
517 -8.03
518 -7.59
519 -7.80
520 -7.62
521 -8.06
522 -7.61
523 -7.76
524 -7.62
525 -8.11
526 -7.78
527 -7.98
528 -5.66
529 -7.55
530 -7.67
531 -7.76
532 -8.46
533 -7.75
534 -7.74
535 -7.67
536 -7.96
537 -8.39
538 -8.05
539 -8.09
540 -7.86
541 -7.72
542 -7.72
543 -7.81
544 -7.66
545 -7.63
546 -8.62
547 -7.97
548 -7.52
549 -7.67
550 -8.14
551 -8.09
552 -7.77
553 -7.78
554 -7.64
555 -8.60
556 -7.99
557 -8.69
558 -7.73
559 -7.74
560 -7.63
561 -7.61
562 -7.61
563 -8.04
564 -0.51
565 -7.63
566 -5.13
567 -7.86
568 -7.72
569 -7.70
570 -8.38
571 -7.83
572 -5.24
573 -8.77
574 -7.68
575 -8.04
576 -8.19
577 -7.99
578 -7.62
579 -8.08
580 -7.62
581 -7.70
582 -7.66
583 -7.51
584 -5.07
585 -7.80
586 -8.09
587 -7.64
588 -7.69
589 -7.78
590 -8.10
591 -7.53
592 -7.69
593 -7.77
594 -7.71
595 -7.73
596 -7.77
597 -7.99
598 -7.75
599 -8.44
600 -8.09
601 -8.65
602 -7.59
603 -8.08
604 -7.52
605 -8.09
606 -5.07
607 -7.65
608 -7.48
609 -8.18
610 -7.70
611 -7.65
612 -8.72
613 -7.57
614 -7.59
615 -7.99
616 -7.71
617 -7.59
618 -7.62
619 -7.55
620 -7.80
621 -7.59
622 -2.96
623 -5.55
624 -7.68
625 -7.80
626 -7.72
627 -7.64
628 -7.68
629 -7.60
630 -8.28
631 -7.61
632 -5.05
633 -7.76
634 -7.83
635 -8.48
636 -7.72
637 -5.03
638 -7.74
639 -8.63
640 -8.50
641 -8.23
642 -8.20
643 -7.57
644 -7.70
645 -7.75
646 -8.03
647 -8.71
648 -7.63
649 -7.71
650 -7.54
651 -7.79
652 -7.86
653 -7.79
654 -8.38
655 -7.70
656 -7.59
657 -7.69
658 -8.07
659 -8.19
660 -8.66
661 -7.57
662 -2.63
663 -8.20
664 -7.64
665 -8.64
666 -7.66
667 -7.66
668 -7.63
669 -8.68
670 -7.73
671 -7.56
672 -7.74
673 -7.94
674 -8.13
675 -7.99
676 -7.63
677 -7.96
678 -7.72
679 -7.97
680 -7.85
681 -7.65
682 -8.02
683 -7.75
684 -9.11
685 -7.64
686 -7.78
687 -7.87
688 -7.50
689 -7.62
690 -7.71
691 -7.69
692 -7.96
693 -7.71
694 -7.78
695 -7.75
696 -5.25
697 -7.96
698 -7.89
699 -8.08
700 -7.66
701 -7.74
702 -8.21
703 -7.56
704 -7.80
705 -8.07
706 -7.63
707 -8.03
708 -7.59
709 -8.73
710 -7.74
711 -8.03
712 -7.57
713 -8.06
714 -7.71
715 -7.68
716 -7.70
717 -5.79
718 -8.18
719 -8.40
720 -7.62
721 -7.66
722 -7.74
723 -7.57
724 -9.09
725 -7.73
726 -7.74
727 -5.19
728 -5.60
729 -8.84
730 -7.86
731 -8.72
732 -5.19
733 -7.71
734 -7.55
735 -7.67
736 -7.74
737 -7.97
738 -7.68
739 -7.98
740 -7.80
741 -7.75
742 -8.25
743 -7.51
744 -7.54
745 -8.12
746 -7.82
747 -7.60
748 -7.68
749 -7.55
750 -7.64
751 -7.59
752 -7.69
753 -7.80
754 -7.71
755 -8.08
756 -8.07
757 -8.02
758 -8.13
759 -7.86
760 -7.71
761 -2.60
762 -8.02
763 -7.80
764 -7.67
765 -7.59
766 -7.89
767 -7.52
768 -9.11
769 -7.50
770 -9.02
771 -8.38
772 -7.85
773 -7.81
774 -7.69
775 -7.68
776 -7.70
777 -7.93
778 -7.63
779 -7.82
780 -7.67
781 -7.79
782 -7.63
783 -8.71
784 -7.62
785 -7.65
786 -7.68
787 -8.07
788 -7.71
789 -7.80
790 -0.21
791 -5.55
792 -7.73
793 -7.62
794 -7.72
795 -7.68
796 -7.66
797 -8.53
798 -7.65
799 -7.65
800 -7.72
801 -8.30
802 -4.12
803 -7.76
804 -7.69
805 -5.58
806 -7.76
807 -8.06
808 -7.68
809 -7.65
810 -7.64
811 -9.04
812 -7.61
813 -7.70
814 -8.71
815 -8.18
816 -2.75
817 -5.23
818 -7.65
819 -7.65
820 -7.54
821 -7.71
822 -7.86
823 -7.62
824 -7.61
825 -7.66
826 -8.02
827 -7.91
828 -7.67
829 -2.74
830 -8.43
831 -7.94
832 -7.60
833 -8.33
834 -7.66
835 -7.60
836 -7.64
837 -7.77
838 -8.70
839 -8.62
840 -7.84
841 -7.71
842 -7.70
843 -8.82
844 -7.81
845 -7.57
846 -7.70
847 -7.62
848 -7.61
849 -8.45
850 -8.12
851 -7.62
852 -7.77
853 -8.53
854 -7.52
855 -7.86
856 -2.62
857 -8.10
858 -7.80
859 -7.60
860 -8.13
861 -7.67
862 -7.63
863 -7.76
864 -7.69
865 -7.55
866 -7.76
867 -7.53
868 -7.63
869 -6.24
870 -7.72
871 -8.12
872 -8.13
873 -8.81
874 -7.66
875 -5.07
876 -7.62
877 -7.73
878 -7.96
879 -7.68
880 -5.14
881 -5.86
882 -5.09
883 -7.58
884 -8.07
885 -8.82
886 -8.56
887 -5.08
888 -7.80
889 -7.78
890 -7.80
891 -7.58
892 -8.80
893 -7.72
894 -7.80
895 -7.70
896 -8.09
897 -7.67
898 -7.90
899 -5.15
900 -7.65
901 -8.56
902 -8.07
903 -7.69
904 -7.70
905 -7.82
906 -7.49
907 -7.70
908 -7.81
909 -7.74
910 -5.11
911 -8.68
912 -8.96
913 -8.15
914 -5.50
915 -8.44
916 -8.67
917 -7.82
918 -7.62
919 -7.79
920 -7.66
921 -8.60
922 -7.67
923 -7.78
924 -7.66
925 -8.71
926 -8.03
927 -7.54
928 -5.29
929 -8.79
930 -7.75
931 -8.45
932 -8.31
933 -7.70
934 -7.66
935 -7.69
936 -7.71
937 -8.03
938 -7.58
939 -7.64
940 -7.76
941 -7.68
942 -8.06
943 -8.26
944 -7.55
945 -5.03
946 -5.00
947 -7.63
948 -8.05
949 -7.68
950 -8.16
951 -7.87
952 -8.00
953 -7.83
954 -7.74
955 -7.69
956 -7.65
957 -5.93
958 -5.65
959 -8.75
960 -7.72
961 -8.03
962 -7.73
963 -7.71
964 -7.57
965 -7.74
966 -7.77
967 -5.14
968 -8.40
969 -8.65
970 -7.75
971 -8.03
972 -7.59
973 -8.25
974 -7.69
975 -8.75
976 -7.65
977 -7.66
978 -7.63
979 -8.02
980 -7.53
981 -8.30
982 -7.99
983 -7.74
984 -7.66
985 -7.58
986 -8.77
987 -7.69
988 -7.69
989 -7.62
990 -0.60
991 -7.68
992 -7.70
993 -8.28
994 -7.81
995 -8.77
996 -7.65
997 -7.56
998 -7.64
999 -2.88
3738.072947740555
