0 18.19
1 0.30
2 0.78
3 -2.62
4 11.59
5 7.45
6 10.08
7 9.07
8 -0.84
9 4.54
10 -0.96
11 -3.97
12 4.87
13 8.92
14 6.73
15 2.10
16 7.50
17 4.23
18 1.54
19 10.87
20 7.37
21 -9.83
22 -1.02
23 29.32
24 11.58
25 9.26
26 1.31
27 -5.15
28 1.19
29 4.99
30 5.63
31 22.17
32 10.30
33 -9.06
34 9.85
35 5.84
36 -1.30
37 -3.48
38 10.19
39 13.95
40 30.21
41 14.91
42 6.29
43 17.80
44 -1.28
45 16.56
46 10.78
47 1.56
48 19.15
49 6.67
50 23.78
51 24.09
52 25.42
53 19.74
54 14.11
55 15.49
56 -3.47
57 9.97
58 19.87
59 14.22
60 7.58
61 21.60
62 10.02
63 -16.03
64 7.37
65 34.10
66 -3.18
67 13.45
68 17.52
69 3.44
70 13.66
71 15.56
72 10.00
73 5.01
74 25.02
75 -0.26
76 14.12
77 14.18
78 19.95
79 22.48
80 10.00
81 -5.10
82 14.13
83 12.41
84 9.16
85 33.40
86 24.13
87 2.35
88 29.11
89 19.16
90 21.91
91 9.57
92 17.19
93 30.75
94 19.96
95 4.23
96 31.63
97 27.53
98 15.51
99 14.92
100 42.47
101 15.66
102 21.58
103 19.15
104 26.22
105 26.59
106 45.26
107 34.25
108 -0.94
109 9.30
110 23.29
111 23.92
112 29.40
113 31.38
114 34.99
115 36.47
116 28.38
117 24.95
118 29.17
119 27.39
120 22.45
121 35.04
122 3.35
123 25.25
124 31.60
125 35.57
126 33.87
127 37.59
128 35.14
129 42.23
130 21.83
131 37.59
132 26.68
133 34.35
134 37.45
135 12.79
136 30.87
137 7.39
138 27.25
139 25.84
140 19.21
141 64.55
142 42.62
143 34.55
144 38.27
145 44.33
146 32.09
147 30.06
148 12.83
149 50.75
150 33.28
151 53.50
152 51.95
153 23.22
154 25.51
155 58.63
156 41.76
157 50.21
158 49.21
159 29.31
160 35.11
161 47.15
162 53.74
163 40.92
164 64.95
165 64.35
166 27.52
167 26.91
168 58.10
169 50.22
170 40.12
171 67.57
172 37.89
173 30.00
174 37.49
175 41.73
176 24.92
177 40.01
178 51.71
179 41.62
180 25.00
181 39.08
182 62.35
183 90.49
184 34.84
185 49.65
186 65.08
187 58.55
188 36.80
189 44.93
190 46.73
191 47.72
192 30.05
193 47.54
194 34.22
195 27.58
196 49.92
197 61.32
198 40.42
199 65.36
200 93.30
201 56.58
202 50.56
203 66.13
204 52.46
205 67.63
206 61.97
207 45.82
208 67.57
209 52.95
210 40.88
211 45.01
212 32.28
213 73.32
214 29.96
215 43.89
216 42.30
217 68.58
218 53.52
219 52.52
220 51.67
221 45.01
222 63.62
223 56.27
224 67.18
225 47.39
226 58.83
227 75.19
228 41.79
229 58.77
230 41.67
231 55.68
232 71.41
233 53.87
234 62.55
235 67.68
236 65.15
237 41.84
238 46.63
239 66.70
240 44.63
241 78.66
242 49.89
243 65.11
244 50.04
245 53.66
246 57.54
247 46.75
248 59.68
249 62.56
250 59.77
251 56.84
252 57.60
253 64.32
254 29.12
255 62.20
256 69.18
257 64.25
258 62.71
259 75.93
260 70.11
261 94.48
262 61.84
263 45.51
264 83.15
265 40.05
266 78.06
267 29.15
268 67.65
269 60.51
270 67.70
271 62.68
272 67.54
273 42.67
274 57.68
275 31.25
276 67.62
277 69.45
278 40.68
279 72.33
280 52.58
281 72.74
282 51.53
283 58.79
284 61.93
285 55.20
286 57.67
287 91.04
288 44.13
289 57.46
290 94.71
291 42.43
292 67.00
293 46.72
294 65.12
295 56.58
296 66.15
297 61.74
298 62.51
299 45.85
300 64.16
301 70.53
302 64.56
303 61.77
304 81.37
305 64.98
306 66.19
307 81.76
308 47.17
309 108.24
310 80.05
311 32.36
312 59.06
313 38.89
314 62.51
315 53.83
316 59.74
317 57.54
318 66.29
319 79.33
320 84.38
321 54.89
322 42.52
323 67.48
324 71.71
325 55.17
326 71.51
327 74.26
328 39.95
329 79.16
330 74.19
331 81.00
332 73.51
333 70.06
334 56.76
335 71.79
336 71.50
337 40.11
338 58.77
339 70.12
340 99.39
341 55.04
342 77.20
343 78.42
344 66.86
345 62.77
346 98.64
347 80.31
348 61.41
349 67.77
350 70.14
351 57.25
352 57.53
353 81.93
354 74.44
355 74.28
356 62.58
357 59.71
358 70.76
359 70.15
360 77.55
361 69.33
362 56.85
363 47.47
364 94.45
365 59.72
366 71.59
367 75.99
368 75.19
369 77.60
370 47.45
371 45.16
372 75.14
373 92.34
374 47.44
375 90.75
376 57.48
377 62.63
378 102.74
379 64.34
380 100.05
381 70.20
382 67.79
383 75.21
384 67.63
385 57.62
386 63.43
387 52.58
388 80.25
389 79.44
390 71.77
391 55.14
392 68.80
393 72.45
394 51.71
395 109.90
396 82.87
397 69.70
398 90.23
399 67.61
400 77.73
401 69.47
402 77.71
403 70.16
404 57.53
405 80.31
406 78.17
407 65.13
408 65.19
409 65.09
410 69.30
411 67.68
412 77.75
413 70.11
414 77.57
415 72.27
416 62.85
417 86.56
418 86.51
419 81.09
420 80.15
421 62.53
422 57.56
423 85.34
424 117.14
425 79.17
426 66.81
427 103.98
428 65.13
429 67.67
430 59.29
431 72.32
432 78.98
433 65.18
434 57.62
435 53.53
436 72.65
437 94.02
438 79.32
439 80.11
440 70.10
441 52.68
442 76.88
443 83.53
444 56.73
445 80.16
446 79.86
447 62.66
448 62.28
449 99.67
450 94.04
451 75.15
452 77.58
453 78.46
454 54.30
455 47.62
456 79.67
457 85.70
458 57.64
459 70.06
460 87.75
461 93.36
462 87.52
463 54.03
464 69.38
465 95.17
466 105.55
467 57.64
468 78.27
469 81.92
470 77.09
471 79.46
472 87.69
473 66.92
474 87.85
475 77.66
476 92.79
477 99.11
478 60.17
479 65.13
480 60.09
481 77.82
482 92.60
483 74.33
484 97.58
485 82.71
486 71.73
487 95.29
488 71.05
489 62.67
490 72.55
491 89.83
492 101.53
493 108.18
494 106.16
495 80.30
496 80.27
497 90.12
498 72.79
499 86.95
500 69.89
501 70.24
502 64.98
503 73.58
504 79.27
505 88.61
506 105.60
507 67.60
508 61.90
509 94.47
510 72.38
511 61.37
512 82.01
513 75.10
514 66.36
515 92.06
516 101.53
517 60.19
518 54.61
519 78.55
520 67.59
521 52.53
522 96.37
523 60.22
524 84.44
525 82.50
526 64.76
527 91.96
528 71.92
529 94.00
530 80.26
531 57.70
532 92.57
533 92.62
534 104.54
535 67.60
536 91.70
537 98.52
538 92.67
539 75.11
540 85.19
541 55.16
542 83.35
543 89.44
544 85.16
545 95.05
546 72.74
547 114.98
548 83.70
549 70.18
550 79.72
551 93.54
552 110.16
553 80.22
554 72.63
555 77.54
556 59.76
557 75.13
558 80.20
559 86.23
560 97.33
561 79.28
562 80.16
563 85.75
564 95.42
565 51.92
566 87.81
567 111.18
568 97.71
569 44.19
570 94.15
571 83.65
572 79.61
573 91.19
574 77.63
575 52.60
576 116.82
577 67.68
578 81.90
579 92.11
580 75.03
581 78.66
582 54.27
583 121.36
584 115.35
585 92.65
586 97.77
587 111.18
588 86.20
589 65.26
590 80.09
591 80.04
592 67.16
593 75.05
594 72.45
595 77.86
596 92.91
597 76.01
598 70.89
599 114.59
600 74.24
601 78.63
602 77.45
603 98.64
604 138.33
605 103.40
606 122.51
607 79.46
608 80.10
609 83.34
610 77.26
611 114.19
612 89.08
613 54.08
614 72.03
615 102.36
616 111.26
617 80.13
618 85.12
619 74.99
620 86.52
621 85.14
622 96.48
623 89.80
624 103.37
625 60.19
626 65.06
627 56.87
628 81.30
629 92.83
630 114.10
631 82.07
632 91.46
633 87.37
634 95.18
635 62.57
636 67.51
637 101.17
638 82.75
639 87.26
640 65.27
641 85.17
642 85.20
643 97.22
644 85.16
645 67.65
646 69.39
647 102.59
648 52.64
649 79.04
650 96.43
651 82.59
652 92.74
653 99.50
654 84.96
655 133.61
656 111.91
657 109.97
658 64.95
659 102.80
660 95.24
661 74.33
662 95.43
663 86.73
664 80.29
665 92.72
666 99.17
667 84.39
668 94.51
669 118.99
670 75.18
671 127.57
672 85.11
673 100.30
674 80.03
675 99.21
676 122.23
677 96.03
678 71.87
679 80.19
680 77.76
681 76.38
682 110.25
683 70.16
684 111.15
685 67.68
686 77.53
687 99.98
688 99.29
689 111.85
690 80.18
691 103.06
692 87.01
693 105.60
694 79.22
695 82.64
696 111.20
697 71.81
698 67.54
699 77.78
700 105.33
701 89.93
702 104.16
703 72.73
704 95.07
705 112.83
706 85.20
707 65.28
708 100.19
709 95.21
710 107.68
711 95.17
712 80.17
713 120.66
714 89.22
715 104.13
716 92.38
717 88.28
718 84.48
719 80.18
720 85.08
721 87.72
722 90.21
723 113.04
724 114.98
725 90.21
726 75.11
727 102.80
728 86.45
729 75.19
730 85.25
731 117.82
732 94.62
733 106.47
734 72.63
735 88.61
736 77.68
737 92.04
738 91.95
739 92.82
740 96.44
741 96.92
742 71.83
743 74.14
744 50.01
745 72.20
746 87.00
747 70.03
748 87.51
749 109.50
750 79.27
751 95.23
752 117.75
753 79.29
754 97.37
755 100.16
756 75.87
757 105.37
758 100.22
759 71.74
760 105.37
761 100.31
762 55.00
763 76.88
764 95.22
765 77.58
766 62.50
767 83.10
768 90.12
769 84.89
770 81.87
771 89.44
772 110.13
773 72.62
774 60.09
775 107.55
776 82.48
777 82.78
778 86.09
779 77.55
780 89.27
781 120.16
782 65.18
783 100.19
784 85.26
785 93.25
786 90.10
787 72.58
788 105.57
789 102.79
790 67.81
791 92.70
792 97.65
793 73.37
794 109.54
795 112.72
796 82.70
797 98.18
798 122.80
799 85.32
800 89.43
801 82.34
802 82.60
803 67.70
804 82.54
805 74.39
806 82.83
807 81.26
808 91.85
809 97.08
810 89.51
811 94.47
812 62.68
813 75.01
814 89.88
815 103.79
816 90.27
817 74.44
818 105.31
819 120.49
820 153.15
821 145.42
822 107.87
823 80.11
824 85.12
825 103.68
826 125.18
827 89.78
828 95.85
829 71.22
830 122.33
831 135.89
832 87.74
833 95.27
834 107.61
835 121.50
836 107.40
837 55.03
838 107.65
839 85.04
840 65.17
841 102.78
842 68.96
843 98.65
844 75.23
845 120.80
846 62.67
847 67.56
848 92.38
849 102.81
850 74.97
851 75.19
852 104.89
853 104.39
854 94.45
855 82.72
856 86.90
857 102.86
858 65.20
859 90.19
860 117.38
861 80.27
862 75.16
863 75.03
864 99.37
865 84.53
866 81.46
867 109.99
868 94.15
869 92.55
870 104.51
871 75.23
872 119.45
873 102.78
874 101.29
875 90.19
876 97.76
877 101.95
878 85.20
879 82.73
880 109.74
881 85.25
882 93.15
883 110.16
884 85.11
885 112.28
886 77.87
887 97.65
888 78.46
889 85.24
890 82.79
891 102.88
892 102.67
893 99.75
894 112.84
895 79.81
896 91.38
897 82.68
898 95.30
899 92.70
900 79.37
901 71.94
902 124.18
903 85.06
904 109.06
905 77.68
906 92.67
907 87.82
908 107.52
909 121.61
910 85.28
911 95.25
912 92.85
913 72.53
914 77.59
915 85.07
916 110.35
917 81.07
918 62.59
919 123.47
920 65.20
921 105.88
922 86.18
923 97.68
924 103.77
925 82.68
926 109.51
927 127.99
928 84.07
929 67.83
930 95.29
931 121.55
932 120.21
933 116.23
934 92.80
935 94.56
936 102.36
937 100.25
938 96.35
939 95.29
940 92.26
941 110.09
942 92.64
943 99.46
944 129.92
945 92.86
946 84.26
947 100.28
948 82.50
949 90.42
950 115.77
951 97.83
952 110.38
953 86.52
954 96.92
955 110.29
956 95.38
957 71.48
958 70.13
959 80.18
960 82.72
961 89.34
962 97.71
963 107.41
964 127.54
965 112.87
966 92.76
967 82.59
968 128.74
969 111.43
970 125.73
971 90.05
972 62.67
973 106.98
974 102.32
975 110.10
976 87.71
977 95.84
978 80.10
979 102.65
980 71.50
981 125.33
982 92.82
983 67.47
984 82.58
985 99.16
986 84.80
987 86.37
988 79.67
989 108.08
990 82.77
991 123.16
992 90.23
993 110.79
994 96.91
995 80.22
996 107.93
997 96.08
998 87.72
999 90.62
1805.8073482513428
