0 -7.75
1 -7.69
2 -7.65
3 -7.55
4 -7.74
5 -7.73
6 -7.67
7 -7.79
8 -7.54
9 -7.76
10 -7.67
11 -7.64
12 -7.66
13 -7.69
14 -7.75
15 -7.70
16 -7.85
17 -7.53
18 -7.84
19 -7.64
20 -7.48
21 -5.12
22 -7.66
23 -7.71
24 -7.57
25 -7.75
26 -8.05
27 -7.57
28 -7.74
29 -7.61
30 -7.74
31 -7.56
32 -7.48
33 -7.57
34 -5.07
35 -7.54
36 -7.67
37 -7.71
38 -7.78
39 -5.23
40 -7.77
41 -7.56
42 -7.73
43 -7.64
44 -7.71
45 -7.79
46 -7.73
47 -7.76
48 -7.59
49 -7.67
50 -7.68
51 -7.71
52 -7.53
53 -7.72
54 -7.75
55 -5.17
56 -7.63
57 -7.67
58 -8.75
59 -5.29
60 -5.14
61 -7.74
62 -7.61
63 -5.16
64 -5.21
65 -7.62
66 -7.64
67 -7.72
68 -7.54
69 -7.64
70 -7.79
71 -7.85
72 -7.58
73 -7.64
74 -7.77
75 -7.69
76 -7.58
77 -7.47
78 -7.58
79 -7.69
80 -7.62
81 -7.63
82 -7.80
83 -7.66
84 -7.81
85 -7.49
86 -7.70
87 -5.03
88 -7.75
89 -7.69
90 -7.70
91 -7.67
92 -7.69
93 -7.69
94 -7.64
95 -7.59
96 -7.72
97 -7.61
98 -7.85
99 -7.66
100 -7.80
101 -7.66
102 -5.25
103 -5.02
104 -7.60
105 -7.76
106 -7.63
107 -5.23
108 -7.69
109 -7.53
110 -7.72
111 -7.72
112 -7.63
113 -7.82
114 -7.65
115 -5.25
116 -7.68
117 -7.68
118 -7.67
119 -7.72
120 -5.13
121 -7.68
122 -7.73
123 -7.73
124 -7.65
125 -7.68
126 -7.56
127 -7.69
128 -7.58
129 -7.43
130 -7.77
131 -2.76
132 -7.68
133 -7.73
134 -7.56
135 -7.70
136 -7.61
137 -7.65
138 -7.68
139 -7.69
140 -7.75
141 -5.50
142 -5.14
143 -8.74
144 -7.71
145 -7.70
146 -7.69
147 -7.62
148 -7.67
149 -8.61
150 -7.65
151 -7.69
152 -7.71
153 -7.66
154 -7.81
155 -7.64
156 -7.65
157 -7.67
158 -7.75
159 -5.32
160 -7.49
161 -7.78
162 -7.61
163 -7.67
164 -7.52
165 -7.70
166 -7.68
167 -7.70
168 -7.63
169 -2.57
170 -7.59
171 -7.73
172 -7.70
173 -7.65
174 -7.64
175 -7.71
176 -7.68
177 -7.58
178 -7.74
179 -5.07
180 -7.53
181 -7.61
182 -7.60
183 -7.86
184 -7.65
185 -7.65
186 -2.51
187 -7.61
188 -7.62
189 -7.63
190 -7.75
191 -7.65
192 -7.73
193 -7.69
194 -7.77
195 -7.79
196 -7.69
197 -7.64
198 -7.70
199 -7.58
200 -5.12
201 -7.76
202 -7.75
203 -7.67
204 -7.54
205 -7.52
206 -2.69
207 -7.75
208 -5.33
209 -7.68
210 -7.71
211 -5.18
212 -7.71
213 -7.59
214 -7.70
215 -7.60
216 -7.72
217 -7.49
218 -8.80
219 -7.69
220 -7.55
221 -5.29
222 -7.97
223 -7.74
224 -7.73
225 -7.75
226 -7.92
227 -7.74
228 -7.74
229 -7.91
230 -7.86
231 -7.80
232 -5.13
233 -7.70
234 -7.66
235 -7.81
236 -7.71
237 -7.55
238 -7.59
239 -5.00
240 -7.61
241 -7.75
242 -7.69
243 -7.72
244 -7.63
245 -7.75
246 -7.60
247 -7.69
248 -8.12
249 -7.72
250 -5.16
251 -7.56
252 -7.69
253 -2.81
254 -7.54
255 -7.67
256 -7.68
257 -7.60
258 -5.09
259 -7.63
260 -7.59
261 -4.98
262 -7.52
263 -5.25
264 -7.89
265 -7.63
266 -7.72
267 -5.08
268 -7.75
269 -7.76
270 -7.68
271 -7.54
272 -7.61
273 -7.66
274 -7.57
275 -0.14
276 -7.59
277 -5.13
278 -7.76
279 -7.64
280 -7.59
281 -5.31
282 -7.62
283 -7.73
284 -7.72
285 -7.64
286 -7.48
287 -7.70
288 -7.70
289 -7.70
290 -5.20
291 -7.61
292 -7.65
293 -7.50
294 -7.72
295 -7.83
296 -7.79
297 -7.85
298 -7.56
299 -7.67
300 -7.59
301 -7.69
302 -7.79
303 -7.66
304 -7.64
305 -7.58
306 -5.09
307 -7.55
308 -7.52
309 -7.49
310 -7.46
311 -7.70
312 -7.80
313 -7.79
314 -5.20
315 -7.72
316 -5.09
317 -7.68
318 -7.59
319 -7.61
320 -7.64
321 -7.67
322 -7.66
323 -7.77
324 -7.69
325 -5.22
326 -7.59
327 -7.76
328 -7.67
329 -7.80
330 -7.83
331 -7.73
332 -7.67
333 -7.75
334 -7.79
335 -7.73
336 -7.53
337 -7.64
338 -7.73
339 -7.75
340 -5.16
341 -7.51
342 -7.70
343 -7.76
344 -7.78
345 -5.24
346 -5.21
347 -7.53
348 -7.56
349 -7.72
350 -7.69
351 -7.66
352 -7.65
353 -7.69
354 -7.73
355 -5.32
356 -7.72
357 -7.85
358 -7.67
359 -7.50
360 -5.05
361 -7.72
362 -7.65
363 -7.74
364 -7.66
365 -7.95
366 -7.74
367 -7.60
368 -7.51
369 -7.66
370 -8.05
371 -7.42
372 -7.75
373 -7.65
374 -7.64
375 -7.55
376 -7.73
377 -7.72
378 -5.04
379 -7.70
380 -7.74
381 -0.06
382 -0.15
383 -2.89
384 -5.10
385 -7.50
386 -7.61
387 -7.63
388 -5.70
389 -7.58
390 -7.58
391 -7.91
392 -5.20
393 -7.54
394 -5.09
395 -7.56
396 -7.70
397 -7.71
398 -5.16
399 -7.59
400 -7.60
401 -7.67
402 -7.63
403 -7.72
404 -5.11
405 -7.57
406 -7.85
407 -7.83
408 -7.80
409 -7.72
410 -8.58
411 -7.80
412 -5.15
413 -7.71
414 -5.19
415 -7.66
416 -7.69
417 -7.61
418 -7.68
419 -7.69
420 -7.80
421 -7.60
422 -7.64
423 -2.64
424 -5.23
425 -7.67
426 -7.74
427 -8.78
428 -7.81
429 -7.62
430 -7.73
431 -7.77
432 -5.25
433 -7.77
434 -7.76
435 -7.61
436 -7.53
437 -5.34
438 -7.60
439 -7.75
440 -7.60
441 -7.70
442 -7.72
443 -2.59
444 -5.09
445 -7.76
446 -7.70
447 -5.11
448 -7.59
449 -7.68
450 -7.64
451 -7.59
452 -7.68
453 -7.73
454 -7.66
455 -7.76
456 -5.25
457 -7.59
458 -5.25
459 -7.81
460 -7.63
461 -7.66
462 -7.66
463 -5.00
464 -7.63
465 -5.13
466 -2.80
467 -7.69
468 -7.54
469 -7.68
470 -7.60
471 -7.78
472 -7.71
473 -2.61
474 -7.76
475 -7.76
476 -7.71
477 -7.76
478 -7.75
479 -7.71
480 -7.58
481 -7.63
482 -5.19
483 -2.53
484 -7.57
485 -7.69
486 -7.61
487 -7.62
488 -7.69
489 -7.75
490 -7.65
491 -7.53
492 -7.56
493 -7.51
494 -7.55
495 -7.77
496 -7.56
497 -5.28
498 -5.32
499 -7.67
500 -5.15
501 -7.55
502 -7.81
503 -7.53
504 -7.48
505 -7.49
506 -5.15
507 -7.60
508 -7.68
509 -5.14
510 -7.60
511 -7.62
512 -5.20
513 -5.13
514 -7.73
515 -7.72
516 -7.70
517 -7.74
518 -5.12
519 -5.15
520 -7.74
521 -7.70
522 -5.42
523 -7.87
524 -7.66
525 -7.62
526 -7.62
527 -7.74
528 -5.10
529 -7.67
530 -7.73
531 -7.54
532 -7.73
533 -7.64
534 -7.80
535 -7.68
536 -7.71
537 -7.53
538 -7.71
539 -7.73
540 -7.66
541 -7.74
542 -5.16
543 -7.68
544 -7.66
545 -7.77
546 -5.13
547 -7.74
548 -5.32
549 -7.97
550 -7.72
551 -5.10
552 -8.70
553 -7.66
554 -7.72
555 -8.81
556 -7.55
557 -5.07
558 -7.66
559 -7.66
560 -5.17
561 -8.13
562 -7.78
563 -5.09
564 -7.62
565 -4.97
566 -7.58
567 -5.11
568 -5.24
569 -7.77
570 -7.58
571 -7.64
572 -5.30
573 -7.78
574 -7.64
575 -7.50
576 -7.61
577 -7.67
578 -7.66
579 -2.64
580 -7.70
581 -7.61
582 -7.56
583 -8.81
584 -7.79
585 -7.80
586 -7.54
587 -7.59
588 -7.74
589 -7.51
590 -5.07
591 -7.63
592 -7.64
593 -7.77
594 -7.75
595 -7.58
596 -7.69
597 -7.79
598 -7.62
599 -5.97
600 -7.67
601 -7.68
602 -2.60
603 -5.37
604 -7.54
605 -7.64
606 -7.66
607 -7.67
608 -7.75
609 -7.64
610 -7.98
611 -7.64
612 -7.67
613 -7.71
614 -7.52
615 -7.60
616 -7.74
617 -7.74
618 -7.69
619 -7.76
620 -7.77
621 -7.73
622 -5.24
623 -8.65
624 -7.68
625 -7.82
626 -5.08
627 -7.66
628 -7.74
629 -7.81
630 -5.09
631 -5.16
632 -5.31
633 -7.50
634 -7.68
635 -5.23
636 -7.64
637 -7.55
638 -7.73
639 -7.74
640 -7.63
641 -7.65
642 -7.79
643 -7.71
644 -5.17
645 -5.15
646 -7.73
647 -7.77
648 -7.63
649 -7.67
650 -8.55
651 -7.52
652 -7.72
653 -7.62
654 -7.63
655 -7.56
656 -7.62
657 -7.73
658 -7.70
659 -7.75
660 -5.16
661 -7.65
662 -7.64
663 -7.63
664 -5.41
665 -7.63
666 -7.80
667 -7.69
668 -7.64
669 -7.68
670 -5.32
671 -7.58
672 -7.69
673 -5.08
674 -7.70
675 -7.63
676 -7.66
677 -7.60
678 -7.54
679 -5.18
680 -7.79
681 -7.54
682 -7.62
683 -7.76
684 -7.98
685 -7.62
686 -7.71
687 -6.27
688 -7.71
689 -7.72
690 -7.75
691 -7.73
692 -5.17
693 -8.74
694 -7.70
695 -7.83
696 -7.67
697 -7.59
698 -7.63
699 -5.02
700 -7.80
701 -7.56
702 -7.73
703 -7.51
704 -7.60
705 -7.52
706 -7.75
707 -5.08
708 -7.62
709 -7.47
710 -7.78
711 -7.56
712 -7.77
713 -7.64
714 -5.28
715 -7.74
716 -7.65
717 -7.79
718 -7.52
719 -7.72
720 -7.72
721 -7.67
722 -7.71
723 -5.28
724 -7.67
725 -7.62
726 -4.95
727 -5.16
728 -5.96
729 -7.71
730 -7.67
731 -5.03
732 -7.79
733 -6.29
734 -7.89
735 -7.59
736 -7.62
737 -7.80
738 -5.12
739 -7.53
740 -7.85
741 -7.63
742 -7.73
743 -5.59
744 -7.75
745 -5.08
746 -7.75
747 -7.66
748 -5.39
749 -8.09
750 -7.55
751 -7.60
752 -7.64
753 -7.56
754 -5.16
755 -7.73
756 -7.52
757 -6.24
758 -7.41
759 -7.58
760 -5.01
761 -2.69
762 -6.01
763 -7.65
764 -5.06
765 -7.61
766 -7.60
767 -2.61
768 -7.69
769 -5.23
770 -7.82
771 -7.63
772 -7.71
773 -7.66
774 -7.58
775 -7.56
776 -5.32
777 -7.62
778 -7.62
779 -7.67
780 -7.70
781 -5.05
782 -7.65
783 -7.74
784 -7.62
785 -7.93
786 -6.07
787 -7.74
788 -7.74
789 -8.05
790 -7.74
791 -7.74
792 -5.31
793 -5.10
794 -7.61
795 -5.13
796 -5.11
797 -7.59
798 -7.72
799 -7.59
800 -5.16
801 -7.72
802 -8.08
803 -7.65
804 -7.75
805 -7.71
806 -7.48
807 -7.76
808 -7.66
809 -5.00
810 -7.73
811 -5.23
812 -8.56
813 -7.57
814 -7.71
815 -7.60
816 -7.43
817 -7.73
818 -7.59
819 -7.61
820 -8.63
821 -5.26
822 -7.56
823 -7.55
824 -2.72
825 -4.99
826 -7.74
827 -7.84
828 -5.19
829 -7.69
830 -8.72
831 -5.27
832 -3.64
833 -6.18
834 -7.61
835 -7.47
836 -7.76
837 -9.02
838 -7.58
839 -5.18
840 -7.64
841 -7.70
842 -7.75
843 -7.97
844 -5.86
845 -6.03
846 -8.22
847 -7.60
848 -7.71
849 -7.71
850 -5.22
851 -7.71
852 -7.59
853 -7.73
854 -7.63
855 -5.21
856 -7.68
857 -7.80
858 -5.18
859 -5.19
860 -2.66
861 -7.72
862 -7.62
863 -7.66
864 -7.64
865 -7.60
866 -7.63
867 -8.72
868 -8.70
869 -7.73
870 -7.63
871 -0.24
872 -7.65
873 -7.58
874 -7.82
875 -7.77
876 -7.55
877 -7.64
878 -8.59
879 -7.63
880 -7.83
881 -7.65
882 -7.64
883 -7.65
884 -7.80
885 -7.67
886 -2.71
887 -7.56
888 -7.70
889 -7.77
890 -7.75
891 -5.10
892 -8.02
893 -4.98
894 -8.52
895 -7.69
896 -7.81
897 -7.96
898 -5.11
899 -5.17
900 -3.77
901 -7.61
902 -5.13
903 -7.69
904 -5.16
905 -7.79
906 -5.59
907 -7.75
908 -5.21
909 -8.74
910 -6.28
911 -3.18
912 -7.60
913 -5.11
914 -8.59
915 -7.64
916 -7.66
917 -6.04
918 -5.18
919 -7.77
920 -7.77
921 -5.16
922 -7.81
923 -7.77
924 -5.07
925 -8.68
926 -7.53
927 -7.66
928 -7.75
929 -7.62
930 -7.70
931 -7.73
932 -7.60
933 -7.70
934 -8.76
935 -7.75
936 -7.75
937 -5.21
938 -7.71
939 -3.78
940 -2.68
941 -7.74
942 -5.88
943 -7.76
944 -2.76
945 -7.68
946 -7.65
947 -7.68
948 -7.58
949 -7.64
950 -7.68
951 -8.03
952 -7.75
953 -6.01
954 -7.72
955 -7.67
956 -7.67
957 -7.66
958 -3.51
959 -7.60
960 -7.75
961 -3.79
962 -7.73
963 -7.71
964 -7.71
965 -2.50
966 -0.14
967 -7.72
968 -5.18
969 -7.54
970 -8.80
971 -2.55
972 -3.73
973 -7.70
974 -5.17
975 -7.64
976 -7.65
977 -5.19
978 -8.09
979 -6.10
980 -5.05
981 -7.67
982 -5.18
983 -7.64
984 -7.76
985 -7.70
986 -4.97
987 -7.82
988 -7.63
989 -7.58
990 -7.65
991 -7.79
992 -5.07
993 -7.52
994 -7.64
995 -7.69
996 -5.17
997 -7.74
998 -7.76
999 -7.68
1689.1019003391266
