0 -7.76
1 -7.76
2 -7.76
3 -7.73
4 -7.71
5 -5.08
6 -7.67
7 -7.66
8 -7.60
9 -7.62
10 -7.54
11 -7.64
12 -7.72
13 -7.67
14 -5.16
15 -7.67
16 -7.75
17 -7.56
18 -7.72
19 -7.58
20 -7.55
21 -7.62
22 -5.20
23 -7.72
24 -7.62
25 -7.55
26 -7.62
27 -7.68
28 -5.20
29 -5.31
30 -7.66
31 -7.63
32 -7.66
33 -7.64
34 -7.72
35 -7.71
36 -7.75
37 -7.60
38 -7.76
39 -5.07
40 -7.79
41 -7.72
42 -7.68
43 -7.74
44 -7.61
45 -7.85
46 -7.69
47 -7.64
48 -7.64
49 -7.70
50 -7.71
51 -7.60
52 -7.49
53 -7.59
54 -7.62
55 -7.76
56 -5.15
57 -7.60
58 -7.64
59 -7.65
60 -2.52
61 -7.54
62 -7.69
63 -7.74
64 -7.72
65 -7.51
66 -7.77
67 -7.67
68 -7.66
69 -7.55
70 -7.69
71 -7.65
72 -2.65
73 -7.65
74 -7.75
75 -7.63
76 -7.73
77 -7.72
78 -7.73
79 -7.71
80 -7.79
81 -7.71
82 -7.59
83 -7.64
84 -7.54
85 -7.59
86 -8.66
87 -7.68
88 -5.31
89 -7.58
90 -5.21
91 -5.14
92 -7.76
93 -7.52
94 -7.55
95 -7.67
96 -7.72
97 -7.61
98 -7.62
99 -7.64
100 -7.62
101 -7.77
102 -7.66
103 -7.83
104 -7.76
105 -7.64
106 -7.72
107 -7.64
108 -7.81
109 -7.70
110 -7.69
111 -7.73
112 -7.78
113 -7.73
114 -7.58
115 -7.72
116 -7.71
117 -7.66
118 -7.71
119 -7.68
120 -7.69
121 -7.57
122 -7.51
123 -7.64
124 -7.72
125 -7.51
126 -7.69
127 -7.52
128 -7.74
129 -7.58
130 -7.73
131 -5.16
132 -5.09
133 -5.09
134 -5.05
135 -7.73
136 -7.60
137 -7.69
138 -5.13
139 -7.59
140 -5.21
141 -4.95
142 -7.57
143 -7.66
144 -7.66
145 -7.66
146 -7.81
147 -7.64
148 -5.19
149 -5.03
150 -7.67
151 -5.14
152 -7.74
153 -7.73
154 -7.89
155 -7.79
156 -7.60
157 -7.63
158 -7.56
159 -7.72
160 -2.53
161 -7.62
162 -7.54
163 -5.04
164 -5.12
165 -7.65
166 -7.71
167 -7.62
168 -7.59
169 -7.66
170 -7.68
171 -7.46
172 -7.65
173 -7.77
174 -7.71
175 -7.63
176 -7.69
177 -7.74
178 -7.53
179 -7.64
180 -7.88
181 -7.71
182 -5.09
183 -7.63
184 -7.71
185 -7.67
186 -7.74
187 -5.05
188 -7.83
189 -7.66
190 -7.68
191 -7.75
192 -7.61
193 -7.66
194 -7.73
195 -7.73
196 -7.73
197 -5.14
198 -7.76
199 -7.82
200 -7.68
201 -7.59
202 -7.65
203 -7.66
204 -5.20
205 -7.46
206 -7.77
207 -7.70
208 -7.68
209 -7.72
210 -7.54
211 -7.71
212 -7.64
213 -5.23
214 -7.74
215 -7.75
216 -7.70
217 -7.52
218 -7.72
219 -7.81
220 -7.71
221 -7.52
222 -7.75
223 -7.70
224 -5.20
225 -7.74
226 -7.81
227 -7.63
228 -7.71
229 -7.89
230 -7.70
231 -7.60
232 -7.75
233 -7.70
234 -7.71
235 -7.75
236 -5.35
237 -7.62
238 -5.18
239 -7.58
240 -7.65
241 -7.64
242 -7.68
243 -5.12
244 -7.82
245 -7.75
246 -7.69
247 -5.11
248 -5.38
249 -7.61
250 -7.63
251 -7.60
252 -7.79
253 -7.61
254 -7.73
255 -7.68
256 -5.28
257 -7.79
258 -7.76
259 -7.69
260 -5.22
261 -5.25
262 -7.86
263 -7.89
264 -7.63
265 -7.76
266 -7.70
267 -7.69
268 -5.21
269 -5.07
270 -7.68
271 -7.65
272 -7.69
273 -7.77
274 -7.65
275 -7.54
276 -7.66
277 -7.78
278 -7.58
279 -7.75
280 -5.15
281 -5.13
282 -7.66
283 -5.33
284 -7.66
285 -7.65
286 -7.70
287 -7.73
288 -5.20
289 -7.79
290 -7.67
291 -5.33
292 -7.71
293 -5.11
294 -7.55
295 -7.65
296 -7.47
297 -7.68
298 -5.15
299 -5.15
300 -7.64
301 -7.53
302 -7.75
303 -7.71
304 -7.65
305 -5.22
306 -7.60
307 -7.78
308 -7.59
309 -5.25
310 -7.65
311 -5.29
312 -7.67
313 -7.65
314 -7.68
315 -7.65
316 -7.53
317 -7.71
318 -8.65
319 -7.50
320 -7.69
321 -7.58
322 -7.65
323 -7.59
324 2.43
325 -7.72
326 -5.14
327 -7.68
328 -7.57
329 -7.81
330 -5.08
331 -5.23
332 -5.26
333 -7.75
334 -5.14
335 -7.62
336 -7.73
337 -7.57
338 -5.14
339 -5.08
340 -7.63
341 -7.71
342 -7.74
343 -4.94
344 -7.58
345 -7.68
346 -5.23
347 -7.70
348 -7.69
349 -7.62
350 -7.78
351 -7.62
352 -7.84
353 -5.14
354 -7.82
355 -7.50
356 -7.59
357 -7.55
358 -7.80
359 -7.70
360 -7.76
361 -7.64
362 -7.71
363 -5.01
364 -7.58
365 -7.73
366 -7.54
367 -7.58
368 -7.62
369 -7.69
370 -5.07
371 -7.81
372 -4.85
373 -5.25
374 -5.16
375 -7.77
376 -5.20
377 -2.46
378 -7.76
379 -7.66
380 -7.66
381 -7.68
382 -7.69
383 -7.55
384 -7.79
385 -7.69
386 -7.87
387 -7.70
388 -7.67
389 -8.49
390 -7.72
391 -7.57
392 -7.78
393 -5.29
394 -7.58
395 -5.18
396 -7.61
397 -7.76
398 -7.73
399 -7.67
400 -7.62
401 -7.64
402 -7.75
403 -7.80
404 -7.63
405 -5.23
406 -5.25
407 -7.54
408 -7.50
409 -7.62
410 -7.64
411 -7.73
412 -7.53
413 -7.53
414 -7.75
415 -7.73
416 -7.77
417 -7.67
418 -7.80
419 -7.76
420 -5.21
421 -5.10
422 -5.20
423 -7.68
424 -7.58
425 -7.61
426 -7.63
427 -7.77
428 -5.12
429 -7.77
430 -7.75
431 -7.51
432 -7.66
433 -5.20
434 -7.57
435 -7.75
436 -7.67
437 -7.58
438 -5.18
439 -7.68
440 -7.48
441 -7.66
442 -7.70
443 -7.69
444 -7.95
445 -7.66
446 -8.94
447 -7.79
448 -7.52
449 -7.60
450 -7.68
451 -7.74
452 -7.64
453 -7.65
454 -7.73
455 -7.77
456 -7.69
457 -2.57
458 -7.69
459 -7.70
460 -7.56
461 -7.77
462 -7.73
463 -7.70
464 -7.57
465 -7.80
466 -7.85
467 -7.60
468 -7.63
469 -7.59
470 -2.68
471 -5.25
472 -7.80
473 -7.65
474 -7.71
475 -7.57
476 -7.70
477 -5.21
478 -4.96
479 -7.63
480 -7.74
481 -7.58
482 -7.86
483 -7.81
484 -7.62
485 -7.64
486 -7.61
487 -7.71
488 -7.48
489 -7.58
490 -5.20
491 -7.70
492 -5.15
493 -7.48
494 -7.57
495 -8.23
496 -7.78
497 -7.60
498 -5.22
499 -7.51
500 -7.65
501 -7.63
502 -7.71
503 -7.69
504 -7.62
505 -8.61
506 -7.67
507 -5.10
508 -5.02
509 -7.72
510 -7.65
511 -7.76
512 -7.59
513 -5.24
514 -7.71
515 -7.61
516 -7.54
517 -7.67
518 -7.74
519 -7.58
520 -7.60
521 -5.03
522 -5.20
523 -7.63
524 -7.56
525 -7.61
526 -7.71
527 -7.67
528 -5.01
529 -2.62
530 -7.62
531 -7.60
532 -7.66
533 -7.81
534 -7.73
535 -7.69
536 -7.67
537 -7.66
538 -7.58
539 -7.73
540 -7.79
541 -7.69
542 -7.70
543 -8.63
544 -5.13
545 -7.66
546 -7.73
547 -7.72
548 -5.08
549 -7.65
550 -7.72
551 -7.78
552 -7.47
553 -7.51
554 -5.06
555 -7.79
556 -7.57
557 -5.17
558 -7.67
559 -7.69
560 -7.70
561 -7.65
562 -7.60
563 -7.62
564 -5.17
565 -7.70
566 -7.76
567 -7.75
568 -7.72
569 -7.60
570 -7.71
571 -7.59
572 -7.63
573 -7.69
574 -7.66
575 -7.64
576 -2.35
577 -7.59
578 -7.66
579 -7.43
580 -7.73
581 -7.77
582 -7.78
583 -7.67
584 -7.58
585 -5.19
586 -5.06
587 -7.70
588 -5.29
589 -7.68
590 -7.71
591 -7.59
592 -7.79
593 -5.13
594 -7.65
595 -7.65
596 -7.77
597 -7.70
598 -5.06
599 -7.71
600 -7.59
601 -7.59
602 -7.52
603 -7.67
604 -2.65
605 -7.60
606 -7.72
607 -5.05
608 -7.69
609 -7.54
610 -7.74
611 -7.61
612 -7.71
613 -7.63
614 -7.72
615 -7.58
616 -7.70
617 -7.63
618 -7.74
619 -7.67
620 -7.58
621 -7.63
622 -7.67
623 -7.75
624 -7.64
625 -7.59
626 -7.63
627 -7.70
628 -5.27
629 -7.91
630 -7.64
631 -7.57
632 -7.79
633 -7.55
634 -7.77
635 -7.68
636 -7.61
637 -5.12
638 -7.74
639 -7.81
640 -5.08
641 -7.71
642 -7.59
643 -7.56
644 -7.66
645 -7.67
646 -7.64
647 -7.81
648 -7.69
649 -7.58
650 -7.72
651 -7.57
652 -7.69
653 -7.65
654 -7.78
655 -7.63
656 -7.62
657 -7.53
658 -5.19
659 -7.61
660 -7.54
661 -7.68
662 -7.58
663 -7.54
664 -5.15
665 -5.21
666 -7.75
667 -7.67
668 -7.64
669 -5.09
670 -7.65
671 -5.14
672 -7.68
673 -5.21
674 -7.76
675 -7.68
676 -7.66
677 -7.72
678 -7.71
679 -7.77
680 -5.24
681 -7.74
682 -7.68
683 -5.16
684 -7.72
685 -7.70
686 -7.57
687 -7.60
688 -5.05
689 -5.06
690 -7.62
691 -2.64
692 -5.01
693 -5.31
694 -7.72
695 -7.64
696 -7.71
697 -7.63
698 -5.16
699 -7.52
700 -7.63
701 -7.74
702 -7.72
703 -7.61
704 -7.71
705 -7.61
706 -7.66
707 -5.03
708 -7.67
709 -7.62
710 -7.61
711 -5.11
712 -7.81
713 -2.50
714 -7.67
715 -7.83
716 -7.79
717 -7.64
718 -5.15
719 -7.68
720 -7.41
721 -7.52
722 -7.71
723 -7.53
724 -7.69
725 -5.04
726 -7.68
727 -5.22
728 -7.58
729 -7.59
730 -7.76
731 -7.64
732 -7.69
733 -7.52
734 -7.72
735 -7.63
736 -7.56
737 -7.62
738 -7.81
739 -5.40
740 -7.75
741 -7.70
742 -7.54
743 -8.73
744 -7.85
745 -7.69
746 -7.77
747 -7.73
748 -7.67
749 -5.15
750 -5.11
751 -7.58
752 -7.73
753 -7.68
754 -7.53
755 -5.16
756 -7.53
757 -7.67
758 -7.76
759 -2.68
760 -7.72
761 -7.79
762 -7.62
763 -7.69
764 -7.65
765 -7.67
766 -7.69
767 -7.75
768 -7.78
769 -7.67
770 -7.57
771 -7.60
772 -5.14
773 -7.61
774 -5.13
775 -7.65
776 -7.70
777 -7.58
778 -7.66
779 -7.55
780 -7.71
781 -8.64
782 -7.45
783 -5.11
784 -7.70
785 -2.57
786 -8.57
787 -7.75
788 -7.69
789 -7.63
790 -7.70
791 -7.61
792 -7.63
793 -7.76
794 -5.34
795 -7.87
796 -7.60
797 -7.75
798 -7.69
799 -5.06
800 -7.65
801 -7.77
802 -5.08
803 -7.81
804 -7.64
805 -7.60
806 -7.60
807 -7.67
808 -7.67
809 -7.74
810 -7.59
811 -7.72
812 -4.99
813 -7.67
814 -7.87
815 -7.64
816 -7.66
817 -7.63
818 -7.90
819 -7.58
820 -5.18
821 -7.83
822 -7.65
823 -7.67
824 -7.62
825 -7.68
826 -7.60
827 -7.73
828 -7.65
829 -7.74
830 -7.78
831 -7.64
832 -7.63
833 -7.68
834 -7.49
835 -7.66
836 -7.77
837 -7.55
838 -7.62
839 -7.76
840 -7.56
841 -7.74
842 -7.60
843 -5.15
844 -7.70
845 -5.15
846 -7.73
847 -5.26
848 -7.87
849 -7.86
850 -7.68
851 -7.64
852 -7.54
853 -7.68
854 -7.74
855 -7.69
856 -7.87
857 -7.59
858 -5.07
859 -2.52
860 -8.01
861 -7.68
862 -5.20
863 -7.73
864 -7.80
865 -7.77
866 -7.66
867 -7.67
868 -7.70
869 -7.66
870 -5.28
871 -7.57
872 -7.60
873 -7.70
874 -5.36
875 -7.56
876 -5.22
877 -7.69
878 -7.53
879 -5.12
880 -7.67
881 -7.57
882 -7.56
883 -7.60
884 -7.70
885 -7.64
886 -7.77
887 -5.18
888 -7.53
889 -7.70
890 -7.71
891 -5.11
892 -7.77
893 -7.61
894 -7.60
895 -5.36
896 -7.55
897 -7.74
898 -7.73
899 -5.03
900 -7.67
901 -7.73
902 -5.12
903 -7.81
904 -7.55
905 -7.70
906 -7.70
907 -5.14
908 -7.65
909 -7.64
910 -7.71
911 -7.53
912 -7.66
913 -7.56
914 -7.59
915 -7.76
916 -2.62
917 -7.56
918 -7.60
919 -7.75
920 -5.26
921 -7.63
922 -7.77
923 -5.08
924 -7.65
925 -5.34
926 -7.58
927 -7.68
928 -7.65
929 -7.68
930 -7.71
931 -7.68
932 -7.65
933 -7.62
934 -7.68
935 -2.71
936 -7.74
937 -5.24
938 -7.73
939 -7.68
940 -7.68
941 -7.70
942 -7.70
943 -7.78
944 -7.57
945 -7.72
946 -7.69
947 -7.77
948 -7.64
949 -7.57
950 -7.65
951 -7.75
952 -7.64
953 -7.74
954 -5.21
955 -7.65
956 -7.51
957 -7.79
958 -5.27
959 -7.73
960 -2.65
961 -7.72
962 -7.57
963 -7.66
964 -5.18
965 -5.18
966 -7.75
967 -7.74
968 -5.07
969 -5.22
970 -7.74
971 -7.76
972 -5.28
973 -7.62
974 -7.90
975 -6.36
976 -5.15
977 -2.59
978 -7.72
979 -7.79
980 -7.65
981 -7.67
982 -7.65
983 -7.64
984 -7.70
985 -7.62
986 -7.59
987 -7.76
988 -5.08
989 -5.10
990 -7.43
991 -5.20
992 -7.68
993 -7.61
994 -7.63
995 -7.76
996 -7.68
997 -7.78
998 -7.73
999 -7.60
3682.930285692215
