0 -7.7399999999998705
1 -7.719999999999871
2 -7.524999999999875
3 -7.659999999999872
4 -7.844999999999868
5 -7.709999999999871
6 -7.604999999999873
7 -7.664999999999872
8 -7.5999999999998735
9 -7.639999999999873
10 -7.74999999999987
11 -7.454999999999877
12 -7.674999999999872
13 -7.659999999999872
14 -7.7399999999998705
15 -7.514999999999875
16 -7.629999999999873
17 -7.5999999999998735
18 -7.659999999999872
19 -7.6949999999998715
20 -7.669999999999872
21 -7.589999999999874
22 -7.5549999999998745
23 -7.379999999999878
24 -7.839999999999868
25 -7.74999999999987
26 -7.809999999999869
27 -7.704999999999871
28 -7.624999999999873
29 -7.74499999999987
30 -8.034999999999865
31 -7.609999999999873
32 -7.6949999999998715
33 -7.719999999999871
34 -7.629999999999873
35 -7.549999999999875
36 -7.689999999999872
37 -7.579999999999874
38 -4.994999999999876
39 -7.609999999999873
40 -7.669999999999872
41 -7.569999999999874
42 -7.689999999999872
43 -7.669999999999872
44 -7.7399999999998705
45 -7.669999999999872
46 -7.669999999999872
47 -7.539999999999875
48 -7.689999999999872
49 -7.814999999999866
50 -5.274999999999871
51 -7.644999999999873
52 -7.419999999999877
53 -7.479999999999876
54 -7.669999999999872
55 -7.559999999999874
56 -7.529999999999875
57 -7.434999999999877
58 -7.689999999999872
59 -7.669999999999872
60 -7.639999999999873
61 -7.589999999999874
62 -7.714999999999871
63 -5.199999999999871
64 -5.124999999999873
65 -7.474999999999876
66 -7.6499999999998725
67 -7.594999999999874
68 -7.524999999999875
69 -5.134999999999873
70 -7.579999999999874
71 -7.619999999999873
72 -7.729999999999871
73 -7.619999999999873
74 -7.74999999999987
75 -7.374999999999878
76 -7.454999999999877
77 -7.629999999999873
78 -7.804999999999869
79 -7.589999999999874
80 -7.704999999999871
81 -7.709999999999871
82 -4.974999999999876
83 -7.469999999999876
84 -7.559999999999874
85 -7.78499999999987
86 -7.664999999999872
87 -7.579999999999874
88 -7.489999999999876
89 -7.509999999999875
90 -7.589999999999874
91 -7.579999999999874
92 -7.834999999999867
93 -7.7899999999998695
94 -7.514999999999875
95 -7.7899999999998695
96 -7.75999999999987
97 -7.684999999999872
98 -7.639999999999873
99 -7.479999999999876
100 -7.654999999999872
101 -7.809999999999869
102 -7.594999999999874
103 -7.719999999999871
104 -7.719999999999871
105 -7.574999999999874
106 -7.709999999999871
107 -7.654999999999872
108 -7.589999999999874
109 -7.689999999999872
110 -7.624999999999873
111 -7.74999999999987
112 -7.419999999999877
113 -7.7399999999998705
114 -7.534999999999875
115 -7.6499999999998725
116 -7.549999999999875
117 -7.659999999999872
118 -7.709999999999871
119 -7.859999999999868
120 -7.6949999999998715
121 -4.964999999999876
122 -7.659999999999872
123 -7.549999999999875
124 -7.429999999999877
125 -7.529999999999875
126 -7.7399999999998705
127 -7.799999999999869
128 -7.689999999999872
129 -5.034999999999875
130 -7.574999999999874
131 -7.489999999999876
132 -7.714999999999871
133 -7.814999999999869
134 -7.77999999999987
135 -7.639999999999873
136 -7.619999999999873
137 -7.354999999999879
138 -7.75999999999987
139 -7.379999999999878
140 -7.734999999999871
141 -7.674999999999872
142 -7.5999999999998735
143 -7.689999999999872
144 -7.679999999999872
145 -7.729999999999871
146 -7.524999999999875
147 -7.7399999999998705
148 -7.639999999999873
149 -7.639999999999873
150 -7.709999999999871
151 -7.624999999999873
152 -5.024999999999875
153 -7.369999999999878
154 -7.76999999999987
155 -7.174999999999882
156 -4.80999999999988
157 -7.614999999999873
158 -7.6499999999998725
159 -7.839999999999868
160 -7.629999999999873
161 -7.639999999999873
162 -7.589999999999874
163 -7.679999999999872
164 -7.689999999999872
165 -7.709999999999871
166 -7.579999999999874
167 -7.7399999999998705
168 -7.6949999999998715
169 -7.629999999999873
170 -7.709999999999871
171 -7.704999999999871
172 -7.5999999999998735
173 -7.704999999999871
174 -7.669999999999872
175 -7.589999999999874
176 -7.619999999999873
177 -7.874999999999868
178 -7.639999999999873
179 -7.829999999999869
180 -7.549999999999875
181 -7.6499999999998725
182 -7.519999999999875
183 -7.619999999999873
184 -5.034999999999875
185 -7.699999999999871
186 -7.77999999999987
187 -7.6499999999998725
188 -5.029999999999875
189 -7.5049999999998755
190 -7.619999999999873
191 -7.439999999999877
192 -7.704999999999871
193 -7.689999999999872
194 -7.579999999999874
195 -2.4399999999998765
196 -7.689999999999872
197 -7.574999999999874
198 -7.684999999999872
199 -7.679999999999872
200 -7.809999999999869
201 -7.819999999999869
202 -7.7899999999998695
203 -7.5999999999998735
204 -7.709999999999871
205 -7.439999999999877
206 -7.709999999999871
207 -7.524999999999875
208 -7.659999999999872
209 -7.669999999999872
210 -7.719999999999871
211 -7.6499999999998725
212 -7.729999999999871
213 -7.6949999999998715
214 -7.529999999999875
215 -7.5999999999998735
216 -7.869999999999868
217 -7.5999999999998735
218 -7.679999999999872
219 -6.814999999999885
220 -7.559999999999874
221 -7.639999999999873
222 -7.78499999999987
223 -5.0999999999998735
224 -7.494999999999876
225 -7.634999999999873
226 -5.069999999999874
227 -7.284999999999863
228 -7.589999999999874
229 -5.094999999999874
230 -7.5999999999998735
231 -7.469999999999876
232 -7.569999999999874
233 -7.709999999999871
234 -7.679999999999872
235 -5.089999999999874
236 -7.75999999999987
237 -7.6499999999998725
238 -7.74999999999987
239 -7.579999999999874
240 -5.119999999999873
241 -7.639999999999873
242 -7.679999999999872
243 -7.729999999999871
244 -7.689999999999872
245 -7.489999999999876
246 -7.569999999999874
247 -7.609999999999873
248 -7.799999999999869
249 -7.579999999999874
250 -7.679999999999872
251 -8.874999999999824
252 -7.689999999999872
253 -7.559999999999874
254 -7.609999999999873
255 -7.854999999999868
256 -8.229999999999858
257 -5.2899999999998695
258 -7.794999999999869
259 -7.75999999999987
260 -7.629999999999873
261 -7.5999999999998735
262 -5.229999999999871
263 -7.719999999999871
264 -7.564999999999874
265 -7.409999999999878
266 -7.74499999999987
267 -7.969999999999866
268 -7.719999999999871
269 -7.719999999999871
270 -4.969999999999876
271 -7.559999999999874
272 -7.6499999999998725
273 -7.264999999999881
274 -7.679999999999872
275 -7.689999999999872
276 -7.74999999999987
277 -5.129999999999873
278 -7.794999999999869
279 -7.839999999999868
280 -5.189999999999872
281 -7.374999999999878
282 -7.639999999999873
283 -7.76999999999987
284 -7.604999999999873
285 -2.7449999999999353
286 -7.654999999999872
287 -7.664999999999872
288 -7.814999999999869
289 -7.619999999999873
290 -7.569999999999874
291 -7.829999999999869
292 -7.519999999999875
293 -5.134999999999873
294 -7.689999999999872
295 -7.584999999999874
296 -7.96499999999986
297 -7.74999999999987
298 -7.679999999999872
299 -7.624999999999873
300 -7.559999999999874
301 -7.509999999999875
302 -7.514999999999875
303 -7.454999999999877
304 -7.589999999999874
305 -7.659999999999872
306 -7.699999999999871
307 -5.26999999999987
308 -7.849999999999868
309 -7.559999999999874
310 -4.684999999999882
311 -7.689999999999872
312 -7.74999999999987
313 -7.7399999999998705
314 -7.74999999999987
315 -7.569999999999874
316 -8.394999999999836
317 -7.539999999999875
318 -7.219999999999882
319 -7.74999999999987
320 -7.654999999999872
321 -7.629999999999873
322 -7.76999999999987
323 -7.4149999999998775
324 -7.719999999999871
325 -7.449999999999877
326 -7.629999999999873
327 -7.594999999999874
328 -7.75999999999987
329 -7.78499999999987
330 -7.654999999999872
331 -7.604999999999873
332 -4.909999999999878
333 -5.159999999999872
334 -7.669999999999872
335 -7.6499999999998725
336 -7.76499999999987
337 -7.639999999999873
338 -5.049999999999875
339 -7.74999999999987
340 -7.579999999999874
341 -2.659999999999872
342 -7.664999999999872
343 -5.014999999999875
344 -7.394999999999878
345 -7.6499999999998725
346 -7.654999999999872
347 -7.4599999999998765
348 -7.7399999999998705
349 -7.699999999999871
350 -5.039999999999875
351 -7.639999999999873
352 -5.094999999999874
353 -7.509999999999875
354 -7.654999999999872
355 -7.589999999999874
356 -5.174999999999873
357 -7.629999999999873
358 -7.699999999999871
359 -5.0999999999998735
360 -7.669999999999872
361 -7.75999999999987
362 -7.5549999999998745
363 -7.639999999999873
364 -7.699999999999871
365 -7.639999999999873
366 -7.389999999999878
367 -7.659999999999872
368 -7.524999999999875
369 -7.77999999999987
370 -7.709999999999871
371 -7.609999999999873
372 -7.594999999999874
373 -7.719999999999871
374 -7.7899999999998695
375 -4.884999999999878
376 -2.509999999999875
377 -4.859999999999879
378 -7.589999999999874
379 -7.75999999999987
380 -7.619999999999873
381 -4.494999999999887
382 -7.75999999999987
383 -7.529999999999875
384 -7.5549999999998745
385 -7.899999999999867
386 -7.559999999999874
387 -7.629999999999873
388 -7.674999999999872
389 -5.189999999999872
390 -7.679999999999872
391 -7.584999999999874
392 -6.289999999999879
393 -7.619999999999873
394 -7.819999999999869
395 -7.529999999999875
396 -7.699999999999871
397 -7.209999999999882
398 -5.209999999999871
399 -7.75999999999987
400 -7.499999999999876
401 -7.699999999999871
402 -7.679999999999872
403 -7.529999999999875
404 -7.389999999999878
405 -7.644999999999873
406 -2.564999999999874
407 -4.974999999999876
408 -7.719999999999871
409 -7.689999999999872
410 -7.849999999999868
411 -7.639999999999873
412 -3.4899999999999336
413 -7.634999999999873
414 -7.709999999999871
415 -7.77999999999987
416 -7.529999999999875
417 -7.659999999999872
418 -7.6499999999998725
419 -7.384999999999878
420 -7.574999999999874
421 -7.75999999999987
422 -7.634999999999873
423 -7.78499999999987
424 -7.634999999999873
425 -7.574999999999874
426 -5.154999999999872
427 -5.184999999999872
428 -7.74999999999987
429 -7.6499999999998725
430 -7.799999999999867
431 -7.634999999999873
432 -7.76999999999987
433 -7.609999999999873
434 -7.5999999999998735
435 -7.569999999999874
436 -7.474999999999876
437 -7.629999999999873
438 -7.569999999999874
439 -7.549999999999875
440 -7.76499999999987
441 -7.709999999999871
442 -7.6499999999998725
443 -7.699999999999871
444 -7.644999999999873
445 -7.734999999999871
446 -7.549999999999875
447 -4.939999999999877
448 -7.659999999999872
449 -5.019999999999875
450 -7.699999999999871
451 -7.489999999999876
452 -7.539999999999875
453 -7.6499999999998725
454 -7.579999999999874
455 -5.069999999999874
456 -7.539999999999875
457 -7.859999999999868
458 -7.6949999999998715
459 -7.609999999999873
460 -7.729999999999871
461 -7.75999999999987
462 -7.709999999999871
463 -7.659999999999872
464 -7.689999999999872
465 -7.77999999999987
466 -7.6499999999998725
467 -7.559999999999874
468 -7.579999999999874
469 -7.609999999999873
470 -7.7899999999998695
471 -7.639999999999873
472 -7.659999999999872
473 -7.584999999999874
474 -7.604999999999873
475 -7.659999999999872
476 -7.709999999999871
477 -7.699999999999871
478 -7.529999999999875
479 -4.999999999999876
480 -7.7399999999998705
481 -7.594999999999874
482 -7.6499999999998725
483 -5.159999999999872
484 -7.494999999999876
485 -7.589999999999874
486 -7.604999999999873
487 -7.519999999999855
488 -7.74999999999987
489 -7.239999999999881
490 -7.719999999999871
491 -7.424999999999877
492 -7.5999999999998735
493 -7.77999999999987
494 -7.609999999999873
495 -7.5549999999998745
496 -7.509999999999875
497 -7.829999999999869
498 -5.25499999999987
499 -7.574999999999874
500 -7.549999999999875
501 -7.7399999999998705
502 -7.689999999999872
503 -7.5049999999998755
504 -7.489999999999876
505 -7.729999999999871
506 -7.714999999999871
507 -6.759999999999879
508 -6.724999999999883
509 -7.6499999999998725
510 -7.484999999999876
511 -7.699999999999871
512 -7.699999999999871
513 -7.5999999999998735
514 -7.659999999999872
515 -7.519999999999875
516 -7.8799999999998676
517 -7.639999999999873
518 -5.074999999999874
519 -8.019999999999865
520 -7.6499999999998725
521 -7.539999999999875
522 -7.799999999999869
523 -7.579999999999874
524 -5.184999999999872
525 -7.814999999999869
526 -7.30999999999988
527 -7.629999999999873
528 -7.799999999999869
529 -7.084999999999881
530 -7.539999999999875
531 -7.679999999999872
532 -7.619999999999873
533 -7.624999999999873
534 -7.569999999999874
535 -7.509999999999875
536 -7.6499999999998725
537 -7.544999999999875
538 -7.664999999999872
539 -7.664999999999872
540 -7.709999999999871
541 -7.509999999999875
542 -7.689999999999872
543 -7.549999999999875
544 -7.529999999999875
545 -7.799999999999869
546 -7.5049999999998755
547 -7.719999999999871
548 -7.634999999999873
549 -7.689999999999872
550 -7.719999999999871
551 -7.514999999999875
552 -7.679999999999872
553 -7.629999999999873
554 -16.014999999999652
555 -7.669999999999872
556 -7.669999999999872
557 -7.619999999999873
558 -7.619999999999873
559 -7.609999999999873
560 -7.6499999999998725
561 -7.609999999999873
562 -7.534999999999875
563 -7.829999999999869
564 -5.039999999999875
565 -5.024999999999875
566 -7.7399999999998705
567 -7.634999999999873
568 -7.579999999999874
569 -7.709999999999871
570 -7.669999999999872
571 -7.6499999999998725
572 -7.694999999999865
573 -7.264999999999881
574 -7.639999999999873
575 -7.74999999999987
576 -5.109999999999873
577 -7.549999999999875
578 -7.75999999999987
579 -7.74999999999987
580 -6.774999999999881
581 -7.799999999999869
582 -7.889999999999867
583 -7.509999999999875
584 -5.199999999999871
585 -2.364999999999878
586 -3.624999999999914
587 -7.654999999999872
588 -5.179999999999872
589 -8.004999999999843
590 -7.6499999999998725
591 -7.579999999999874
592 -7.889999999999867
593 -7.394999999999878
594 -7.829999999999869
595 -7.669999999999872
596 -7.714999999999871
597 -7.6499999999998725
598 -7.589999999999874
599 -7.74999999999987
600 -7.674999999999872
601 -7.709999999999871
602 -4.949999999999877
603 -7.579999999999874
604 -7.689999999999872
605 -7.559999999999874
606 -7.354999999999879
607 -7.564999999999874
608 -7.5999999999998735
609 -7.669999999999872
610 -7.7399999999998705
611 -5.27499999999987
612 -7.74999999999987
613 -5.179999999999872
614 -7.524999999999875
615 -7.75499999999987
616 -7.704999999999871
617 -7.609999999999873
618 -7.704999999999871
619 -7.76999999999987
620 -5.029999999999875
621 -7.729999999999871
622 -7.569999999999874
623 -7.669999999999872
624 -7.589999999999874
625 -7.809999999999869
626 -5.0549999999998745
627 -7.77999999999987
628 -7.579999999999874
629 -7.719999999999871
630 -7.494999999999876
631 -7.519999999999875
632 -7.629999999999873
633 -7.489999999999876
634 -7.574999999999874
635 -7.719999999999871
636 -7.499999999999876
637 -7.75999999999987
638 -7.659999999999872
639 -7.569999999999874
640 -7.474999999999876
641 -4.224999999999892
642 -7.679999999999872
643 -7.659999999999872
644 -7.639999999999873
645 -7.559999999999874
646 -7.474999999999876
647 -7.574999999999874
648 -7.569999999999874
649 -7.5999999999998735
650 -7.569999999999874
651 -7.719999999999871
652 -7.669999999999872
653 -7.78499999999987
654 -7.4599999999998765
655 -7.559999999999874
656 -5.209999999999871
657 -7.464999999999876
658 -7.609999999999873
659 -7.509999999999875
660 -7.639999999999873
661 -7.509999999999875
662 -7.639999999999873
663 -7.584999999999874
664 -7.849999999999868
665 -7.689999999999872
666 -7.659999999999872
667 -7.709999999999871
668 -7.6499999999998725
669 -7.75999999999987
670 -7.524999999999875
671 -4.979999999999876
672 -7.6499999999998725
673 -7.679999999999872
674 -7.619999999999873
675 -7.709999999999871
676 -7.77999999999987
677 -5.229999999999871
678 -7.469999999999876
679 -7.639999999999873
680 -7.529999999999875
681 -5.029999999999875
682 -7.679999999999872
683 -7.689999999999872
684 -7.75999999999987
685 -6.584999999999873
686 -7.669999999999872
687 -7.489999999999876
688 -7.729999999999871
689 -7.619999999999873
690 -7.659999999999872
691 -7.639999999999873
692 -7.679999999999872
693 -7.6499999999998725
694 -7.709999999999871
695 -7.569999999999874
696 -7.539999999999875
697 -8.044999999999863
698 -7.519999999999875
699 -7.819999999999869
700 -7.539999999999875
701 -7.574999999999874
702 -7.394999999999869
703 -7.7399999999998705
704 -7.699999999999871
705 -7.679999999999872
706 -8.059999999999864
707 -4.759999999999881
708 -7.579999999999874
709 -7.7399999999998705
710 -7.799999999999869
711 -7.664999999999872
712 -7.77999999999987
713 -7.699999999999871
714 -5.139999999999873
715 -7.579999999999874
716 -7.479999999999876
717 -7.669999999999872
718 -7.734999999999871
719 -7.829999999999869
720 -7.3199999999998795
721 -6.044999999999853
722 -7.569999999999874
723 -7.5999999999998735
724 -4.994999999999876
725 -7.5999999999998735
726 -7.614999999999873
727 -7.734999999999871
728 -7.7399999999998705
729 -7.669999999999872
730 -7.859999999999868
731 -7.619999999999873
732 -7.74499999999987
733 -7.699999999999871
734 -7.799999999999869
735 -7.76999999999987
736 -7.859999999999868
737 -5.129999999999873
738 -7.339999999999879
739 -7.529999999999875
740 -7.619999999999873
741 -7.639999999999873
742 -7.534999999999875
743 -7.569999999999874
744 -7.7399999999998705
745 -7.609999999999873
746 -7.7899999999998695
747 -7.489999999999876
748 -7.77999999999987
749 -7.189999999999882
750 -5.159999999999872
751 -5.304999999999869
752 -7.444999999999877
753 -2.564999999999874
754 -7.519999999999875
755 -7.719999999999871
756 -7.639999999999873
757 -7.709999999999871
758 -7.609999999999873
759 -7.714999999999871
760 -7.809999999999869
761 -7.5999999999998735
762 -7.899999999999867
763 -7.75999999999987
764 -7.589999999999874
765 -7.629999999999873
766 -7.499999999999876
767 -7.529999999999875
768 -7.449999999999877
769 -7.689999999999872
770 -7.219999999999882
771 -7.724999999999871
772 -7.654999999999872
773 -7.76999999999987
774 -7.74499999999987
775 -7.819999999999869
776 -7.539999999999875
777 -7.579999999999874
778 -7.709999999999871
779 -2.2599999999999634
780 -7.77999999999987
781 -7.899999999999867
782 -7.689999999999872
783 -7.639999999999873
784 -7.629999999999873
785 -7.669999999999872
786 -7.509999999999875
787 -7.5549999999998745
788 -7.719999999999871
789 -7.619999999999873
790 -7.629999999999873
791 -7.819999999999869
792 -7.639999999999873
793 -7.594999999999874
794 -7.399999999999878
795 -7.644999999999873
796 -7.714999999999858
797 -7.494999999999876
798 -2.5749999999999362
799 -7.524999999999875
800 -7.77999999999987
801 -6.979999999999883
802 -7.669999999999872
803 -7.519999999999875
804 -7.559999999999874
805 -7.3199999999998795
806 -7.724999999999871
807 -7.764999999999866
808 -7.489999999999876
809 -7.839999999999868
810 -7.539999999999875
811 -4.989999999999876
812 -7.679999999999872
813 -7.409999999999878
814 -7.619999999999873
815 -7.734999999999854
816 -7.699999999999871
817 -7.689999999999872
818 -7.619999999999873
819 -7.629999999999873
820 -7.489999999999876
821 -7.664999999999872
822 -6.864999999999882
823 -7.75999999999987
824 -7.6499999999998725
825 -2.699999999999871
826 -7.7899999999998695
827 -5.26499999999987
828 -7.549999999999875
829 -7.869999999999868
830 -7.609999999999873
831 -5.109999999999873
832 -7.76999999999987
833 -7.629999999999873
834 -7.2549999999998604
835 -7.679999999999872
836 -7.719999999999871
837 -7.699999999999871
838 -7.7399999999998705
839 -4.944999999999877
840 -7.719999999999871
841 -7.644999999999873
842 -7.76999999999987
843 -7.429999999999877
844 -7.669999999999872
845 -7.679999999999872
846 -7.609999999999873
847 -7.639999999999873
848 -7.659999999999872
849 -7.639999999999873
850 -7.579999999999874
851 -7.709999999999871
852 -7.829999999999869
853 -7.629999999999873
854 -7.709999999999871
855 -7.574999999999852
856 -5.014999999999875
857 -7.659999999999872
858 -7.369999999999878
859 -6.98499999999988
860 -7.76999999999987
861 -7.574999999999874
862 -5.389999999999877
863 -4.994999999999876
864 -7.589999999999874
865 -7.629999999999873
866 -7.549999999999875
867 -7.76999999999987
868 -7.639999999999873
869 -7.639999999999873
870 -7.5999999999998735
871 -7.619999999999873
872 -7.219999999999881
873 -7.819999999999869
874 -7.004999999999881
875 -4.929999999999877
876 -7.659999999999872
877 -7.534999999999875
878 -7.679999999999872
879 -7.679999999999872
880 -7.634999999999873
881 -7.584999999999874
882 -7.7399999999998705
883 -7.7399999999998705
884 -7.77999999999987
885 -5.164999999999872
886 -7.619999999999873
887 -7.589999999999874
888 -7.799999999999869
889 -7.559999999999874
890 -7.699999999999871
891 -3.009999999999927
892 -7.6499999999998725
893 -7.389999999999878
894 -5.009999999999875
895 -7.6949999999998715
896 -7.77999999999987
897 -7.5999999999998735
898 -4.834999999999879
899 -7.629999999999873
900 -7.74999999999987
901 -7.639999999999873
902 -5.3099999999999
903 -7.849999999999868
904 -7.589999999999874
905 -7.809999999999869
906 -7.584999999999874
907 -7.719999999999871
908 -7.6949999999998715
909 -7.5999999999998735
910 -4.674999999999883
911 -7.699999999999871
912 -7.574999999999874
913 -7.729999999999871
914 -7.579999999999874
915 -4.884999999999878
916 -7.659999999999872
917 -6.349999999999881
918 -7.794999999999869
919 -7.75999999999987
920 -7.494999999999876
921 -4.894999999999878
922 -7.589999999999874
923 -7.6499999999998725
924 -5.234999999999871
925 -7.479999999999876
926 -7.669999999999872
927 -6.999999999999884
928 -7.509999999999875
929 -7.579999999999874
930 -7.77999999999987
931 -7.76999999999987
932 -7.6499999999998725
933 -7.809999999999869
934 -7.679999999999872
935 -7.629999999999873
936 -7.704999999999871
937 -7.639999999999873
938 -7.679999999999872
939 -7.669999999999872
940 -7.6499999999998725
941 -7.809999999999869
942 -7.389999999999878
943 -7.609999999999873
944 -8.62499999999983
945 -7.844999999999868
946 -7.629999999999873
947 -7.689999999999872
948 -7.689999999999872
949 -7.729999999999871
950 -7.609999999999873
951 -6.809999999999868
952 -5.134999999999873
953 -7.7399999999998705
954 -7.77499999999987
955 -7.77499999999987
956 -7.619999999999873
957 -7.719999999999871
958 -7.699999999999871
959 -6.6699999999998845
960 -7.729999999999871
961 -7.5549999999998745
962 -7.729999999999871
963 -7.689999999999872
964 -2.5499999999999368
965 -7.639999999999873
966 -7.5999999999998735
967 -7.454999999999877
968 -7.589999999999874
969 -7.619999999999873
970 -7.709999999999871
971 -7.76999999999987
972 -7.514999999999867
973 -7.829999999999869
974 -7.559999999999874
975 -7.349999999999879
976 -7.75999999999987
977 -7.639999999999873
978 -5.234999999999883
979 -7.584999999999874
980 -7.74999999999987
981 -7.859999999999868
982 -7.729999999999871
983 -7.669999999999872
984 -7.559999999999874
985 -7.699999999999871
986 -7.604999999999873
987 -7.5999999999998735
988 -7.454999999999877
989 -7.609999999999873
990 -7.589999999999874
991 -7.199999999999882
992 -7.659999999999872
993 -7.664999999999872
994 -7.804999999999869
995 -7.689999999999872
996 -7.734999999999871
997 -7.74999999999987
998 -7.514999999999875
999 -7.2249999999998815
1000 -7.629999999999873
1001 -7.229999999999861
1002 -7.679999999999872
1003 -7.619999999999873
1004 -7.609999999999873
1005 -7.484999999999876
1006 -7.584999999999874
1007 -5.089999999999874
1008 -7.579999999999874
1009 -7.29999999999988
1010 -7.6499999999998725
1011 -7.564999999999874
1012 -7.589999999999874
1013 -7.6499999999998725
1014 -7.549999999999875
1015 -7.7399999999998705
1016 -7.579999999999874
1017 -7.6499999999998725
1018 -7.344999999999879
1019 -7.639999999999873
1020 -7.509999999999875
1021 -7.679999999999872
1022 -6.404999999999887
1023 -7.484999999999876
1024 -5.124999999999873
1025 -7.559999999999874
1026 -7.679999999999872
1027 -7.7399999999998705
1028 -7.5999999999998735
1029 -7.699999999999871
1030 -5.2899999999998695
1031 -7.669999999999872
1032 -5.1949999999998715
1033 -7.799999999999869
1034 -7.5999999999998735
1035 -7.714999999999871
1036 -4.949999999999878
1037 -7.479999999999876
1038 -7.674999999999872
1039 -7.494999999999876
1040 -7.669999999999872
1041 -7.689999999999872
1042 -8.644999999999829
1043 -7.154999999999882
1044 -7.579999999999874
1045 -2.5649999999999364
1046 -7.589999999999874
1047 -7.439999999999877
1048 -7.629999999999873
1049 -7.549999999999875
1050 -7.619999999999873
1051 -7.734999999999871
1052 -7.584999999999874
1053 -7.234999999999881
1054 -7.719999999999871
1055 -7.579999999999874
1056 -7.564999999999874
1057 -7.644999999999873
1058 -7.059999999999885
1059 -7.609999999999873
1060 -7.534999999999875
1061 -7.5999999999998735
1062 -7.689999999999872
1063 -7.629999999999873
1064 -6.114999999999883
1065 -7.734999999999871
1066 -7.669999999999872
1067 -7.689999999999872
1068 -7.569999999999874
1069 -7.609999999999873
1070 -7.509999999999875
1071 -7.469999999999876
1072 -7.579999999999874
1073 -7.679999999999872
1074 -7.609999999999873
1075 -5.124999999999873
1076 -7.679999999999872
1077 -7.659999999999872
1078 -7.629999999999873
1079 -7.719999999999871
1080 -7.514999999999875
1081 -4.749999999999881
1082 -7.6499999999998725
1083 -7.529999999999875
1084 -5.219999999999871
1085 -7.594999999999874
1086 -7.689999999999872
1087 -7.5999999999998735
1088 -5.069999999999874
1089 -7.514999999999875
1090 -4.989999999999876
1091 -7.609999999999873
1092 -7.549999999999875
1093 -7.719999999999871
1094 -7.719999999999871
1095 -7.579999999999874
1096 -7.659999999999872
1097 -7.709999999999871
1098 -7.7399999999998705
1099 -5.064999999999874
1100 -8.109999999999848
1101 -7.664999999999872
1102 -7.574999999999874
1103 -4.9599999999998765
1104 -7.724999999999871
1105 -7.819999999999869
1106 -7.7399999999998705
1107 -7.539999999999875
1108 -7.619999999999873
1109 -7.689999999999872
1110 -7.579999999999874
1111 -7.609999999999873
1112 -7.939999999999866
1113 -7.609999999999873
1114 -7.0899999999998675
1115 -7.5999999999998735
1116 -7.709999999999871
1117 -7.524999999999875
1118 -7.5999999999998735
1119 -7.75999999999987
1120 -7.829999999999865
1121 -8.164999999999853
1122 -7.644999999999873
1123 -7.5549999999998745
1124 -5.109999999999873
1125 -7.669999999999872
1126 -7.584999999999866
1127 -7.709999999999871
1128 -7.699999999999871
1129 -7.719999999999871
1130 -7.729999999999871
1131 -5.119999999999873
1132 -7.659999999999872
1133 -7.729999999999871
1134 -2.599999999999873
1135 -7.6499999999998725
1136 -8.064999999999864
1137 -4.984999999999876
1138 -7.464999999999876
1139 -7.639999999999873
1140 -7.76999999999987
1141 -7.659999999999872
1142 -7.6499999999998725
1143 -7.674999999999872
1144 -7.619999999999873
1145 -7.719999999999871
1146 -7.31499999999988
1147 -7.454999999999877
1148 -7.814999999999869
1149 -7.709999999999871
1150 -7.464999999999854
1151 -7.5999999999998735
1152 -7.544999999999875
1153 -7.719999999999871
1154 -7.78499999999987
1155 -6.529999999999883
1156 -7.584999999999874
1157 -5.124999999999873
1158 -7.679999999999872
1159 -7.699999999999871
1160 -7.659999999999872
1161 -7.639999999999873
1162 -7.5999999999998735
1163 -7.569999999999874
1164 -7.719999999999871
1165 -7.799999999999869
1166 -7.954999999999866
1167 -7.234999999999881
1168 -6.829999999999868
1169 -7.6499999999998725
1170 -7.354999999999879
1171 -2.519999999999875
1172 -7.849999999999846
1173 -7.6499999999998725
1174 -2.6349999999998723
1175 -2.374999999999878
1176 -7.799999999999869
1177 -5.179999999999872
1178 -7.619999999999873
1179 -7.74999999999987
1180 -7.74999999999987
1181 -7.77499999999987
1182 -7.699999999999871
1183 -7.534999999999875
1184 -7.644999999999873
1185 -7.74999999999987
1186 -7.6499999999998725
1187 -7.719999999999871
1188 -7.659999999999872
1189 -7.7399999999998705
1190 -7.609999999999873
1191 -7.559999999999874
1192 -7.464999999999876
1193 -4.969999999999877
1194 -7.519999999999875
1195 -7.569999999999874
1196 -7.6949999999998715
1197 -7.619999999999873
1198 -7.669999999999872
1199 -7.709999999999871
1200 -7.594999999999874
1201 -7.519999999999875
1202 -7.589999999999874
1203 -6.374999999999877
1204 -7.699999999999871
1205 -7.569999999999874
1206 -7.849999999999868
1207 -7.689999999999872
1208 -7.264999999999881
1209 -7.619999999999873
1210 -7.509999999999875
1211 -7.704999999999871
1212 -7.569999999999874
1213 -7.579999999999874
1214 -7.559999999999874
1215 -7.669999999999872
1216 -7.569999999999874
1217 -7.74999999999987
1218 -7.589999999999874
1219 -7.5549999999998745
1220 -7.714999999999871
1221 -7.699999999999871
1222 -7.75999999999987
1223 -5.504999999999896
1224 -7.639999999999873
1225 -7.624999999999873
1226 -7.74999999999987
1227 -7.5999999999998735
1228 -6.529999999999874
1229 -7.939999999999865
1230 -5.074999999999874
1231 -7.614999999999873
1232 -7.709999999999871
1233 -7.76499999999987
1234 -7.639999999999873
1235 -7.579999999999874
1236 -7.654999999999872
1237 -7.569999999999874
1238 -7.089999999999879
1239 -7.604999999999873
1240 -7.719999999999871
1241 -7.634999999999873
1242 -7.75999999999987
1243 -7.184999999999865
1244 -7.549999999999875
1245 -7.6499999999998725
1246 -7.659999999999872
1247 -7.389999999999878
1248 -7.644999999999873
1249 -7.634999999999873
1250 -7.729999999999871
1251 -7.639999999999873
1252 -7.679999999999872
1253 -7.669999999999872
1254 -7.664999999999872
1255 -7.549999999999875
1256 -7.239999999999881
1257 -7.604999999999873
1258 -7.5549999999998745
1259 -7.77999999999987
1260 -7.199999999999882
1261 -7.5999999999998735
1262 -7.7399999999998705
1263 -7.77999999999987
1264 -7.549999999999875
1265 -7.519999999999875
1266 -4.994999999999876
1267 -7.469999999999876
1268 -7.6499999999998725
1269 -2.9349999999999286
1270 -7.629999999999873
1271 -7.549999999999875
1272 -7.6499999999998725
1273 -5.079999999999874
1274 -7.529999999999875
1275 -7.689999999999872
1276 -7.729999999999871
1277 -7.679999999999872
1278 -7.699999999999871
1279 -7.7399999999998705
1280 -7.449999999999877
1281 -7.4149999999998775
1282 -7.6499999999998725
1283 -7.689999999999872
1284 -4.824999999999879
1285 -5.224999999999871
1286 -4.979999999999876
1287 -7.684999999999872
1288 -7.534999999999875
1289 -7.819999999999869
1290 -7.77999999999987
1291 -7.479999999999876
1292 -7.6499999999998725
1293 -7.639999999999873
1294 -7.809999999999869
1295 -7.514999999999875
1296 -7.454999999999877
1297 -5.199999999999871
1298 -7.629999999999873
1299 -7.629999999999873
1300 -7.76999999999987
1301 -7.559999999999874
1302 -7.589999999999874
1303 -5.109999999999873
1304 -5.1499999999998725
1305 -7.434999999999877
1306 -7.679999999999872
1307 -2.5749999999999362
1308 -7.5999999999998735
1309 -7.559999999999874
1310 -7.449999999999877
1311 -5.0999999999998735
1312 -7.679999999999872
1313 -4.154999999999901
1314 -5.119999999999873
1315 -7.669999999999872
1316 -7.699999999999871
1317 -7.699999999999871
1318 -7.474999999999876
1319 -7.6499999999998725
1320 -7.449999999999877
1321 -7.539999999999875
1322 -7.729999999999871
1323 -7.479999999999876
1324 -7.589999999999874
1325 -6.994999999999885
1326 -7.659999999999872
1327 -6.844999999999867
1328 -5.114999999999873
1329 -5.144999999999873
1330 -4.889999999999878
1331 -7.6499999999998725
1332 -7.74999999999987
1333 -7.899999999999867
1334 -7.669999999999872
1335 -2.504999999999875
1336 -7.609999999999873
1337 -4.099999999999907
1338 -4.994999999999876
1339 -7.74999999999987
1340 -7.634999999999873
1341 -7.829999999999869
1342 -5.734999999999891
1343 -7.564999999999874
1344 -7.5549999999998745
1345 -7.659999999999872
1346 -7.589999999999874
1347 -7.569999999999874
1348 -7.5999999999998735
1349 -7.709999999999871
1350 -7.569999999999874
1351 -7.674999999999872
1352 -7.604999999999873
1353 -7.699999999999871
1354 -3.7049999999999037
1355 -7.74999999999987
1356 -7.7899999999998695
1357 -7.489999999999876
1358 -7.579999999999874
1359 -7.339999999999879
1360 -7.534999999999875
1361 -7.679999999999872
1362 -7.809999999999869
1363 -4.654999999999884
1364 -7.714999999999871
1365 -7.729999999999871
1366 -7.404999999999878
1367 -7.809999999999869
1368 -7.629999999999873
1369 -5.0999999999998735
1370 2.4850000000002144
1371 -7.7899999999998695
1372 -7.589999999999874
1373 -7.709999999999871
1374 -7.589999999999874
1375 -7.689999999999872
1376 -7.74999999999987
1377 -7.369999999999878
1378 -7.669999999999872
1379 -7.659999999999872
1380 -3.6349999999999136
1381 -5.104999999999873
1382 -7.679999999999872
1383 -7.719999999999871
1384 -7.734999999999871
1385 -5.114999999999873
1386 -7.539999999999875
1387 -4.894999999999878
1388 -7.77999999999987
1389 -4.8649999999998785
1390 -7.729999999999871
1391 -7.679999999999872
1392 -7.384999999999878
1393 -7.609999999999873
1394 -7.799999999999869
1395 -7.659999999999872
1396 -7.609999999999873
1397 -5.089999999999874
1398 -7.629999999999873
1399 -7.819999999999869
1400 -7.669999999999872
1401 -7.529999999999875
1402 -7.799999999999869
1403 -7.639999999999873
1404 -5.029999999999875
1405 -7.28999999999988
1406 -7.799999999999869
1407 -7.549999999999875
1408 -5.084999999999874
1409 -7.719999999999871
1410 -7.6949999999998715
1411 -7.549999999999875
1412 -7.629999999999873
1413 -8.089999999999863
1414 -7.74999999999987
1415 -5.1499999999998725
1416 -7.474999999999876
1417 -7.629999999999873
1418 -6.984999999999885
1419 -7.7399999999998705
1420 -7.709999999999871
1421 -7.7899999999998695
1422 -7.564999999999874
1423 -5.26999999999987
1424 -7.7099999999998685
1425 -7.589999999999874
1426 -4.2499999999998925
1427 -7.5999999999998735
1428 -7.509999999999875
1429 -5.25499999999987
1430 -4.839999999999906
1431 -5.159999999999872
1432 -7.689999999999872
1433 -7.324999999999879
1434 -7.659999999999872
1435 -7.74999999999987
1436 -7.469999999999876
1437 -7.454999999999877
1438 -7.534999999999875
1439 -7.689999999999872
1440 -7.524999999999875
1441 -7.729999999999871
1442 -7.629999999999873
1443 -7.75999999999987
1444 -7.424999999999877
1445 -7.659999999999872
1446 -7.674999999999872
1447 -5.1949999999998715
1448 -7.064999999999883
1449 -7.639999999999873
1450 -7.689999999999872
1451 -7.659999999999872
1452 -7.6499999999998725
1453 -7.75999999999987
1454 -7.334999999999879
1455 -7.709999999999871
1456 -7.5999999999998735
1457 -7.574999999999874
1458 -7.699999999999871
1459 -7.619999999999873
1460 -0.07499999999991555
1461 -5.134999999999873
1462 -7.75999999999987
1463 -7.569999999999874
1464 -7.639999999999873
1465 -7.419999999999877
1466 -7.619999999999873
1467 -7.619999999999873
1468 -7.639999999999873
1469 -7.139999999999882
1470 -7.724999999999871
1471 -7.7399999999998705
1472 -7.549999999999875
1473 -7.619999999999873
1474 -7.76999999999987
1475 -7.394999999999878
1476 -7.74499999999987
1477 -7.669999999999872
1478 -10.0699999999998
1479 -7.374999999999878
1480 -7.619999999999873
1481 -7.679999999999872
1482 -7.76999999999987
1483 -7.77999999999987
1484 -7.659999999999872
1485 -7.689999999999872
1486 -7.669999999999872
1487 -7.544999999999875
1488 -4.86499999999991
1489 -7.76999999999987
1490 -7.569999999999874
1491 -7.474999999999876
1492 -4.9149999999998775
1493 -7.509999999999875
1494 -5.074999999999874
1495 -7.629999999999873
1496 -7.7399999999998705
1497 -7.529999999999875
1498 -7.629999999999873
1499 -7.679999999999872
1500 -7.74999999999987
1501 -7.404999999999878
1502 -7.77999999999987
1503 -7.619999999999873
1504 -5.014999999999875
1505 -7.7899999999998695
1506 -4.4849999999998875
1507 -7.609999999999873
1508 -7.819999999999869
1509 -7.689999999999872
1510 -7.77999999999987
1511 -7.469999999999876
1512 -7.75999999999987
1513 -7.214999999999882
1514 -7.539999999999875
1515 -7.659999999999872
1516 -7.729999999999871
1517 -7.609999999999873
1518 -7.639999999999873
1519 -7.659999999999872
1520 -5.169999999999872
1521 -5.51999999999988
1522 -7.75499999999987
1523 -7.569999999999874
1524 -7.569999999999874
1525 -7.704999999999871
1526 -7.689999999999872
1527 -7.36499999999987
1528 -2.534999999999937
1529 -7.639999999999873
1530 -2.044999999999886
1531 -7.659999999999872
1532 -7.619999999999873
1533 -7.7399999999998705
1534 -7.529999999999875
1535 -7.729999999999871
1536 -7.5549999999998745
1537 -7.77999999999987
1538 -7.564999999999874
1539 -7.639999999999873
1540 -7.619999999999873
1541 -7.609999999999873
1542 -7.699999999999871
1543 -6.099999999999883
1544 -7.704999999999871
1545 -7.419999999999877
1546 -7.569999999999874
1547 -7.639999999999873
1548 -7.809999999999869
1549 -7.639999999999873
1550 -7.5549999999998745
1551 -7.639999999999873
1552 -7.629999999999873
1553 -7.409999999999878
1554 -7.574999999999874
1555 -7.709999999999871
1556 -7.76999999999987
1557 -4.019999999999897
1558 -7.389999999999878
1559 -7.584999999999874
1560 -7.619999999999873
1561 -7.679999999999872
1562 -7.594999999999874
1563 -7.549999999999875
1564 -7.534999999999875
1565 -7.569999999999874
1566 -7.6499999999998725
1567 -7.669999999999872
1568 -7.609999999999873
1569 -7.699999999999871
1570 -6.384999999999849
1571 -7.679999999999872
1572 -5.24999999999987
1573 -7.6499999999998725
1574 -6.549999999999874
1575 -7.609999999999873
1576 -7.5999999999998735
1577 -5.144999999999873
1578 -7.8799999999998676
1579 -7.6499999999998725
1580 -7.464999999999876
1581 -7.549999999999875
1582 -7.28499999999988
1583 -7.799999999999869
1584 -7.484999999999876
1585 -7.679999999999872
1586 -7.689999999999872
1587 -7.539999999999875
1588 -7.624999999999873
1589 -7.664999999999872
1590 -7.819999999999869
1591 -7.679999999999872
1592 -7.699999999999871
1593 -7.819999999999869
1594 -7.6949999999998715
1595 -7.559999999999874
1596 -7.709999999999871
1597 -4.844999999999879
1598 -5.064999999999874
1599 -7.069999999999882
1600 -7.75999999999987
1601 -4.9599999999998765
1602 -7.6499999999998725
1603 -11.169999999999753
1604 -7.75999999999987
1605 -3.6049999999999143
1606 -7.669999999999872
1607 -2.554999999999874
1608 -7.709999999999871
1609 -7.729999999999871
1610 -7.644999999999873
1611 -7.6499999999998725
1612 -7.729999999999865
1613 -7.689999999999872
1614 -7.74999999999987
1615 -7.889999999999867
1616 -5.229999999999871
1617 -7.619999999999873
1618 -5.9949999999998855
1619 -6.294999999999884
1620 -7.619999999999873
1621 -7.719999999999871
1622 -2.624999999999935
1623 -7.709999999999871
1624 -7.614999999999873
1625 -7.729999999999871
1626 -7.849999999999868
1627 -6.8899999999998665
1628 -7.324999999999878
1629 -7.569999999999874
1630 -7.709999999999871
1631 -7.7399999999998705
1632 -7.5549999999998745
1633 -7.719999999999871
1634 -7.559999999999874
1635 -7.639999999999873
1636 -7.76999999999987
1637 -7.669999999999872
1638 -7.709999999999871
1639 -7.579999999999874
1640 -7.569999999999874
1641 -7.609999999999873
1642 -7.719999999999871
1643 -7.674999999999872
1644 -7.5999999999998735
1645 -7.569999999999874
1646 -7.7399999999998705
1647 -6.739999999999882
1648 -7.639999999999873
1649 -7.479999999999876
1650 -7.474999999999876
1651 -7.719999999999871
1652 -7.394999999999878
1653 -5.25999999999987
1654 -7.709999999999871
1655 -7.809999999999869
1656 -7.609999999999873
1657 -7.584999999999874
1658 -6.799999999999868
1659 -7.7399999999998705
1660 -7.719999999999871
1661 -7.499999999999876
1662 -7.569999999999874
1663 -7.524999999999875
1664 -5.164999999999872
1665 -7.479999999999876
1666 -4.144999999999895
1667 -7.27999999999988
1668 -7.76999999999987
1669 -5.089999999999874
1670 -7.619999999999873
1671 -6.26999999999988
1672 -7.654999999999872
1673 -7.679999999999872
1674 -7.579999999999874
1675 -7.7399999999998705
1676 -7.614999999999873
1677 -7.734999999999871
1678 -7.74999999999987
1679 -7.609999999999873
1680 -7.659999999999872
1681 -7.659999999999872
1682 -7.719999999999871
1683 -7.699999999999871
1684 -7.509999999999875
1685 -7.869999999999868
1686 -7.639999999999873
1687 -7.664999999999872
1688 -7.634999999999873
1689 -7.74999999999987
1690 -7.829999999999869
1691 -7.639999999999873
1692 -7.549999999999875
1693 -7.559999999999874
1694 -7.579999999999874
1695 -5.069999999999874
1696 -6.629999999999881
1697 -7.689999999999872
1698 -7.539999999999875
1699 -7.624999999999873
1700 -7.829999999999866
1701 -7.564999999999874
1702 -7.624999999999873
1703 -7.569999999999874
1704 -7.629999999999873
1705 -7.629999999999873
1706 -7.709999999999871
1707 -7.579999999999867
1708 -7.799999999999869
1709 -7.569999999999874
1710 -7.669999999999872
1711 -7.689999999999872
1712 -7.559999999999874
1713 -6.664999999999871
1714 -5.80499999999989
1715 -7.544999999999875
1716 -7.78499999999987
1717 -7.729999999999871
1718 -7.1449999999998655
1719 -7.244999999999881
1720 -4.84999999999988
1721 -7.6499999999998725
1722 -7.6949999999998715
1723 -7.949999999999866
1724 -7.634999999999873
1725 -7.499999999999876
1726 -7.77999999999987
1727 -7.539999999999875
1728 -7.474999999999876
1729 -8.109999999999863
1730 -7.684999999999872
1731 -7.239999999999881
1732 -7.544999999999875
1733 -7.709999999999871
1734 -7.579999999999874
1735 -7.899999999999867
1736 -5.294999999999869
1737 -7.76999999999987
1738 -7.519999999999875
1739 -7.559999999999874
1740 -7.559999999999874
1741 -7.589999999999874
1742 -4.934999999999877
1743 -7.624999999999873
1744 -7.724999999999871
1745 -7.589999999999874
1746 -7.629999999999873
1747 -5.074999999999874
1748 -6.544999999999874
1749 -7.629999999999873
1750 -6.754999999999882
1751 -7.664999999999872
1752 -7.529999999999875
1753 -5.184999999999872
1754 -7.74999999999987
1755 -7.589999999999874
1756 -7.664999999999872
1757 -7.5549999999998745
1758 -7.619999999999873
1759 -7.29499999999988
1760 -7.574999999999874
1761 -8.559999999999853
1762 -7.709999999999871
1763 -7.699999999999871
1764 -6.74499999999987
1765 -7.619999999999873
1766 -7.534999999999875
1767 -7.549999999999875
1768 -7.76999999999987
1769 -7.664999999999872
1770 -7.679999999999872
1771 -4.38499999999989
1772 -7.569999999999874
1773 -7.699999999999871
1774 -7.839999999999868
1775 -7.579999999999874
1776 -7.6949999999998715
1777 -7.709999999999871
1778 -5.024999999999875
1779 -7.669999999999872
1780 -7.579999999999874
1781 -7.719999999999871
1782 -7.664999999999872
1783 -7.77999999999987
1784 -3.6049999999999143
1785 -7.679999999999872
1786 -7.639999999999873
1787 -7.7399999999998705
1788 -7.679999999999872
1789 -3.9349999999999237
1790 -7.5999999999998735
1791 -3.569999999999915
1792 -7.669999999999872
1793 -7.77999999999987
1794 -7.639999999999873
1795 -7.589999999999874
1796 -7.619999999999873
1797 -2.6749999999998715
1798 -7.7899999999998695
1799 -7.659999999999872
1800 -4.949999999999877
1801 -5.154999999999873
1802 -7.719999999999871
1803 -7.619999999999873
1804 -7.5999999999998735
1805 -7.704999999999871
1806 -5.024999999999875
1807 -7.76999999999987
1808 -7.74999999999987
1809 -7.619999999999873
1810 -7.75499999999987
1811 -7.29999999999988
1812 -5.999999999999885
1813 -7.75999999999987
1814 -7.584999999999874
1815 -7.659999999999872
1816 -7.669999999999872
1817 -7.77999999999987
1818 -7.724999999999871
1819 -7.519999999999875
1820 -7.699999999999871
1821 -7.719999999999871
1822 -7.889999999999867
1823 -7.74999999999987
1824 -7.589999999999874
1825 -7.7899999999998695
1826 -7.869999999999866
1827 -7.74999999999987
1828 -10.704999999999764
1829 -7.639999999999873
1830 -7.77999999999987
1831 -7.76999999999987
1832 -7.514999999999875
1833 -7.604999999999873
1834 -7.639999999999873
1835 -7.674999999999872
1836 -5.27499999999987
1837 -7.559999999999874
1838 -7.634999999999873
1839 -5.179999999999872
1840 -7.569999999999874
1841 -7.3199999999998795
1842 -6.919999999999882
1843 -7.8349999999998685
1844 -7.529999999999875
1845 -7.689999999999872
1846 -7.809999999999869
1847 -7.549999999999875
1848 -7.724999999999871
1849 -7.634999999999873
1850 -7.689999999999872
1851 -7.584999999999874
1852 -7.434999999999877
1853 -7.589999999999874
1854 -7.579999999999874
1855 -7.75999999999987
1856 -7.629999999999873
1857 -7.539999999999875
1858 -5.039999999999875
1859 -7.684999999999872
1860 -7.659999999999872
1861 -7.509999999999875
1862 -7.699999999999871
1863 -7.7399999999998705
1864 -7.339999999999879
1865 -5.154999999999872
1866 -7.619999999999873
1867 -7.654999999999872
1868 -7.569999999999874
1869 -7.689999999999872
1870 -7.519999999999875
1871 -7.699999999999871
1872 -7.76999999999987
1873 -5.174999999999872
1874 -7.5999999999998735
1875 -7.669999999999872
1876 -7.724999999999871
1877 -6.779999999999869
1878 -7.574999999999874
1879 -7.74499999999987
1880 -6.604999999999882
1881 -7.609999999999873
1882 -7.209999999999882
1883 -7.564999999999874
1884 -4.984999999999876
1885 -7.5999999999998735
1886 -7.659999999999872
1887 -7.549999999999875
1888 -7.589999999999874
1889 -7.629999999999873
1890 -5.1499999999998725
1891 -7.374999999999878
1892 -7.709999999999871
1893 -4.889999999999878
1894 -4.169999999999893
1895 -7.419999999999877
1896 -7.709999999999871
1897 -7.7399999999998705
1898 -7.519999999999875
1899 -7.819999999999869
1900 -7.624999999999873
1901 -5.159999999999872
1902 -7.74999999999987
1903 -7.28499999999988
1904 -7.579999999999874
1905 -4.969999999999876
1906 -4.869999999999878
1907 -7.5549999999998745
1908 -6.224999999999881
1909 -7.559999999999874
1910 -7.679999999999872
1911 -6.314999999999879
1912 -7.489999999999876
1913 -7.699999999999871
1914 -7.659999999999872
1915 -7.559999999999874
1916 -7.549999999999875
1917 -7.549999999999875
1918 -7.689999999999872
1919 -7.584999999999874
1920 -7.639999999999873
1921 -3.624999999999914
1922 -7.639999999999873
1923 -6.904999999999881
1924 -7.609999999999873
1925 -7.609999999999873
1926 -4.984999999999876
1927 -7.77999999999987
1928 -7.669999999999872
1929 -7.644999999999873
1930 -7.5549999999998745
1931 -3.6399999999999135
1932 -7.589999999999874
1933 -7.729999999999871
1934 -7.709999999999871
1935 -7.639999999999873
1936 -7.8799999999998676
1937 -7.564999999999874
1938 -7.75999999999987
1939 -7.829999999999869
1940 -7.679999999999872
1941 -7.474999999999876
1942 -7.829999999999869
1943 -7.719999999999871
1944 -7.544999999999875
1945 -7.659999999999872
1946 -6.329999999999878
1947 -7.75999999999987
1948 -7.474999999999876
1949 -7.644999999999873
1950 -7.549999999999875
1951 -7.639999999999873
1952 -7.644999999999873
1953 -7.659999999999872
1954 -5.1499999999998725
1955 -7.699999999999871
1956 -6.289999999999879
1957 -7.474999999999876
1958 -7.709999999999871
1959 -7.699999999999871
1960 -7.7399999999998705
1961 -2.784999999999869
1962 -7.609999999999873
1963 -7.519999999999875
1964 -7.639999999999873
1965 -7.674999999999872
1966 -4.81499999999988
1967 -7.664999999999872
1968 -5.069999999999874
1969 -7.579999999999874
1970 -7.569999999999874
1971 -7.77999999999987
1972 -3.054999999999926
1973 -7.6499999999998725
1974 -7.419999999999877
1975 -7.669999999999872
1976 -7.519999999999875
1977 -7.75999999999987
1978 -7.719999999999871
1979 -4.054999999999907
1980 -7.77999999999987
1981 -7.75999999999987
1982 -7.719999999999871
1983 -7.5549999999998745
1984 -7.719999999999871
1985 -7.639999999999873
1986 -7.709999999999871
1987 -7.634999999999873
1988 -3.569999999999915
1989 -5.169999999999872
1990 -7.74499999999987
1991 -7.74999999999987
1992 -7.639999999999873
1993 -7.644999999999873
1994 -7.659999999999872
1995 -7.684999999999872
1996 -5.029999999999875
1997 -5.2849999999998705
1998 -7.734999999999871
1999 -7.644999999999873
4607.125318288803
