0 27.38
1 31.66
2 25.02
3 37.70
4 44.31
5 30.05
6 34.96
7 33.89
8 23.04
9 22.30
10 51.24
11 34.78
12 22.47
13 39.33
14 26.66
15 25.94
16 24.88
17 32.37
18 24.94
19 26.65
20 29.84
21 37.25
22 31.37
23 38.40
24 49.51
25 43.92
26 32.09
27 30.09
28 32.50
29 21.65
30 14.88
31 34.92
32 24.13
33 28.40
34 29.55
35 34.95
36 25.00
37 37.41
38 29.63
39 39.20
40 11.56
41 50.63
42 15.78
43 38.19
44 35.61
45 22.35
46 36.54
47 36.85
48 12.50
49 30.91
50 47.09
51 41.70
52 43.39
53 19.00
54 34.06
55 27.39
56 21.71
57 18.35
58 29.46
59 35.11
60 31.00
61 35.46
62 31.68
63 39.15
64 26.68
65 28.75
66 37.42
67 32.53
68 43.18
69 40.02
70 17.41
71 14.88
72 33.78
73 34.89
74 26.27
75 42.46
76 39.87
77 51.96
78 40.02
79 44.01
80 27.43
81 31.78
82 32.40
83 26.35
84 27.56
85 22.07
86 32.53
87 25.80
88 54.95
89 27.52
90 38.38
91 24.96
92 51.71
93 43.11
94 29.92
95 27.40
96 27.38
97 32.68
98 25.25
99 34.99
100 43.91
101 29.44
102 27.34
103 59.53
104 47.45
105 36.66
106 26.32
107 33.18
108 26.39
109 38.57
110 37.48
111 35.07
112 39.95
113 36.75
114 47.49
115 32.50
116 32.47
117 35.05
118 34.93
119 34.32
120 39.95
121 32.58
122 33.27
123 27.47
124 27.84
125 27.53
126 46.67
127 54.21
128 16.58
129 42.59
130 42.23
131 29.87
132 29.85
133 36.57
134 58.45
135 44.34
136 22.49
137 54.70
138 19.99
139 45.62
140 60.99
141 47.49
142 48.09
143 11.91
144 34.96
145 61.83
146 39.53
147 25.01
148 45.67
149 31.74
150 39.32
151 47.41
152 39.19
153 56.44
154 25.18
155 37.59
156 27.06
157 45.26
158 44.23
159 50.09
160 53.96
161 46.75
162 50.02
163 49.25
164 44.30
165 25.02
166 44.91
167 37.48
168 35.81
169 58.58
170 49.26
171 50.64
172 40.94
173 27.37
174 72.09
175 50.13
176 27.37
177 40.91
178 68.93
179 44.26
180 42.46
181 27.44
182 32.38
183 44.08
184 26.68
185 32.57
186 42.42
187 25.08
188 37.57
189 42.48
190 26.62
191 48.13
192 17.44
193 34.17
194 30.62
195 30.01
196 31.66
197 53.03
198 35.92
199 27.25
200 38.02
201 22.48
202 45.07
203 51.65
204 52.98
205 39.21
206 24.95
207 42.45
208 34.87
209 42.40
210 37.64
211 29.67
212 29.94
213 46.76
214 42.61
215 29.98
216 32.58
217 34.91
218 26.49
219 58.40
220 29.11
221 32.54
222 58.68
223 34.93
224 48.00
225 36.76
226 51.56
227 41.68
228 37.59
229 44.31
230 29.89
231 37.46
232 39.31
233 42.56
234 38.05
235 58.50
236 43.76
237 35.03
238 42.62
239 38.44
240 66.90
241 36.55
242 40.86
243 52.63
244 37.48
245 51.76
246 54.31
247 47.59
248 53.43
249 27.56
250 37.62
251 28.47
252 27.47
253 55.68
254 40.64
255 39.15
256 34.94
257 47.45
258 55.79
259 56.15
260 47.35
261 36.63
262 45.05
263 27.53
264 42.50
265 23.37
266 73.53
267 44.83
268 53.83
269 32.55
270 34.99
271 31.75
272 56.89
273 39.14
274 37.52
275 55.01
276 59.15
277 49.34
278 37.47
279 54.34
280 46.65
281 63.30
282 45.15
283 49.23
284 75.11
285 44.84
286 44.63
287 53.18
288 37.51
289 37.82
290 42.40
291 35.10
292 37.56
293 60.90
294 55.19
295 35.01
296 34.94
297 52.61
298 56.50
299 67.47
300 56.43
301 32.65
302 67.63
303 34.28
304 34.90
305 30.13
306 47.54
307 40.01
308 32.08
309 37.40
310 45.00
311 75.96
312 44.18
313 44.36
314 46.81
315 53.17
316 48.87
317 62.57
318 57.42
319 50.14
320 73.96
321 58.75
322 64.03
323 45.05
324 88.17
325 52.42
326 52.52
327 40.18
328 37.64
329 59.92
330 67.37
331 37.55
332 49.01
333 50.10
334 47.63
335 34.74
336 14.91
337 47.64
338 39.58
339 38.46
340 58.88
341 48.19
342 62.37
343 61.34
344 42.49
345 65.98
346 51.84
347 61.54
348 42.53
349 37.65
350 30.06
351 67.23
352 61.33
353 72.62
354 55.19
355 41.33
356 49.34
357 38.29
358 60.76
359 40.47
360 40.24
361 37.53
362 49.95
363 57.56
364 37.55
365 53.40
366 44.88
367 19.89
368 57.66
369 42.55
370 58.99
371 49.45
372 77.67
373 42.52
374 58.00
375 30.04
376 47.63
377 51.73
378 54.23
379 61.38
380 57.61
381 52.61
382 67.75
383 44.20
384 44.29
385 57.78
386 47.51
387 71.52
388 42.62
389 41.49
390 57.71
391 65.94
392 44.97
393 67.61
394 51.96
395 57.59
396 35.02
397 49.87
398 59.98
399 46.83
400 57.57
401 43.02
402 53.87
403 50.20
404 68.60
405 71.93
406 47.55
407 47.61
408 34.88
409 47.40
410 51.81
411 61.20
412 53.90
413 72.60
414 74.76
415 56.74
416 60.05
417 52.61
418 62.66
419 40.03
420 96.49
421 50.01
422 33.58
423 90.44
424 47.60
425 56.62
426 65.15
427 59.83
428 57.61
429 45.03
430 59.32
431 47.57
432 57.61
433 60.15
434 42.48
435 52.29
436 45.11
437 67.65
438 42.39
439 60.34
440 54.12
441 87.90
442 65.19
443 45.12
444 99.29
445 59.90
446 50.18
447 60.92
448 52.59
449 49.33
450 47.60
451 47.63
452 39.88
453 78.61
454 58.96
455 45.22
456 70.53
457 83.16
458 58.50
459 64.66
460 65.14
461 62.55
462 41.84
463 76.12
464 32.44
465 47.50
466 57.98
467 42.51
468 49.20
469 50.05
470 57.70
471 50.90
472 63.26
473 42.47
474 70.24
475 79.34
476 52.49
477 45.01
478 21.87
479 35.10
480 70.13
481 56.93
482 40.04
483 35.06
484 70.19
485 47.56
486 78.31
487 40.01
488 72.14
489 42.49
490 75.12
491 75.12
492 57.50
493 58.90
494 75.95
495 47.55
496 66.82
497 55.06
498 32.65
499 56.64
500 60.10
501 64.19
502 57.58
503 53.51
504 58.44
505 54.98
506 81.72
507 75.49
508 47.08
509 49.95
510 45.04
511 70.89
512 40.01
513 54.46
514 92.05
515 65.12
516 89.71
517 26.48
518 57.15
519 63.44
520 59.19
521 40.06
522 49.95
523 65.18
524 49.38
525 44.42
526 57.60
527 69.10
528 81.10
529 63.04
530 56.09
531 56.09
532 60.28
533 77.60
534 47.52
535 64.62
536 65.14
537 79.85
538 61.82
539 67.51
540 53.19
541 27.52
542 47.64
543 75.27
544 55.07
545 55.13
546 56.74
547 44.98
548 55.91
549 75.16
550 41.89
551 58.03
552 65.97
553 68.24
554 47.41
555 94.39
556 59.31
557 83.13
558 72.53
559 22.53
560 62.72
561 92.00
562 65.21
563 54.95
564 68.44
565 40.09
566 92.34
567 45.18
568 45.09
569 72.69
570 97.81
571 64.36
572 80.21
573 59.97
574 64.94
575 36.86
576 47.51
577 57.57
578 52.40
579 50.02
580 65.22
581 93.19
582 60.21
583 60.01
584 42.45
585 75.14
586 44.99
587 57.55
588 51.04
589 55.05
590 48.99
591 72.66
592 59.22
593 49.95
594 74.03
595 50.11
596 47.53
597 54.96
598 47.55
599 55.16
600 75.09
601 55.17
602 65.19
603 67.56
604 80.32
605 24.99
606 39.95
607 57.68
608 87.84
609 75.10
610 62.63
611 72.50
612 40.24
613 52.59
614 55.08
615 69.40
616 59.50
617 62.61
618 69.25
619 53.86
620 55.12
621 65.13
622 67.63
623 69.29
624 67.64
625 52.34
626 45.02
627 49.84
628 87.91
629 57.27
630 55.04
631 63.96
632 57.64
633 82.62
634 69.34
635 52.47
636 74.39
637 65.02
638 53.76
639 79.34
640 45.02
641 67.64
642 71.83
643 74.99
644 46.65
645 42.56
646 86.45
647 46.57
648 110.29
649 75.06
650 50.10
651 63.85
652 62.67
653 89.88
654 57.57
655 51.79
656 54.94
657 46.39
658 59.27
659 52.53
660 78.74
661 66.71
662 59.36
663 72.53
664 71.78
665 75.18
666 125.83
667 52.71
668 59.38
669 70.34
670 56.92
671 50.15
672 37.42
673 57.59
674 67.64
675 55.20
676 60.15
677 67.24
678 49.95
679 62.59
680 61.96
681 64.75
682 72.62
683 70.03
684 45.03
685 55.12
686 61.63
687 77.51
688 60.20
689 69.94
690 67.76
691 72.76
692 80.55
693 70.08
694 74.85
695 68.50
696 73.41
697 64.30
698 55.99
699 60.06
700 70.54
701 67.60
702 64.71
703 73.14
704 71.85
705 50.04
706 61.78
707 85.27
708 63.95
709 70.21
710 42.60
711 47.58
712 60.19
713 60.02
714 75.19
715 60.14
716 52.46
717 92.97
718 75.11
719 67.51
720 75.10
721 57.65
722 71.94
723 77.70
724 84.80
725 57.66
726 70.27
727 60.12
728 52.20
729 65.11
730 45.09
731 70.18
732 85.33
733 82.54
734 52.54
735 47.65
736 44.89
737 49.03
738 52.55
739 56.44
740 57.63
741 52.63
742 61.53
743 61.78
744 65.15
745 62.67
746 65.30
747 89.07
748 61.96
749 64.24
750 47.51
751 102.56
752 62.52
753 78.22
754 94.41
755 75.05
756 52.65
757 72.48
758 47.32
759 82.94
760 50.26
761 46.68
762 52.66
763 52.68
764 72.68
765 75.11
766 40.16
767 52.65
768 77.84
769 49.29
770 69.68
771 57.69
772 67.57
773 67.62
774 92.20
775 82.80
776 76.21
777 73.95
778 64.99
779 82.70
780 55.02
781 71.92
782 76.47
783 115.80
784 80.18
785 62.62
786 89.88
787 85.89
788 59.22
789 64.03
790 80.91
791 57.56
792 59.21
793 59.92
794 81.06
795 67.56
796 62.54
797 78.62
798 60.31
799 80.15
800 49.20
801 89.52
802 77.43
803 75.11
804 54.95
805 59.24
806 80.03
807 60.08
808 87.12
809 75.62
810 65.10
811 92.47
812 59.30
813 45.02
814 67.65
815 57.56
816 84.50
817 60.14
818 66.80
819 70.25
820 78.25
821 65.05
822 100.29
823 80.25
824 68.89
825 77.69
826 57.32
827 70.16
828 70.97
829 90.32
830 66.93
831 107.39
832 75.35
833 59.25
834 72.72
835 74.33
836 67.71
837 55.21
838 62.55
839 95.26
840 84.50
841 62.22
842 98.09
843 62.50
844 73.12
845 118.29
846 75.19
847 92.66
848 55.07
849 85.20
850 119.75
851 74.35
852 114.01
853 96.44
854 64.26
855 90.16
856 110.09
857 61.55
858 62.53
859 100.92
860 60.06
861 154.04
862 85.28
863 55.23
864 75.09
865 94.32
866 90.12
867 60.03
868 67.53
869 106.99
870 70.22
871 50.97
872 67.67
873 56.26
874 42.47
875 72.44
876 55.14
877 105.36
878 95.51
879 70.13
880 57.42
881 87.83
882 91.09
883 93.62
884 47.50
885 74.24
886 54.39
887 67.54
888 60.01
889 82.72
890 84.42
891 78.67
892 74.41
893 75.91
894 55.12
895 80.22
896 72.67
897 69.34
898 46.69
899 71.47
900 140.03
901 90.09
902 47.63
903 72.69
904 77.68
905 90.23
906 60.07
907 69.32
908 85.39
909 78.10
910 55.05
911 52.63
912 62.59
913 59.36
914 74.06
915 112.24
916 54.97
917 55.05
918 97.50
919 76.88
920 64.94
921 70.16
922 61.84
923 65.05
924 63.16
925 108.30
926 71.95
927 60.15
928 65.20
929 61.75
930 80.30
931 84.45
932 64.17
933 105.01
934 77.51
935 70.06
936 65.08
937 82.44
938 93.30
939 87.69
940 87.09
941 57.44
942 65.01
943 92.95
944 55.08
945 73.91
946 59.18
947 70.12
948 55.17
949 78.03
950 90.20
951 80.09
952 83.19
953 67.70
954 74.82
955 86.92
956 55.17
957 72.66
958 72.49
959 72.75
960 84.43
961 74.43
962 81.85
963 62.53
964 52.62
965 93.64
966 55.21
967 75.10
968 79.32
969 70.22
970 102.76
971 52.47
972 60.00
973 75.80
974 103.47
975 75.08
976 70.03
977 62.65
978 81.94
979 75.21
980 35.06
981 64.79
982 70.07
983 66.19
984 71.03
985 73.59
986 105.99
987 94.40
988 57.73
989 70.16
990 78.48
991 59.96
992 62.26
993 60.07
994 94.36
995 77.59
996 89.39
997 80.24
998 56.14
999 90.27
1816.3555123806
