0 -7.79
1 -7.64
2 -7.62
3 -8.77
4 -7.76
5 -7.52
6 -7.68
7 -7.70
8 -8.02
9 -7.65
10 -7.67
11 -7.64
12 -7.68
13 -7.80
14 -7.63
15 -7.64
16 -5.21
17 -7.72
18 -7.58
19 -7.68
20 -7.72
21 -7.60
22 -7.73
23 -7.57
24 -7.74
25 -8.06
26 -7.66
27 -8.34
28 -7.61
29 -7.74
30 -7.58
31 -8.45
32 -7.89
33 -7.82
34 -8.75
35 -7.63
36 -7.49
37 -7.63
38 -7.54
39 -7.68
40 -7.82
41 -7.72
42 -7.85
43 -7.55
44 -7.65
45 -7.76
46 -7.80
47 -5.02
48 -7.65
49 -7.76
50 -7.63
51 -7.68
52 -7.95
53 -7.58
54 -7.65
55 -5.22
56 -7.70
57 -7.70
58 -7.61
59 -7.72
60 -7.57
61 -7.70
62 -8.30
63 -7.60
64 -7.72
65 -7.72
66 -7.68
67 -7.68
68 -5.18
69 -7.72
70 -7.89
71 -7.51
72 -7.76
73 -7.88
74 -7.77
75 -5.15
76 -7.58
77 -7.65
78 -8.03
79 -8.64
80 -7.62
81 -8.31
82 -8.46
83 -7.70
84 -7.76
85 -7.78
86 -7.58
87 -7.62
88 -7.56
89 -7.80
90 -7.54
91 -7.81
92 -7.50
93 -7.71
94 -5.11
95 -7.59
96 -8.04
97 -7.61
98 -5.05
99 -7.72
100 -7.78
101 -7.60
102 -7.68
103 -7.74
104 -7.73
105 -7.52
106 -9.63
107 -7.73
108 -7.86
109 -7.68
110 -8.47
111 -7.56
112 -11.58
113 -7.65
114 -7.76
115 -8.47
116 -9.15
117 -8.39
118 -7.70
119 -7.65
120 -7.60
121 -7.75
122 -7.84
123 -10.62
124 -7.59
125 -7.60
126 -7.83
127 -5.19
128 -8.41
129 -7.69
130 -7.64
131 -7.78
132 -7.80
133 -9.91
134 -5.29
135 -7.59
136 -8.02
137 -5.25
138 -7.71
139 -7.58
140 -7.58
141 -7.66
142 -7.77
143 -10.68
144 -6.98
145 -7.59
146 -7.74
147 -7.67
148 -7.69
149 -7.68
150 -2.63
151 -7.68
152 -7.62
153 -7.74
154 -5.26
155 -7.67
156 -7.69
157 -7.72
158 -9.80
159 -8.79
160 -5.14
161 -5.33
162 -7.79
163 -7.72
164 -7.69
165 -7.67
166 -7.71
167 -7.64
168 -7.74
169 -7.71
170 -5.10
171 -7.62
172 -7.72
173 -7.63
174 -7.80
175 -7.91
176 -7.77
177 -7.61
178 -7.60
179 -7.72
180 -7.70
181 -7.27
182 -7.84
183 -7.64
184 -7.67
185 -9.37
186 -7.77
187 -7.65
188 -7.75
189 -5.10
190 -7.66
191 -7.75
192 -7.74
193 -7.76
194 -7.82
195 -5.21
196 -7.81
197 -7.73
198 -7.68
199 -7.61
200 -7.66
201 -7.67
202 -7.63
203 -7.64
204 -7.67
205 -9.64
206 -8.44
207 -7.67
208 -7.66
209 -5.07
210 -7.69
211 -5.09
212 -7.56
213 -7.69
214 -7.71
215 -7.57
216 -7.66
217 -4.96
218 -5.21
219 -8.55
220 -7.78
221 -7.57
222 -7.68
223 -7.62
224 -7.60
225 -8.13
226 -7.71
227 -5.02
228 -7.68
229 -7.57
230 -8.78
231 -7.59
232 -7.62
233 -7.59
234 -7.66
235 -7.77
236 -7.48
237 -7.57
238 -7.63
239 -7.70
240 -7.62
241 -5.11
242 -7.70
243 -7.81
244 -5.13
245 -7.61
246 -7.86
247 -7.61
248 -7.74
249 -9.75
250 -7.63
251 -7.67
252 -7.61
253 -7.76
254 -6.30
255 -7.76
256 -7.63
257 -7.78
258 -7.58
259 -7.58
260 -13.98
261 -7.71
262 -7.72
263 -7.81
264 -7.71
265 -7.82
266 -7.80
267 -7.77
268 -7.66
269 -7.79
270 -4.95
271 -7.64
272 -7.76
273 -7.66
274 -7.61
275 -4.98
276 -7.79
277 -7.57
278 -8.44
279 -8.74
280 -7.58
281 -7.74
282 -5.18
283 -7.60
284 -7.76
285 -7.74
286 -10.73
287 -7.77
288 -7.73
289 -7.75
290 -5.21
291 -7.57
292 -7.62
293 -7.72
294 -7.61
295 -7.58
296 -7.76
297 -7.59
298 -7.66
299 -5.08
300 -7.63
301 -7.63
302 -7.66
303 -8.56
304 -7.62
305 -7.64
306 -8.65
307 -7.59
308 -7.69
309 -7.77
310 -7.72
311 -7.70
312 -5.31
313 -7.56
314 -7.65
315 -8.02
316 -8.14
317 -7.63
318 -7.64
319 -8.07
320 -7.64
321 -7.74
322 -7.74
323 -0.85
324 -5.08
325 -5.04
326 -7.61
327 -5.19
328 -7.80
329 -5.18
330 -7.71
331 -9.72
332 -7.62
333 -7.59
334 -7.75
335 -7.81
336 -7.68
337 -5.19
338 -18.31
339 -5.09
340 -7.63
341 -7.62
342 -5.13
343 -7.67
344 -7.59
345 -5.17
346 -8.52
347 -7.69
348 -7.75
349 -7.60
350 -5.22
351 -8.63
352 -8.34
353 -7.77
354 -7.68
355 -7.72
356 -7.48
357 -7.81
358 -7.79
359 -7.63
360 -7.53
361 -7.49
362 -8.50
363 -7.52
364 -7.67
365 -7.70
366 -7.65
367 -7.55
368 -5.10
369 -7.53
370 -7.67
371 -7.68
372 -7.77
373 -7.50
374 -8.30
375 -7.67
376 -8.51
377 -7.72
378 -5.11
379 -0.20
380 -7.72
381 -7.61
382 -5.21
383 -5.80
384 -7.82
385 -7.87
386 -7.55
387 -7.54
388 -7.75
389 -7.56
390 -7.91
391 -5.99
392 -5.31
393 -7.66
394 -2.54
395 -7.69
396 -9.16
397 -7.57
398 -7.64
399 -7.81
400 -7.54
401 -7.46
402 -7.62
403 -5.16
404 -7.59
405 -7.67
406 -7.52
407 -7.67
408 -7.56
409 -5.14
410 -7.65
411 -7.55
412 -7.71
413 -7.71
414 -7.64
415 -12.08
416 -7.70
417 -7.51
418 -7.47
419 -7.62
420 -7.04
421 -8.40
422 -7.56
423 -8.23
424 -7.70
425 -6.38
426 -7.57
427 -7.76
428 -7.98
429 -7.60
430 -0.11
431 -7.68
432 -7.42
433 -8.67
434 -7.67
435 -7.69
436 -8.83
437 -9.58
438 -7.68
439 -7.71
440 -7.69
441 -5.07
442 -5.05
443 -7.48
444 -5.81
445 -7.64
446 -7.75
447 -8.56
448 -7.58
449 -5.14
450 -7.63
451 -7.64
452 -7.59
453 -7.52
454 -7.65
455 -7.66
456 -5.06
457 -5.17
458 -2.60
459 -8.41
460 -5.19
461 -7.75
462 -7.71
463 -7.51
464 -7.75
465 -7.67
466 -5.19
467 -7.76
468 -7.90
469 -5.13
470 -8.45
471 -2.68
472 -7.66
473 -2.71
474 -10.38
475 -7.42
476 -5.17
477 -7.54
478 -8.01
479 -9.36
480 -7.68
481 -5.09
482 -7.65
483 -9.77
484 -7.68
485 -7.66
486 -5.93
487 -7.66
488 -7.61
489 -7.75
490 -8.01
491 -2.69
492 -7.65
493 -7.67
494 -7.59
495 -9.34
496 -7.52
497 -8.23
498 -7.68
499 -8.61
500 -7.58
501 -7.75
502 -7.66
503 -7.62
504 -7.68
505 -6.17
506 -7.70
507 -7.61
508 -8.33
509 -7.71
510 -7.72
511 -5.17
512 -8.43
513 -7.79
514 -7.59
515 -7.62
516 -7.56
517 -7.84
518 -7.70
519 -5.11
520 -7.75
521 -7.63
522 -5.06
523 -7.62
524 -5.14
525 -7.74
526 -5.48
527 -7.97
528 -9.31
529 -2.52
530 -7.50
531 -7.75
532 -7.59
533 -7.74
534 -7.74
535 -7.78
536 -7.69
537 -7.58
538 -4.93
539 -5.93
540 -7.65
541 -7.71
542 -7.65
543 -7.69
544 -7.80
545 -7.90
546 -7.72
547 -7.70
548 -7.75
549 -8.52
550 -7.53
551 -7.58
552 -2.74
553 -7.56
554 -7.65
555 -7.64
556 -5.21
557 -7.53
558 -5.30
559 -7.65
560 -7.63
561 -7.68
562 -7.82
563 -7.61
564 -7.86
565 -7.79
566 -5.13
567 -7.52
568 -7.56
569 -5.22
570 -7.58
571 -7.72
572 -5.07
573 -5.52
574 -7.71
575 -7.61
576 -7.63
577 -7.65
578 -5.22
579 -7.64
580 -7.54
581 -7.85
582 -7.57
583 -5.35
584 -7.80
585 -7.69
586 -7.55
587 -8.51
588 -7.51
589 -7.66
590 -5.12
591 -7.80
592 -7.61
593 -7.80
594 -7.68
595 -2.71
596 -7.57
597 -5.16
598 -7.81
599 -7.66
600 -7.68
601 -7.76
602 -7.78
603 -7.78
604 -7.61
605 -7.84
606 -7.66
607 -5.16
608 -7.64
609 -2.71
610 -5.11
611 -9.75
612 -5.16
613 -2.63
614 -7.58
615 -7.63
616 -7.70
617 -7.69
618 -7.59
619 -7.70
620 -7.68
621 -8.47
622 -7.72
623 -7.55
624 -7.90
625 -7.61
626 -7.64
627 -7.65
628 -7.73
629 -7.69
630 -5.14
631 -5.10
632 -7.65
633 -7.68
634 -2.76
635 -7.75
636 -7.83
637 -7.56
638 -2.56
639 -7.77
640 -7.71
641 -7.71
642 -8.42
643 -8.62
644 -7.79
645 -7.52
646 -7.52
647 -7.69
648 -7.70
649 -7.70
650 -8.04
651 -7.64
652 -7.72
653 -5.27
654 -7.81
655 -7.61
656 -7.76
657 -7.68
658 -7.64
659 -7.54
660 -7.71
661 -7.66
662 -5.13
663 -5.11
664 -7.66
665 -5.18
666 -7.74
667 -7.59
668 -8.15
669 -7.69
670 -7.53
671 -8.44
672 -7.68
673 -7.72
674 -7.47
675 -7.51
676 -7.83
677 -6.11
678 -7.68
679 -7.67
680 -2.59
681 -8.78
682 -7.70
683 -7.58
684 -5.36
685 -7.68
686 -7.67
687 -7.80
688 -5.33
689 -7.74
690 -9.30
691 -7.62
692 -7.66
693 -7.66
694 -5.23
695 -7.73
696 -7.70
697 -7.69
698 -7.46
699 -7.76
700 -7.72
701 -7.58
702 -7.67
703 -7.55
704 -7.78
705 -7.43
706 -7.76
707 -7.67
708 -5.16
709 -7.71
710 -7.72
711 -7.53
712 -7.72
713 -7.64
714 -8.09
715 -7.69
716 -2.68
717 -7.78
718 -7.76
719 -8.37
720 -7.77
721 -9.75
722 -7.62
723 -7.71
724 -7.59
725 -7.65
726 -5.03
727 -7.68
728 -5.15
729 -7.79
730 -7.70
731 -7.77
732 -12.81
733 -7.69
734 -7.66
735 -3.12
736 -7.74
737 -7.84
738 -7.72
739 -7.57
740 -7.53
741 -7.73
742 -7.80
743 -5.15
744 -7.62
745 -7.57
746 -7.52
747 -7.69
748 -7.58
749 -7.56
750 -7.56
751 -7.47
752 -7.59
753 -5.33
754 -5.11
755 -7.74
756 -7.70
757 -7.71
758 -7.63
759 -2.67
760 -7.71
761 -7.62
762 -7.63
763 -9.19
764 -7.75
765 -5.09
766 -7.64
767 -7.72
768 -7.65
769 -7.66
770 -8.10
771 -5.11
772 -7.66
773 -7.71
774 -7.62
775 -5.10
776 -7.61
777 -7.85
778 -7.68
779 -7.91
780 -5.12
781 -7.72
782 -5.51
783 -8.13
784 -7.71
785 -8.77
786 -7.74
787 -5.11
788 -5.09
789 -7.64
790 -7.56
791 -2.58
792 -0.09
793 -5.57
794 -5.24
795 -7.73
796 -7.71
797 -7.61
798 -7.63
799 -7.65
800 -7.68
801 -5.38
802 -7.66
803 -7.62
804 -7.77
805 -7.74
806 -7.86
807 -5.16
808 -7.70
809 -7.63
810 -7.58
811 -7.52
812 -5.18
813 -7.61
814 -5.18
815 -7.63
816 -7.64
817 -7.83
818 -5.18
819 -7.63
820 -8.27
821 -7.57
822 -8.02
823 -7.71
824 -7.76
825 -7.56
826 -2.60
827 -5.17
828 -5.19
829 -5.15
830 -7.68
831 -5.24
832 -2.63
833 -7.66
834 -8.67
835 -7.65
836 -7.57
837 -5.12
838 -7.71
839 -7.65
840 -7.98
841 -7.59
842 -8.00
843 -7.68
844 -3.45
845 -7.53
846 -7.63
847 -7.79
848 -7.69
849 -5.25
850 -7.58
851 -7.59
852 -7.54
853 -5.09
854 -5.53
855 -7.57
856 -5.89
857 -7.61
858 -7.50
859 -7.62
860 -7.51
861 -7.53
862 -7.61
863 -7.72
864 -7.78
865 -7.65
866 -7.80
867 -7.63
868 -7.57
869 -7.56
870 -7.79
871 -7.74
872 -7.67
873 -7.60
874 -7.64
875 -7.81
876 -7.63
877 -7.81
878 -7.87
879 -7.67
880 -7.67
881 -3.44
882 -7.75
883 -7.67
884 -5.23
885 -7.69
886 -7.79
887 -7.64
888 -7.67
889 -7.74
890 -7.58
891 -7.54
892 -7.59
893 -7.58
894 -7.87
895 -5.15
896 -5.29
897 -7.52
898 -7.62
899 -5.18
900 -8.31
901 -7.64
902 -7.73
903 -8.17
904 -7.74
905 -7.70
906 -7.69
907 -7.65
908 -5.04
909 -8.34
910 -2.75
911 -7.67
912 -8.26
913 -7.66
914 -7.76
915 -7.79
916 -7.53
917 -7.64
918 -7.58
919 -7.62
920 -5.08
921 -4.94
922 -7.87
923 -5.27
924 -7.66
925 -7.69
926 -8.34
927 -5.22
928 -5.07
929 -7.80
930 -2.60
931 -5.30
932 -7.78
933 -7.74
934 -7.63
935 -9.19
936 -8.14
937 -5.16
938 -7.59
939 -7.68
940 -2.72
941 -5.23
942 -7.67
943 -7.75
944 -7.68
945 -7.56
946 -7.58
947 -8.02
948 -5.01
949 -5.05
950 -7.74
951 -7.89
952 -19.45
953 -7.59
954 -5.11
955 -7.58
956 -5.21
957 -7.60
958 -7.66
959 -7.68
960 -7.54
961 -5.04
962 -7.66
963 -7.68
964 -7.62
965 -8.19
966 -7.76
967 -7.72
968 -5.30
969 -5.18
970 -2.70
971 -5.77
972 -7.79
973 -7.69
974 -7.91
975 -7.85
976 -7.64
977 -7.64
978 -7.60
979 -8.58
980 -6.00
981 -7.92
982 -7.54
983 -5.36
984 -5.24
985 -5.17
986 -2.56
987 -7.64
988 -7.66
989 -7.54
990 -7.70
991 -7.63
992 -7.71
993 -5.23
994 -5.14
995 -7.58
996 -7.79
997 -7.50
998 -7.74
999 -7.75
1667.8531246185303
