0 -7.66
1 -7.79
2 -7.56
3 -7.70
4 -7.64
5 -7.71
6 -2.47
7 -7.66
8 -7.66
9 -7.66
10 -5.16
11 -5.15
12 -7.78
13 -7.77
14 -7.74
15 -7.73
16 -7.65
17 -7.67
18 -7.63
19 -7.76
20 -7.68
21 -7.63
22 -7.63
23 -7.51
24 -7.72
25 -7.63
26 -7.88
27 -7.83
28 -7.60
29 -7.73
30 -7.71
31 -7.62
32 -7.82
33 -7.68
34 -7.81
35 -7.71
36 -7.86
37 -5.33
38 -5.12
39 -7.84
40 -7.67
41 -7.58
42 -7.73
43 -5.20
44 -7.60
45 -7.65
46 -7.74
47 -7.61
48 -5.24
49 -2.85
50 -7.73
51 -5.06
52 -7.67
53 -5.18
54 -7.59
55 -7.65
56 -5.18
57 -7.76
58 -7.59
59 -7.68
60 -7.62
61 -7.67
62 -7.86
63 -7.84
64 -7.57
65 -7.81
66 -4.96
67 -7.78
68 -5.17
69 -7.47
70 -7.73
71 -7.70
72 -7.67
73 -7.61
74 -7.67
75 -7.63
76 -7.65
77 -7.82
78 -7.76
79 -7.63
80 -7.74
81 -7.62
82 -7.67
83 -7.70
84 -7.54
85 -7.59
86 -7.59
87 -7.67
88 -7.56
89 -7.67
90 -7.64
91 -2.62
92 -7.75
93 -7.63
94 -7.71
95 -7.75
96 -7.76
97 -5.21
98 -7.71
99 -5.09
100 -7.61
101 -7.59
102 -7.68
103 -5.07
104 -7.68
105 -7.67
106 -5.26
107 -7.58
108 -7.71
109 -7.62
110 -7.63
111 -5.16
112 -7.72
113 -7.58
114 -7.73
115 -7.69
116 -7.70
117 -7.65
118 -7.64
119 -7.67
120 -7.62
121 -7.57
122 -7.68
123 -7.79
124 -7.61
125 -7.71
126 -7.65
127 -7.71
128 -7.72
129 -5.25
130 -7.55
131 -7.76
132 -7.65
133 -7.71
134 -7.52
135 -7.68
136 -7.59
137 -7.58
138 -4.99
139 -7.70
140 -7.69
141 -7.75
142 -7.84
143 -7.65
144 -7.75
145 -7.69
146 -7.66
147 -7.63
148 -5.11
149 -7.68
150 -7.70
151 -7.66
152 -7.62
153 -5.15
154 -7.69
155 -7.64
156 -7.54
157 -7.64
158 -7.65
159 -5.15
160 -5.23
161 -5.03
162 -7.58
163 -7.58
164 -5.20
165 -7.77
166 -7.60
167 -7.68
168 -7.74
169 -7.61
170 -7.63
171 -5.24
172 -7.60
173 -7.67
174 -7.73
175 -5.16
176 -5.29
177 -5.14
178 -7.74
179 -5.19
180 -7.63
181 -7.64
182 -7.79
183 -7.70
184 -7.78
185 -7.69
186 -7.64
187 -7.68
188 -7.69
189 -7.65
190 -7.62
191 -7.55
192 -5.18
193 -5.35
194 -7.64
195 -7.71
196 -7.69
197 -7.65
198 -2.78
199 -7.78
200 -7.54
201 -7.70
202 -7.74
203 -5.17
204 -7.52
205 -5.10
206 -7.69
207 -7.64
208 -5.21
209 -7.66
210 -7.69
211 -7.74
212 -7.63
213 -7.61
214 -7.74
215 -7.69
216 -7.53
217 -7.55
218 -5.18
219 -7.82
220 -7.55
221 -7.75
222 -7.58
223 -7.55
224 -7.64
225 -5.19
226 -7.67
227 -7.62
228 -7.54
229 -7.64
230 -5.29
231 -7.85
232 -7.70
233 -7.68
234 -7.67
235 -5.25
236 -7.78
237 -5.10
238 -5.15
239 -7.63
240 -7.69
241 -7.74
242 -5.30
243 -7.56
244 -5.12
245 -7.67
246 -7.70
247 -7.64
248 -7.64
249 -7.71
250 -7.67
251 -7.68
252 -7.86
253 -7.85
254 -7.74
255 -7.57
256 -5.25
257 -7.64
258 -7.67
259 -7.60
260 -7.89
261 -7.73
262 -7.74
263 -7.79
264 -5.04
265 -7.50
266 -7.55
267 -5.14
268 -7.51
269 -5.16
270 -7.59
271 -7.73
272 -7.67
273 -7.71
274 -5.19
275 -7.62
276 -7.64
277 -5.27
278 -5.13
279 -5.10
280 -7.69
281 -0.08
282 -2.65
283 -7.60
284 -5.27
285 -5.24
286 -7.67
287 -7.68
288 -7.59
289 -7.69
290 -7.70
291 -7.63
292 -7.73
293 -7.73
294 -5.13
295 -7.69
296 -5.27
297 -5.24
298 -7.76
299 -7.49
300 -5.21
301 -7.69
302 -7.68
303 -7.54
304 -7.54
305 -7.60
306 -7.57
307 -7.53
308 -7.72
309 -7.68
310 -7.71
311 -7.52
312 -7.64
313 -7.76
314 -7.60
315 -7.65
316 -5.25
317 -7.69
318 -7.76
319 -7.73
320 -7.66
321 -7.65
322 -7.65
323 -7.61
324 -5.13
325 -7.69
326 -5.17
327 -7.74
328 -7.52
329 -7.65
330 -7.63
331 -7.78
332 -7.69
333 -7.79
334 -5.21
335 -5.03
336 -5.16
337 -7.73
338 -7.80
339 -7.81
340 -7.61
341 -7.67
342 -7.64
343 -7.70
344 -5.06
345 -5.13
346 -7.67
347 -7.75
348 -7.67
349 -5.25
350 -7.76
351 -7.65
352 -5.08
353 -7.67
354 -7.65
355 -7.77
356 -7.69
357 -2.79
358 -5.03
359 -7.75
360 -7.58
361 -7.63
362 -7.66
363 -7.60
364 -4.99
365 -7.60
366 -7.70
367 -7.77
368 -5.23
369 -7.62
370 -5.21
371 -7.62
372 -7.69
373 -5.09
374 -7.66
375 -5.05
376 -7.66
377 -7.64
378 -7.67
379 -7.69
380 -5.22
381 -7.63
382 -5.22
383 2.44
384 -7.64
385 -7.60
386 -7.63
387 -7.68
388 -4.94
389 -7.63
390 -7.68
391 -7.66
392 -7.57
393 -5.18
394 -7.70
395 -7.56
396 -7.76
397 -7.51
398 -7.70
399 -7.67
400 -7.70
401 -7.62
402 -5.15
403 -7.59
404 -5.08
405 -7.70
406 -7.65
407 -7.65
408 -7.77
409 -7.85
410 -7.71
411 -7.70
412 -7.81
413 -7.78
414 -7.69
415 -7.72
416 -7.59
417 -7.60
418 -7.64
419 -5.21
420 -7.73
421 -7.87
422 -7.65
423 -7.76
424 -5.36
425 -7.55
426 -5.18
427 -7.67
428 -7.62
429 -5.22
430 -2.61
431 -7.63
432 -5.12
433 -7.65
434 -7.72
435 -7.66
436 -7.66
437 -5.16
438 -7.57
439 -7.58
440 -5.21
441 -5.15
442 -5.18
443 -2.53
444 -7.80
445 -5.10
446 -7.63
447 -7.59
448 -7.53
449 -5.22
450 -7.63
451 -7.73
452 -7.59
453 -7.69
454 -5.14
455 -7.74
456 -7.67
457 -7.60
458 -7.78
459 -7.75
460 -7.88
461 -7.66
462 -7.61
463 -5.14
464 -7.77
465 -7.58
466 -7.61
467 -5.40
468 -7.75
469 -7.55
470 -7.70
471 -7.74
472 -7.63
473 -7.65
474 -7.59
475 -7.76
476 -7.69
477 -7.64
478 -7.61
479 -7.85
480 -7.84
481 -7.64
482 -7.67
483 -5.35
484 -7.75
485 -7.85
486 -7.75
487 -7.59
488 -7.49
489 -7.71
490 -7.70
491 -7.62
492 -7.64
493 -7.65
494 -4.88
495 -7.67
496 -7.72
497 -7.69
498 -5.01
499 -7.61
500 -7.65
501 -7.65
502 -7.79
503 -7.79
504 -7.57
505 -7.68
506 -7.64
507 -5.13
508 -7.70
509 -4.95
510 -5.04
511 -5.02
512 -7.68
513 -2.77
514 -7.78
515 -7.71
516 -7.50
517 -7.71
518 -7.71
519 -7.42
520 -5.16
521 -7.64
522 -7.52
523 -7.69
524 -5.14
525 -7.67
526 -7.72
527 -7.73
528 -7.70
529 -2.72
530 -7.73
531 -7.64
532 -7.70
533 -7.61
534 -7.68
535 -7.70
536 -7.75
537 -7.80
538 -7.57
539 -7.75
540 -7.92
541 -7.70
542 -7.66
543 -7.71
544 -5.21
545 -7.59
546 -7.58
547 -7.67
548 -5.09
549 -5.22
550 -7.66
551 -5.17
552 -7.56
553 -7.65
554 -7.67
555 -5.20
556 -7.65
557 -7.79
558 -7.75
559 -7.62
560 -7.65
561 -7.74
562 -7.73
563 -7.83
564 -7.75
565 -7.67
566 -7.76
567 -5.15
568 -5.05
569 -5.21
570 -7.66
571 -7.64
572 -7.67
573 -7.87
574 -7.78
575 -7.49
576 -7.82
577 -7.67
578 -5.10
579 -7.66
580 -7.65
581 -7.69
582 -7.86
583 -7.78
584 -5.10
585 -5.14
586 -7.65
587 -7.61
588 -7.70
589 -7.59
590 -5.04
591 -5.13
592 -7.61
593 -5.17
594 -7.76
595 -7.79
596 -7.70
597 -7.62
598 -7.77
599 -7.81
600 -5.09
601 -5.02
602 -7.40
603 -7.77
604 -7.78
605 -7.68
606 -7.52
607 -7.69
608 -7.75
609 -7.67
610 -7.64
611 -7.83
612 -7.71
613 -7.67
614 -7.69
615 -7.68
616 -5.13
617 -7.67
618 -7.70
619 -5.08
620 -7.75
621 -5.11
622 -5.31
623 -7.63
624 -5.13
625 -7.59
626 -7.62
627 -7.80
628 -7.77
629 -7.85
630 -7.65
631 -7.62
632 -7.54
633 -7.56
634 -5.33
635 -5.09
636 -2.72
637 -7.63
638 -7.60
639 -7.65
640 -7.69
641 -7.75
642 -5.20
643 -7.65
644 -7.62
645 -7.72
646 -2.53
647 -7.62
648 -7.80
649 -5.15
650 0.04
651 -7.77
652 -7.75
653 -5.15
654 -7.66
655 -5.14
656 -7.58
657 -7.70
658 -7.65
659 -7.66
660 -2.67
661 -4.99
662 -5.15
663 -5.09
664 -7.74
665 -7.55
666 -7.67
667 -7.61
668 -7.56
669 -7.65
670 -5.11
671 -7.74
672 -7.59
673 -7.63
674 -7.65
675 -5.13
676 -7.83
677 -7.69
678 -7.73
679 -7.74
680 -7.73
681 -7.69
682 -7.61
683 -7.74
684 -7.74
685 -7.59
686 -7.79
687 -7.69
688 -7.68
689 -5.26
690 -5.04
691 -7.65
692 -7.65
693 -7.59
694 -7.64
695 -7.74
696 -5.03
697 -7.64
698 -2.61
699 -7.79
700 -5.04
701 -7.53
702 -7.65
703 -7.63
704 -7.73
705 -7.62
706 -5.10
707 -7.63
708 -5.05
709 -5.23
710 -7.55
711 -2.60
712 -7.78
713 -7.56
714 -7.71
715 -7.80
716 -7.72
717 -5.20
718 -7.73
719 -2.60
720 -2.66
721 -5.20
722 -7.70
723 -7.75
724 -5.30
725 -7.50
726 -7.48
727 -7.68
728 -7.75
729 -7.57
730 -7.68
731 -5.01
732 -7.70
733 -7.82
734 -7.64
735 -7.66
736 -5.20
737 -7.66
738 -7.69
739 -4.97
740 -5.12
741 -7.56
742 -7.70
743 -7.56
744 -7.73
745 -7.60
746 -7.80
747 -7.70
748 -7.68
749 -4.99
750 -2.55
751 -7.70
752 -7.66
753 -7.61
754 -5.12
755 -7.65
756 -7.70
757 -7.71
758 -2.69
759 -5.09
760 -7.61
761 -7.65
762 -5.08
763 -7.60
764 -7.66
765 -7.60
766 -5.30
767 -7.57
768 -7.65
769 -7.64
770 -7.66
771 -7.65
772 -5.16
773 -7.63
774 -5.15
775 -7.56
776 -7.55
777 -7.58
778 -7.75
779 -7.74
780 -5.12
781 -7.54
782 -7.68
783 -7.70
784 -5.08
785 -7.67
786 -7.57
787 -7.82
788 -7.82
789 -7.63
790 -7.82
791 -7.66
792 -7.65
793 -7.61
794 -5.05
795 -5.13
796 -7.64
797 -7.62
798 -7.66
799 -7.56
800 -7.54
801 -2.68
802 -7.65
803 -5.12
804 -7.81
805 -7.70
806 -2.74
807 -7.62
808 -7.79
809 -7.55
810 -7.56
811 -5.10
812 -7.84
813 -7.66
814 -7.56
815 -5.23
816 -7.68
817 -7.72
818 -7.62
819 -7.61
820 -7.68
821 -5.36
822 -7.74
823 -5.29
824 -7.90
825 -7.76
826 -7.72
827 -7.75
828 -7.50
829 -7.76
830 -7.55
831 -7.75
832 -7.90
833 -7.57
834 -5.14
835 -7.57
836 -7.63
837 -5.14
838 -5.17
839 -5.21
840 -7.58
841 -7.70
842 -7.74
843 -7.70
844 -7.59
845 -7.51
846 -7.58
847 -7.66
848 -7.81
849 -5.12
850 -7.66
851 -7.59
852 -5.15
853 -7.74
854 -2.77
855 -5.28
856 -7.70
857 -7.78
858 -7.61
859 -7.48
860 -7.72
861 -7.75
862 -5.18
863 -7.62
864 -7.66
865 -7.62
866 -7.64
867 -7.52
868 -7.78
869 -7.66
870 -2.68
871 -5.28
872 -5.14
873 -7.57
874 -7.74
875 -7.72
876 -7.75
877 -7.72
878 -7.68
879 -0.24
880 -5.19
881 -2.61
882 -7.80
883 -7.61
884 -7.69
885 -7.79
886 -7.79
887 -7.54
888 -7.57
889 -7.71
890 -7.63
891 -5.21
892 -7.61
893 -7.68
894 -7.60
895 -5.18
896 -7.54
897 -7.70
898 -5.20
899 -7.55
900 -7.79
901 -5.06
902 -7.71
903 -5.30
904 -7.73
905 -7.69
906 -7.80
907 -7.62
908 -5.23
909 -7.66
910 -7.52
911 -7.62
912 -7.60
913 -7.66
914 -5.24
915 -7.70
916 -7.62
917 -7.54
918 -7.59
919 -5.20
920 -7.60
921 -7.62
922 -7.76
923 -7.62
924 -7.61
925 -7.73
926 -7.57
927 -2.77
928 -7.56
929 -7.78
930 -7.68
931 -2.52
932 -5.19
933 -7.63
934 -7.61
935 -7.45
936 -5.20
937 -7.68
938 -7.63
939 -7.74
940 -7.67
941 -7.63
942 -7.63
943 -7.63
944 -7.74
945 -7.75
946 -7.74
947 -7.63
948 -7.63
949 -7.70
950 -7.75
951 -7.50
952 -7.58
953 -7.65
954 -7.68
955 -7.68
956 -7.70
957 -5.07
958 -7.43
959 -7.74
960 -7.61
961 -5.11
962 -7.89
963 -7.57
964 -5.28
965 -7.63
966 -7.76
967 -7.79
968 -7.61
969 -7.70
970 -5.08
971 -7.78
972 -7.64
973 -7.51
974 -7.55
975 -7.70
976 -7.54
977 -5.32
978 -5.04
979 -7.68
980 -7.69
981 -7.68
982 -7.68
983 -7.76
984 -7.70
985 -7.77
986 -2.67
987 -7.50
988 -7.57
989 -7.64
990 -7.76
991 -7.66
992 -7.70
993 -7.72
994 -7.73
995 -5.19
996 -7.65
997 -7.64
998 -7.72
999 -7.66
3693.858074426651
