0 -7.80
1 -7.79
2 -7.68
3 -7.61
4 -7.59
5 -7.64
6 -9.36
7 -8.77
8 -7.62
9 -7.78
10 -7.67
11 -7.61
12 -7.58
13 -7.77
14 -5.12
15 -11.24
16 -5.13
17 -5.04
18 -7.73
19 -7.70
20 -2.62
21 -7.63
22 -7.64
23 -7.49
24 -7.76
25 -7.65
26 -7.56
27 -5.14
28 -7.71
29 -7.64
30 -7.64
31 -7.75
32 -5.14
33 -7.72
34 -8.85
35 -7.69
36 -5.16
37 -7.91
38 -8.39
39 -7.84
40 -7.75
41 -7.76
42 -7.64
43 -7.54
44 -5.16
45 -7.76
46 -7.65
47 -7.91
48 -7.55
49 -7.75
50 -7.63
51 -7.52
52 -7.73
53 -7.67
54 -8.15
55 -7.81
56 -7.77
57 -7.73
58 -7.55
59 -7.68
60 -7.57
61 -4.99
62 -7.66
63 -7.59
64 -7.64
65 -5.10
66 -7.61
67 -7.46
68 -7.65
69 -7.52
70 -8.04
71 -7.74
72 -7.60
73 -10.53
74 -7.67
75 -15.68
76 -7.50
77 -7.78
78 -7.78
79 -7.68
80 -7.72
81 -7.61
82 -7.61
83 -7.79
84 -12.01
85 -7.71
86 -5.18
87 -5.09
88 -7.64
89 -7.61
90 -7.73
91 -5.23
92 -7.71
93 -7.67
94 -7.56
95 -7.58
96 -5.61
97 -7.61
98 -7.63
99 -7.68
100 -7.62
101 -7.70
102 -7.64
103 -7.70
104 -7.61
105 -7.74
106 -7.62
107 -7.61
108 -7.55
109 -7.72
110 -7.58
111 -5.12
112 -5.14
113 -2.74
114 -5.27
115 -7.72
116 -8.10
117 -7.68
118 -7.83
119 -7.75
120 -10.38
121 -7.75
122 -7.75
123 -7.68
124 -7.64
125 -7.50
126 -7.61
127 -7.55
128 -7.64
129 -7.73
130 -7.45
131 -7.56
132 -8.71
133 -7.68
134 -7.61
135 -7.77
136 -7.57
137 -5.16
138 -7.79
139 -7.77
140 -7.56
141 -7.62
142 -8.44
143 -7.69
144 -9.77
145 -7.45
146 -8.69
147 -8.71
148 -5.15
149 -7.80
150 -7.80
151 -7.63
152 -7.61
153 -7.65
154 -7.62
155 -7.80
156 -7.75
157 -5.14
158 -7.72
159 -13.83
160 -7.62
161 -7.55
162 -7.66
163 -4.37
164 -7.75
165 -7.63
166 -7.86
167 -5.15
168 -7.65
169 -7.69
170 -7.86
171 -7.56
172 -7.59
173 -7.64
174 -7.71
175 -7.69
176 -7.71
177 -7.66
178 -7.70
179 -7.67
180 -7.62
181 -7.59
182 -5.16
183 -7.69
184 -7.70
185 -7.74
186 -7.72
187 -7.77
188 -7.76
189 -5.11
190 -7.56
191 -7.75
192 -7.80
193 -7.70
194 -7.76
195 -7.68
196 -7.71
197 -7.71
198 -7.58
199 -7.73
200 -7.69
201 -5.11
202 -7.42
203 -7.74
204 -7.64
205 -7.59
206 -7.72
207 -7.81
208 -7.65
209 -7.57
210 -5.23
211 -7.64
212 -5.20
213 -7.74
214 -7.99
215 -7.63
216 -8.43
217 -7.68
218 -7.67
219 -7.77
220 -5.19
221 -9.18
222 -5.07
223 -7.67
224 -7.64
225 -5.21
226 -7.59
227 -5.13
228 -7.55
229 -7.69
230 -7.63
231 -7.54
232 -5.27
233 -0.14
234 -7.49
235 -5.05
236 -7.78
237 -7.82
238 -7.65
239 -7.69
240 -7.49
241 -7.77
242 -7.60
243 -7.79
244 -7.64
245 -5.19
246 -7.75
247 -5.17
248 -7.63
249 -7.67
250 -7.60
251 -7.80
252 -8.34
253 -7.74
254 -7.73
255 -5.12
256 -7.67
257 -7.60
258 -7.55
259 -5.21
260 -7.75
261 -9.34
262 -7.89
263 -7.55
264 -7.81
265 -7.59
266 -7.67
267 -7.72
268 -7.82
269 -7.67
270 -7.52
271 -7.73
272 -5.50
273 -7.85
274 -7.65
275 -7.56
276 -7.71
277 -7.79
278 -7.66
279 -7.51
280 -7.80
281 -5.23
282 -7.82
283 -8.75
284 -5.27
285 -7.54
286 -7.65
287 -7.67
288 -7.58
289 -7.64
290 -7.68
291 -7.59
292 -7.50
293 -7.72
294 -5.02
295 -7.66
296 -5.21
297 -7.62
298 -7.63
299 -7.98
300 -7.57
301 -7.57
302 -7.74
303 -7.63
304 -7.77
305 -7.64
306 -7.66
307 -7.54
308 -7.68
309 -7.75
310 -7.75
311 -7.68
312 -7.65
313 -5.15
314 -7.63
315 -8.05
316 -7.68
317 -7.58
318 -7.72
319 -7.63
320 -7.66
321 -7.67
322 -7.58
323 -5.16
324 -7.70
325 -10.02
326 -5.30
327 -7.75
328 -7.87
329 -7.72
330 -7.79
331 -7.55
332 -7.74
333 -7.70
334 -7.77
335 -7.54
336 -7.73
337 -7.58
338 -7.69
339 -7.77
340 -7.66
341 -7.70
342 -7.67
343 -9.65
344 -7.79
345 -7.62
346 -7.57
347 -7.66
348 -7.62
349 -7.65
350 -7.64
351 -7.58
352 -7.55
353 -7.65
354 -7.70
355 -7.61
356 -7.70
357 -7.78
358 -7.80
359 -7.67
360 -7.80
361 -5.28
362 -7.75
363 -7.57
364 -7.68
365 -7.57
366 -7.78
367 -7.73
368 -7.78
369 -7.74
370 -3.00
371 -7.68
372 -7.79
373 -5.14
374 -7.57
375 -5.07
376 -8.78
377 -7.66
378 -7.48
379 -8.72
380 -7.64
381 -7.71
382 -7.67
383 -7.68
384 -7.63
385 -7.66
386 -7.71
387 -7.74
388 -7.64
389 -10.44
390 -7.80
391 -7.68
392 -7.64
393 -7.71
394 -7.52
395 -7.50
396 -7.59
397 -7.70
398 -7.59
399 -6.70
400 -7.69
401 -7.59
402 -7.80
403 -7.65
404 -9.35
405 -7.67
406 -7.84
407 -8.67
408 -2.56
409 -19.79
410 -7.52
411 -7.76
412 -7.67
413 -7.67
414 -7.82
415 -7.67
416 -8.75
417 -7.63
418 -7.79
419 -7.79
420 -7.62
421 -7.71
422 -5.29
423 -7.61
424 -7.64
425 -7.75
426 -7.67
427 -7.77
428 -7.67
429 -7.69
430 -7.56
431 -7.66
432 -7.62
433 -7.50
434 -7.77
435 -7.61
436 -7.51
437 -7.73
438 -7.73
439 -7.83
440 -7.54
441 -7.60
442 -2.76
443 -7.75
444 -8.79
445 -7.70
446 -7.70
447 -5.16
448 -7.71
449 -3.48
450 -7.73
451 -7.62
452 -7.69
453 -7.73
454 -7.61
455 -7.83
456 -7.74
457 -7.68
458 -7.63
459 -7.62
460 -7.75
461 -7.73
462 -7.69
463 -7.46
464 -7.53
465 -7.78
466 -7.76
467 -7.79
468 -7.55
469 -7.76
470 -7.66
471 -7.68
472 -7.61
473 -7.68
474 -7.81
475 -7.93
476 -7.71
477 -7.49
478 -5.22
479 -7.62
480 -7.58
481 -5.12
482 -7.70
483 -7.60
484 -7.71
485 -7.69
486 -7.66
487 -7.68
488 -2.59
489 -7.65
490 -7.74
491 -9.67
492 -7.68
493 -7.55
494 -5.27
495 -7.62
496 -7.63
497 -7.74
498 -7.66
499 -7.57
500 -7.62
501 -7.72
502 -7.61
503 -7.79
504 -5.13
505 -5.07
506 -7.81
507 -7.72
508 -7.79
509 -7.86
510 -5.64
511 -7.65
512 -7.70
513 -5.03
514 -7.62
515 -7.71
516 -7.74
517 -2.63
518 -7.90
519 -7.62
520 -7.64
521 -7.81
522 -7.80
523 -7.71
524 -5.23
525 2.21
526 -7.73
527 -7.68
528 -3.75
529 -7.60
530 -7.71
531 -7.68
532 -7.59
533 -7.86
534 -8.06
535 -7.72
536 -7.72
537 -7.52
538 -7.76
539 -7.78
540 -7.73
541 -7.89
542 -7.74
543 -7.75
544 -7.60
545 -7.66
546 -7.64
547 -7.63
548 -5.54
549 -7.55
550 -7.67
551 -7.56
552 -7.87
553 -7.64
554 -7.69
555 -5.10
556 -7.56
557 -7.47
558 -7.56
559 -7.56
560 -7.98
561 -5.13
562 -7.69
563 -7.55
564 -7.48
565 -5.11
566 -7.66
567 -7.68
568 -7.67
569 -8.77
570 -7.65
571 -7.69
572 -7.53
573 -7.72
574 -7.64
575 -7.60
576 -7.60
577 -7.81
578 -7.77
579 -7.66
580 -5.15
581 -5.13
582 -7.62
583 -7.78
584 -7.66
585 -7.60
586 -7.56
587 -7.72
588 -7.63
589 -7.69
590 -7.62
591 -7.50
592 -92.46
593 -7.74
594 -7.80
595 -4.95
596 -5.22
597 -7.52
598 -7.52
599 -7.73
600 -7.54
601 -7.80
602 -7.57
603 -7.78
604 -7.66
605 -7.66
606 -7.71
607 -8.09
608 -7.75
609 -5.09
610 -7.75
611 -7.63
612 -7.69
613 -7.64
614 -7.59
615 -7.82
616 -8.66
617 -7.63
618 -7.64
619 -5.21
620 -7.60
621 -7.63
622 -7.67
623 -7.70
624 -7.73
625 -7.74
626 -7.70
627 -7.83
628 -7.70
629 -7.89
630 -7.42
631 -7.60
632 -7.75
633 -7.78
634 -7.82
635 -7.78
636 -7.53
637 -7.56
638 -7.84
639 -7.75
640 -7.53
641 -7.77
642 -7.67
643 -7.75
644 -5.18
645 -7.58
646 -7.67
647 -8.78
648 -7.80
649 -5.15
650 -7.53
651 -7.60
652 -7.61
653 -7.61
654 -8.01
655 -7.75
656 -7.57
657 -7.52
658 -7.65
659 -7.66
660 -7.82
661 -7.69
662 -7.70
663 -7.73
664 -7.60
665 -7.80
666 -7.68
667 -7.63
668 -7.51
669 -4.98
670 -7.74
671 -7.71
672 -7.62
673 -7.67
674 -7.73
675 -2.56
676 -5.09
677 -7.83
678 -7.57
679 -8.61
680 -7.72
681 -7.65
682 -7.71
683 -7.74
684 -7.61
685 -7.67
686 -10.51
687 -7.59
688 -7.63
689 -7.74
690 -7.61
691 -7.61
692 -7.73
693 -7.70
694 -7.53
695 -7.69
696 -7.77
697 -7.75
698 -7.68
699 -7.73
700 -8.59
701 -8.02
702 -7.64
703 -8.75
704 -7.91
705 -7.56
706 -9.79
707 -7.62
708 -7.67
709 -7.84
710 -7.70
711 -7.77
712 -7.70
713 -7.77
714 -7.74
715 -7.84
716 -7.79
717 -7.57
718 -7.62
719 -7.56
720 -7.62
721 -7.62
722 -5.12
723 -7.70
724 -7.71
725 -7.77
726 -7.55
727 -7.62
728 -7.55
729 -7.56
730 -7.75
731 -7.55
732 -7.81
733 -7.76
734 -7.73
735 -7.78
736 -7.45
737 -7.55
738 -7.62
739 -7.59
740 -7.67
741 -7.75
742 -5.00
743 -7.66
744 -7.59
745 -7.69
746 -7.66
747 -7.59
748 -7.81
749 -7.69
750 -7.84
751 -7.53
752 -7.65
753 -7.64
754 -7.73
755 -7.57
756 -7.55
757 -7.67
758 -7.71
759 -7.88
760 -7.69
761 -7.94
762 -7.73
763 -7.72
764 -7.70
765 -7.75
766 -7.72
767 -7.73
768 -9.26
769 -7.69
770 -7.64
771 -7.67
772 -7.69
773 -7.74
774 -7.64
775 -7.58
776 -7.70
777 -8.13
778 -7.68
779 -5.11
780 -7.72
781 -7.72
782 -7.75
783 -7.61
784 -7.66
785 -31.49
786 -2.72
787 -7.54
788 -8.91
789 -7.70
790 -7.77
791 -7.70
792 -7.71
793 -7.78
794 -8.73
795 -7.74
796 -5.06
797 -7.66
798 -7.69
799 -7.62
800 -7.59
801 -7.55
802 -7.53
803 -7.58
804 -7.73
805 -7.66
806 -7.68
807 -7.72
808 -7.62
809 -7.76
810 -7.51
811 -7.66
812 -7.56
813 -7.60
814 -7.56
815 -7.56
816 -7.66
817 -7.74
818 -7.71
819 -7.55
820 -7.57
821 -7.72
822 -7.61
823 -7.48
824 -5.13
825 -7.74
826 -7.66
827 -7.58
828 -7.72
829 -7.77
830 -5.12
831 -7.67
832 -7.72
833 -7.75
834 -7.71
835 -7.83
836 -7.78
837 -7.62
838 -7.58
839 -4.99
840 -7.64
841 -7.50
842 -7.80
843 -7.85
844 -7.82
845 -7.61
846 -7.59
847 -7.80
848 -7.77
849 -7.56
850 -7.57
851 -7.67
852 -7.61
853 -7.62
854 -7.74
855 -7.52
856 -7.51
857 -7.81
858 -7.80
859 -7.51
860 -7.64
861 -7.92
862 -7.64
863 -7.77
864 -0.25
865 -7.69
866 -8.85
867 -7.60
868 -5.15
869 -26.20
870 -7.77
871 -7.65
872 -7.67
873 -7.73
874 -7.72
875 -7.77
876 -7.57
877 -7.70
878 -8.83
879 -5.10
880 -7.62
881 -7.69
882 -14.38
883 -7.65
884 -7.66
885 -7.54
886 -7.57
887 -7.54
888 -7.65
889 -8.12
890 -7.68
891 -7.50
892 -7.59
893 -7.88
894 -7.68
895 -7.77
896 -7.63
897 -7.89
898 -7.71
899 -7.58
900 -7.81
901 -11.23
902 -7.68
903 -7.71
904 -7.53
905 -7.82
906 -7.77
907 -7.64
908 -7.56
909 -7.60
910 -7.69
911 -7.68
912 -7.54
913 -7.61
914 -7.70
915 -7.76
916 -7.64
917 -7.76
918 -7.74
919 -7.69
920 -7.72
921 -7.67
922 -5.22
923 -7.63
924 -7.82
925 -7.63
926 -7.63
927 -7.63
928 -7.73
929 -7.66
930 -7.58
931 -5.30
932 -7.82
933 -5.23
934 -7.66
935 -11.10
936 -7.78
937 -7.67
938 -7.57
939 -7.68
940 -7.67
941 -5.07
942 -7.76
943 -9.45
944 -5.31
945 -7.62
946 -7.78
947 -7.75
948 -7.63
949 -7.66
950 -7.67
951 -7.62
952 -7.61
953 -7.69
954 -7.77
955 -7.68
956 -7.59
957 -7.66
958 -7.75
959 -7.85
960 -7.79
961 -7.70
962 -7.61
963 -7.56
964 -7.55
965 -7.55
966 -7.78
967 -5.32
968 -7.59
969 -8.06
970 -7.73
971 -7.72
972 -7.70
973 -5.26
974 -7.87
975 -7.66
976 -7.85
977 -7.60
978 -5.38
979 -7.66
980 -7.82
981 -7.71
982 -5.03
983 -7.58
984 -7.71
985 -7.63
986 -7.60
987 -7.67
988 -7.71
989 -7.55
990 -7.60
991 -7.75
992 -7.73
993 -7.60
994 -7.56
995 -7.54
996 -7.56
997 -7.78
998 -7.72
999 -7.78
3756.3259353637695
