0 -2.6549999999999345
1 -2.719999999999933
2 -2.594999999999936
3 -0.02999999999991556
4 -2.6599999999999344
5 -2.629999999999935
6 -2.544999999999937
7 -2.579999999999936
8 -2.5249999999999373
9 2.480000000000107
10 -2.624999999999935
11 -1.0449999999999153
12 -2.6449999999999347
13 -2.594999999999936
14 -2.579999999999936
15 -0.019999999999915558
16 -3.609999999999914
17 -2.5499999999999368
18 -2.5549999999999367
19 -2.5599999999999365
20 -2.579999999999936
21 -2.5599999999999365
22 -2.584999999999936
23 -2.579999999999936
24 -2.6199999999999353
25 -2.6199999999999353
26 -2.6099999999999355
27 -2.539999999999937
28 -2.629999999999935
29 -2.6449999999999347
30 -2.589999999999936
31 -2.5099999999999376
32 -2.5649999999999364
33 -2.6449999999999347
34 -2.9799999999999276
35 -2.964999999999928
36 -2.5749999999999362
37 -2.5499999999999368
38 -2.6099999999999355
39 -2.6199999999999353
40 -2.639999999999935
41 -2.594999999999936
42 -0.5049999999999158
43 -2.5649999999999364
44 -2.629999999999935
45 -2.6199999999999353
46 -2.5599999999999365
47 -35.659999999999755
48 -2.624999999999935
49 -2.539999999999937
50 -2.6149999999999354
51 -2.5749999999999362
52 -0.10499999999991558
53 -2.6949999999999337
54 -2.5649999999999364
55 -0.44999999999991586
56 -2.5999999999999357
57 -2.499999999999938
58 -2.6099999999999355
59 -2.5549999999999367
60 -0.1299999999999156
61 -2.6199999999999353
62 -2.639999999999935
63 -2.674999999999934
64 -2.6099999999999355
65 2.35000000000011
66 -2.5499999999999368
67 -2.584999999999936
68 -2.6049999999999356
69 -2.544999999999937
70 -2.499999999999938
71 -2.5999999999999357
72 -2.544999999999937
73 -2.5249999999999373
74 -2.5999999999999357
75 -2.539999999999937
76 -2.544999999999937
77 -2.5499999999999368
78 -2.9349999999999286
79 -3.1149999999999247
80 -2.5549999999999367
81 -0.02499999999991556
82 -0.06999999999991555
83 -2.9799999999999276
84 -2.584999999999936
85 -2.5099999999999376
86 -2.5649999999999364
87 -2.629999999999935
88 -2.5549999999999367
89 -2.9299999999999287
90 -2.5099999999999376
91 -2.579999999999936
92 -2.6149999999999354
93 -2.634999999999935
94 -2.5499999999999368
95 -2.529999999999937
96 -2.999999999999927
97 -2.539999999999937
98 -2.5549999999999367
99 -2.534999999999937
100 -2.494999999999938
101 -2.594999999999936
102 -2.544999999999937
103 -2.594999999999936
104 -2.6149999999999354
105 -2.6549999999999345
106 -2.5549999999999367
107 -2.669999999999934
108 -2.5649999999999364
109 -2.5599999999999365
110 -2.6149999999999354
111 -2.5649999999999364
112 -2.539999999999937
113 -2.6199999999999353
114 -2.5999999999999357
115 -2.6949999999999337
116 -2.634999999999935
117 -2.5249999999999373
118 -2.6099999999999355
119 -2.6099999999999355
120 -2.544999999999937
121 -2.5649999999999364
122 -2.629999999999935
123 -2.5099999999999376
124 -2.544999999999937
125 -2.584999999999936
126 -2.539999999999937
127 -2.594999999999936
128 -2.5699999999999363
129 -2.5149999999999375
130 -2.5649999999999364
131 -2.5549999999999367
132 -2.5999999999999357
133 -2.6099999999999355
134 -0.059999999999915545
135 -2.6099999999999355
136 -2.9399999999999284
137 -2.6449999999999347
138 -2.5699999999999363
139 -2.539999999999937
140 -2.5499999999999368
141 -2.594999999999936
142 -2.4649999999999386
143 -2.584999999999936
144 -2.494999999999938
145 -2.5699999999999363
146 -2.6899999999999338
147 -2.584999999999936
148 -2.6049999999999356
149 -2.489999999999938
150 -2.5999999999999357
151 -2.629999999999935
152 -2.579999999999936
153 -2.9449999999999283
154 -2.6199999999999353
155 -2.6049999999999356
156 -2.5249999999999373
157 -0.10499999999991558
158 -2.629999999999935
159 -2.529999999999937
160 -2.544999999999937
161 -2.579999999999936
162 -2.534999999999937
163 -2.5649999999999364
164 -2.6149999999999354
165 -2.584999999999936
166 -0.16999999999991564
167 -0.15999999999991563
168 -2.579999999999936
169 -2.6049999999999356
170 -2.5599999999999365
171 -2.624999999999935
172 -2.5049999999999377
173 -2.6149999999999354
174 -2.534999999999937
175 -2.5699999999999363
176 -2.5499999999999368
177 -2.6149999999999354
178 -2.5549999999999367
179 -2.544999999999937
180 -2.6049999999999356
181 -2.579999999999936
182 -2.629999999999935
183 -2.5999999999999357
184 -2.544999999999937
185 -0.05499999999991555
186 -2.5549999999999367
187 -2.6099999999999355
188 -2.5549999999999367
189 -2.6149999999999354
190 -0.06499999999991554
191 -2.579999999999936
192 -2.539999999999937
193 -0.1299999999999156
194 -2.494999999999938
195 -2.5499999999999368
196 -2.499999999999938
197 -2.6599999999999344
198 -2.494999999999938
199 -2.584999999999936
200 -35.64999999999975
201 -2.589999999999936
202 -0.09999999999991557
203 -2.6149999999999354
204 -2.629999999999935
205 -2.999999999999927
206 -2.539999999999937
207 -2.954999999999928
208 -2.539999999999937
209 -2.594999999999936
210 -2.6049999999999356
211 2.440000000000108
212 -2.5249999999999373
213 -2.6499999999999346
214 -2.6149999999999354
215 -0.1249999999999156
216 -2.5749999999999362
217 -2.5549999999999367
218 -2.6149999999999354
219 -2.6049999999999356
220 -2.5999999999999357
221 -2.6049999999999356
222 -2.624999999999935
223 -3.014999999999927
224 -2.5749999999999362
225 -2.5699999999999363
226 -2.9749999999999277
227 -3.064999999999926
228 -2.6199999999999353
229 -2.629999999999935
230 -2.6049999999999356
231 -2.584999999999936
232 -2.5699999999999363
233 -2.499999999999938
234 -2.584999999999936
235 -2.579999999999936
236 -2.5749999999999362
237 -2.5649999999999364
238 -2.589999999999936
239 -2.5699999999999363
240 -2.5699999999999363
241 -0.06999999999991555
242 -2.589999999999936
243 -2.5999999999999357
244 -2.5699999999999363
245 -2.6099999999999355
246 -2.5999999999999357
247 -2.584999999999936
248 -2.4799999999999383
249 -0.1349999999999156
250 -2.634999999999935
251 -2.5199999999999374
252 -2.9499999999999282
253 -2.5749999999999362
254 -2.629999999999935
255 -2.5199999999999374
256 -2.579999999999936
257 -2.5999999999999357
258 -2.5999999999999357
259 -2.5199999999999374
260 -0.45999999999991587
261 -2.539999999999937
262 -2.544999999999937
263 -2.534999999999937
264 -2.5199999999999374
265 -2.9449999999999283
266 -2.5549999999999367
267 -2.5749999999999362
268 -2.624999999999935
269 -2.529999999999937
270 -2.539999999999937
271 -2.6549999999999345
272 -2.529999999999937
273 -2.5199999999999374
274 -2.544999999999937
275 -2.5749999999999362
276 -0.04499999999991555
277 -2.6149999999999354
278 -2.5499999999999368
279 -2.5249999999999373
280 -2.639999999999935
281 -2.539999999999937
282 -3.669999999999913
283 -2.6049999999999356
284 -3.014999999999927
285 -2.5549999999999367
286 -3.0349999999999264
287 -2.5699999999999363
288 -2.594999999999936
289 -2.5649999999999364
290 -2.534999999999937
291 -2.5599999999999365
292 -2.5549999999999367
293 -2.5599999999999365
294 -2.5499999999999368
295 -0.1449999999999156
296 -2.584999999999936
297 -2.674999999999934
298 -2.6199999999999353
299 -2.589999999999936
300 -2.5749999999999362
301 -2.539999999999937
302 -2.6199999999999353
303 -2.5649999999999364
304 -2.584999999999936
305 -2.5499999999999368
306 -2.6199999999999353
307 -2.539999999999937
308 -2.579999999999936
309 -2.6099999999999355
310 -2.5749999999999362
311 -2.674999999999934
312 -2.6199999999999353
313 -2.629999999999935
314 -2.5599999999999365
315 -2.5649999999999364
316 -2.584999999999936
317 -2.634999999999935
318 -2.579999999999936
319 -0.1249999999999156
320 -2.5999999999999357
321 -2.5749999999999362
322 -2.5549999999999367
323 -2.544999999999937
324 -0.09999999999991557
325 -2.534999999999937
326 -2.5499999999999368
327 -2.5649999999999364
328 -2.5599999999999365
329 -2.6149999999999354
330 -2.6049999999999356
331 -2.589999999999936
332 -2.5699999999999363
333 -2.6099999999999355
334 -2.579999999999936
335 -2.6099999999999355
336 -2.629999999999935
337 -2.594999999999936
338 -2.5999999999999357
339 -2.5499999999999368
340 -2.534999999999937
341 -2.5149999999999375
342 -2.579999999999936
343 -2.5549999999999367
344 -2.629999999999935
345 -2.629999999999935
346 -2.6099999999999355
347 -2.624999999999935
348 -2.6049999999999356
349 -2.5549999999999367
350 -3.009999999999927
351 -2.5699999999999363
352 -2.624999999999935
353 -2.589999999999936
354 -2.534999999999937
355 -2.489999999999938
356 -2.6099999999999355
357 -2.5149999999999375
358 -2.6049999999999356
359 -0.11499999999991559
360 -2.5499999999999368
361 -2.529999999999937
362 -2.589999999999936
363 -2.584999999999936
364 -2.6449999999999347
365 -35.60999999999973
366 -2.6199999999999353
367 -2.589999999999936
368 -2.5699999999999363
369 -2.594999999999936
370 -2.5549999999999367
371 2.0250000000001167
372 -2.624999999999935
373 -2.544999999999937
374 -2.5599999999999365
375 -2.579999999999936
376 -2.589999999999936
377 -3.044999999999926
378 -2.5999999999999357
379 -2.6049999999999356
380 -2.539999999999937
381 -2.6099999999999355
382 -2.6049999999999356
383 -2.5699999999999363
384 -2.5699999999999363
385 -2.6499999999999346
386 -2.624999999999935
387 -2.5599999999999365
388 -2.6099999999999355
389 -2.6099999999999355
390 -2.5649999999999364
391 -0.08999999999991556
392 -2.674999999999934
393 -2.5699999999999363
394 -2.529999999999937
395 -2.5699999999999363
396 -2.6149999999999354
397 -0.05499999999991555
398 -2.5749999999999362
399 -2.5599999999999365
400 -2.484999999999938
401 -2.5549999999999367
402 -2.6199999999999353
403 -2.9949999999999273
404 -2.584999999999936
405 -2.6199999999999353
406 -2.6549999999999345
407 -0.10499999999991558
408 -2.5499999999999368
409 -2.539999999999937
410 -2.544999999999937
411 -0.09999999999991557
412 -2.5599999999999365
413 -2.594999999999936
414 -2.5649999999999364
415 -2.5749999999999362
416 -2.589999999999936
417 -2.539999999999937
418 -2.539999999999937
419 -2.594999999999936
420 -2.5999999999999357
421 -2.5699999999999363
422 -2.594999999999936
423 -2.634999999999935
424 -2.624999999999935
425 -2.5599999999999365
426 -2.534999999999937
427 -2.5499999999999368
428 -2.5549999999999367
429 -2.679999999999934
430 -2.9899999999999274
431 -2.544999999999937
432 -2.5699999999999363
433 -2.5699999999999363
434 -2.579999999999936
435 -2.5699999999999363
436 -2.5699999999999363
437 -0.039999999999915554
438 -2.5999999999999357
439 -2.634999999999935
440 -2.5099999999999376
441 -2.5749999999999362
442 -2.6149999999999354
443 -2.639999999999935
444 -2.679999999999934
445 -2.679999999999934
446 -2.539999999999937
447 -2.594999999999936
448 -2.5749999999999362
449 -2.589999999999936
450 -2.589999999999936
451 -2.969999999999928
452 -2.5699999999999363
453 -2.629999999999935
454 -2.5649999999999364
455 -2.5249999999999373
456 -2.5749999999999362
457 -0.16999999999991564
458 -2.5699999999999363
459 -2.5599999999999365
460 -2.529999999999937
461 -0.009999999999915556
462 -2.5699999999999363
463 -2.499999999999938
464 -2.624999999999935
465 -2.6049999999999356
466 -2.544999999999937
467 -2.6099999999999355
468 -2.5999999999999357
469 -2.594999999999936
470 -3.014999999999927
471 -2.634999999999935
472 -3.0199999999999267
473 -2.5649999999999364
474 -2.6149999999999354
475 -2.544999999999937
476 -2.5649999999999364
477 -2.484999999999938
478 -2.674999999999934
479 -2.964999999999928
480 -2.6199999999999353
481 -2.579999999999936
482 -2.6099999999999355
483 -2.494999999999938
484 -2.5549999999999367
485 -2.6149999999999354
486 -0.05499999999991555
487 -2.5549999999999367
488 -2.579999999999936
489 -2.589999999999936
490 -2.624999999999935
491 -2.584999999999936
492 -2.6049999999999356
493 -2.5699999999999363
494 -2.579999999999936
495 -2.5999999999999357
496 -2.529999999999937
497 -2.5699999999999363
498 -2.6149999999999354
499 2.440000000000108
500 0.025000000000084448
501 -2.5499999999999368
502 -2.6049999999999356
503 -2.5749999999999362
504 -2.9499999999999282
505 -2.5699999999999363
506 -0.08999999999991556
507 -2.5599999999999365
508 -2.4799999999999383
509 -2.6149999999999354
510 -2.959999999999928
511 -2.579999999999936
512 -0.02499999999991556
513 -2.5249999999999373
514 -2.6499999999999346
515 -2.5249999999999373
516 -2.6049999999999356
517 -2.6449999999999347
518 -2.624999999999935
519 -2.6449999999999347
520 -2.9399999999999284
521 -2.5999999999999357
522 -2.584999999999936
523 -2.499999999999938
524 -2.674999999999934
525 -2.624999999999935
526 -2.499999999999938
527 -2.6099999999999355
528 -2.5599999999999365
529 -2.5599999999999365
530 -2.6199999999999353
531 -2.534999999999937
532 -2.544999999999937
533 -2.4799999999999383
534 -2.6499999999999346
535 -2.594999999999936
536 -2.579999999999936
537 -2.5649999999999364
538 -2.579999999999936
539 -2.534999999999937
540 -2.579999999999936
541 -2.579999999999936
542 -2.6149999999999354
543 -0.1399999999999156
544 -2.6199999999999353
545 -2.6049999999999356
546 -0.11999999999991559
547 -2.6049999999999356
548 -2.589999999999936
549 -2.624999999999935
550 -2.5699999999999363
551 -2.5549999999999367
552 -2.5549999999999367
553 -2.5999999999999357
554 -2.5549999999999367
555 -2.6149999999999354
556 -2.6049999999999356
557 -2.5749999999999362
558 -0.11499999999991559
559 -3.0199999999999267
560 -2.594999999999936
561 -2.579999999999936
562 -2.579999999999936
563 -2.6149999999999354
564 -2.589999999999936
565 -2.5749999999999362
566 -2.9899999999999274
567 -2.5149999999999375
568 -0.46499999999991587
569 -2.584999999999936
570 -2.6049999999999356
571 -2.539999999999937
572 -0.04499999999991555
573 -2.6099999999999355
574 -3.049999999999926
575 -2.6599999999999344
576 -2.594999999999936
577 -2.589999999999936
578 -2.594999999999936
579 -2.5649999999999364
580 -2.579999999999936
581 -35.88499999999987
582 -2.5499999999999368
583 -2.6499999999999346
584 -2.6649999999999343
585 -2.5699999999999363
586 2.4150000000001084
587 -2.544999999999937
588 -2.539999999999937
589 -2.579999999999936
590 -2.6649999999999343
591 -2.5649999999999364
592 -2.6549999999999345
593 -2.5649999999999364
594 -2.6149999999999354
595 -2.5999999999999357
596 -2.539999999999937
597 -35.80999999999983
598 -2.6049999999999356
599 -0.11499999999991559
600 -2.584999999999936
601 -2.534999999999937
602 -2.584999999999936
603 -2.6499999999999346
604 -2.6099999999999355
605 -2.5549999999999367
606 -2.589999999999936
607 -2.6099999999999355
608 -2.6049999999999356
609 -2.589999999999936
610 -2.5999999999999357
611 -2.5699999999999363
612 -2.529999999999937
613 -2.6149999999999354
614 -2.4799999999999383
615 -2.6049999999999356
616 -3.0399999999999263
617 -2.6149999999999354
618 -2.5699999999999363
619 -2.5499999999999368
620 -2.5749999999999362
621 -2.4799999999999383
622 -2.5049999999999377
623 -2.5099999999999376
624 -2.6049999999999356
625 -0.10499999999991558
626 -2.629999999999935
627 -2.6149999999999354
628 -2.5999999999999357
629 -2.5049999999999377
630 -2.639999999999935
631 -2.6499999999999346
632 -2.589999999999936
633 -0.039999999999915554
634 -2.5499999999999368
635 -0.1399999999999156
636 -2.589999999999936
637 -2.5649999999999364
638 -2.529999999999937
639 -2.5699999999999363
640 -2.5699999999999363
641 -2.6099999999999355
642 -2.5199999999999374
643 -0.1299999999999156
644 -2.684999999999934
645 -2.6149999999999354
646 -2.544999999999937
647 -2.914999999999929
648 -2.529999999999937
649 -2.6049999999999356
650 -2.6149999999999354
651 -2.529999999999937
652 -2.9849999999999275
653 -0.07999999999991556
654 -2.584999999999936
655 -2.594999999999936
656 -2.6199999999999353
657 -2.5499999999999368
658 -2.5249999999999373
659 -2.6099999999999355
660 -2.5649999999999364
661 -2.629999999999935
662 -2.594999999999936
663 -2.5599999999999365
664 -2.5199999999999374
665 -2.579999999999936
666 -2.5099999999999376
667 -2.5649999999999364
668 -2.594999999999936
669 -2.5199999999999374
670 -0.14999999999991562
671 -0.08999999999991556
672 -2.539999999999937
673 -2.5549999999999367
674 -2.5599999999999365
675 -2.5049999999999377
676 -2.6499999999999346
677 -2.579999999999936
678 -2.5649999999999364
679 -2.544999999999937
680 -2.5999999999999357
681 -2.5599999999999365
682 -2.534999999999937
683 -0.5849999999999159
684 -2.9749999999999277
685 -2.589999999999936
686 -2.5699999999999363
687 -0.04499999999991555
688 -2.624999999999935
689 -2.6149999999999354
690 -2.5499999999999368
691 -2.6099999999999355
692 -2.6649999999999343
693 -2.6099999999999355
694 -2.5749999999999362
695 -3.104999999999925
696 -2.6199999999999353
697 -2.6549999999999345
698 -2.5999999999999357
699 -2.624999999999935
700 -0.059999999999915545
701 -2.489999999999938
702 -2.539999999999937
703 -2.594999999999936
704 -2.584999999999936
705 -2.6599999999999344
706 -0.07999999999991556
707 -0.04499999999991555
708 -2.629999999999935
709 -2.6099999999999355
710 -2.5649999999999364
711 -2.589999999999936
712 -2.5999999999999357
713 -2.5999999999999357
714 -2.594999999999936
715 -2.544999999999937
716 -2.539999999999937
717 -0.04999999999991555
718 -2.6099999999999355
719 -0.059999999999915545
720 -2.584999999999936
721 -2.5749999999999362
722 -2.579999999999936
723 -2.6899999999999338
724 -2.639999999999935
725 -2.529999999999937
726 -0.02999999999991556
727 -2.629999999999935
728 -2.6649999999999343
729 -2.5749999999999362
730 -2.5999999999999357
731 -0.19499999999991566
732 -2.5599999999999365
733 -2.5149999999999375
734 -2.5749999999999362
735 -2.4799999999999383
736 -2.589999999999936
737 -2.624999999999935
738 -2.5249999999999373
739 -2.6099999999999355
740 -2.5599999999999365
741 -2.5749999999999362
742 -2.5099999999999376
743 -0.05499999999991555
744 -2.589999999999936
745 -2.544999999999937
746 -0.06499999999991554
747 -2.5649999999999364
748 -2.639999999999935
749 -2.5199999999999374
750 -4.039999999999905
751 2.380000000000109
752 -0.059999999999915545
753 -2.589999999999936
754 -2.5999999999999357
755 -2.579999999999936
756 -2.6149999999999354
757 -2.9499999999999282
758 -2.5599999999999365
759 -2.5549999999999367
760 -2.624999999999935
761 -2.4699999999999385
762 -2.6049999999999356
763 -2.5099999999999376
764 -2.584999999999936
765 -2.9249999999999288
766 -2.589999999999936
767 -2.529999999999937
768 -2.5599999999999365
769 -2.5499999999999368
770 -2.539999999999937
771 -2.5699999999999363
772 -2.6149999999999354
773 -2.634999999999935
774 2.0250000000001167
775 -2.639999999999935
776 -2.539999999999937
777 -2.584999999999936
778 -2.5599999999999365
779 -2.579999999999936
780 -0.07999999999991556
781 -2.6099999999999355
782 -0.4699999999999159
783 -2.6199999999999353
784 -2.584999999999936
785 -2.6449999999999347
786 -2.4799999999999383
787 -2.5199999999999374
788 -2.6049999999999356
789 -2.5599999999999365
790 -0.10499999999991558
791 -2.6999999999999336
792 -2.589999999999936
793 -2.5249999999999373
794 -2.5199999999999374
795 -2.529999999999937
796 -2.584999999999936
797 -2.624999999999935
798 -2.489999999999938
799 -2.7149999999999332
800 -2.6149999999999354
801 -0.09499999999991557
802 -3.049999999999926
803 -3.0299999999999265
804 -2.594999999999936
805 -2.5649999999999364
806 -0.07499999999991555
807 -2.5199999999999374
808 -2.594999999999936
809 -2.5649999999999364
810 -2.6199999999999353
811 -2.5999999999999357
812 -2.634999999999935
813 -2.579999999999936
814 -2.5199999999999374
815 -2.6049999999999356
816 -2.6199999999999353
817 -2.5249999999999373
818 -2.594999999999936
819 -2.544999999999937
820 -2.629999999999935
821 -2.999999999999927
822 -2.5699999999999363
823 -0.04999999999991555
824 -2.5249999999999373
825 -0.44499999999991585
826 -2.544999999999937
827 -35.794999999999824
828 -2.594999999999936
829 -2.5499999999999368
830 -2.6149999999999354
831 -0.06999999999991555
832 -2.6149999999999354
833 -2.5699999999999363
834 -2.6049999999999356
835 -2.534999999999937
836 -2.594999999999936
837 -2.6199999999999353
838 -2.5599999999999365
839 -2.579999999999936
840 -2.6449999999999347
841 -2.5199999999999374
842 -2.5599999999999365
843 -2.529999999999937
844 -35.81999999999984
845 -2.6199999999999353
846 -2.6049999999999356
847 -30.509999999998076
848 -2.629999999999935
849 -2.6149999999999354
850 -3.0749999999999256
851 -2.7099999999999334
852 -2.5099999999999376
853 -2.5699999999999363
854 -2.5049999999999377
855 -2.494999999999938
856 -2.499999999999938
857 -2.5699999999999363
858 -2.4699999999999385
859 -0.5449999999999159
860 -2.584999999999936
861 -2.6149999999999354
862 -2.5199999999999374
863 -2.6549999999999345
864 -2.5599999999999365
865 -2.544999999999937
866 -2.5149999999999375
867 -2.6099999999999355
868 -2.594999999999936
869 -2.639999999999935
870 -2.5749999999999362
871 -2.9349999999999286
872 -2.579999999999936
873 -2.6199999999999353
874 -2.6099999999999355
875 -2.5699999999999363
876 -2.5649999999999364
877 2.4550000000001075
878 -2.579999999999936
879 -2.579999999999936
880 -2.5649999999999364
881 -2.5999999999999357
882 -3.6349999999999136
883 2.3700000000001094
884 -2.6549999999999345
885 -2.539999999999937
886 -2.594999999999936
887 -2.5999999999999357
888 -2.5699999999999363
889 -2.6449999999999347
890 -2.539999999999937
891 -2.5549999999999367
892 -2.5999999999999357
893 -2.6199999999999353
894 -2.5549999999999367
895 -35.79999999999983
896 -2.679999999999934
897 -2.5549999999999367
898 -2.584999999999936
899 -2.5649999999999364
900 0.005000000000084445
901 -2.669999999999934
902 -2.6049999999999356
903 -2.5499999999999368
904 -2.5599999999999365
905 -2.5599999999999365
906 -2.6199999999999353
907 -2.584999999999936
908 -2.629999999999935
909 -2.639999999999935
910 -2.6899999999999338
911 -2.5699999999999363
912 -2.674999999999934
913 -2.6549999999999345
914 -2.624999999999935
915 -2.5649999999999364
916 -2.6149999999999354
917 -2.9949999999999273
918 -2.594999999999936
919 -2.634999999999935
920 -2.669999999999934
921 -2.594999999999936
922 -2.584999999999936
923 -2.6049999999999356
924 -2.5249999999999373
925 -2.5599999999999365
926 -2.534999999999937
927 -2.5499999999999368
928 -2.594999999999936
929 -2.5649999999999364
930 -2.594999999999936
931 -2.539999999999937
932 -2.579999999999936
933 -2.584999999999936
934 -2.6099999999999355
935 -0.039999999999915554
936 -2.534999999999937
937 -2.5599999999999365
938 -2.639999999999935
939 -2.624999999999935
940 -2.6099999999999355
941 -2.6499999999999346
942 -2.6649999999999343
943 -2.5649999999999364
944 -2.5149999999999375
945 -2.9749999999999277
946 -35.854999999999855
947 -2.5199999999999374
948 -2.544999999999937
949 -2.594999999999936
950 -2.634999999999935
951 -2.5549999999999367
952 -2.624999999999935
953 -2.544999999999937
954 -2.5499999999999368
955 -2.5499999999999368
956 -2.624999999999935
957 -2.584999999999936
958 -2.5649999999999364
959 -2.6499999999999346
960 -2.579999999999936
961 -2.6149999999999354
962 -0.04999999999991555
963 -2.4799999999999383
964 -2.539999999999937
965 -2.6099999999999355
966 -2.6149999999999354
967 -2.5149999999999375
968 -2.6199999999999353
969 -2.589999999999936
970 -2.634999999999935
971 -2.539999999999937
972 -2.594999999999936
973 -2.6549999999999345
974 -0.5249999999999159
975 -3.0349999999999264
976 -0.02999999999991556
977 -0.07999999999991556
978 -2.6049999999999356
979 -2.5249999999999373
980 -2.6499999999999346
981 -2.6149999999999354
982 -2.529999999999937
983 -2.6149999999999354
984 -2.589999999999936
985 -2.4749999999999384
986 -2.5499999999999368
987 -2.5699999999999363
988 -2.5999999999999357
989 -2.589999999999936
990 2.4000000000001087
991 -2.589999999999936
992 -2.629999999999935
993 -2.5999999999999357
994 -2.6449999999999347
995 -2.5599999999999365
996 -2.6049999999999356
997 -2.6599999999999344
998 -2.534999999999937
999 -2.639999999999935
1000 -2.584999999999936
1001 -2.594999999999936
1002 -2.679999999999934
1003 -2.624999999999935
1004 -2.5499999999999368
1005 -2.5749999999999362
1006 -2.624999999999935
1007 -2.594999999999936
1008 -0.02999999999991556
1009 -2.579999999999936
1010 -2.5699999999999363
1011 -2.6649999999999343
1012 -2.5749999999999362
1013 -0.08999999999991556
1014 -2.674999999999934
1015 -2.5699999999999363
1016 -2.6649999999999343
1017 -3.009999999999927
1018 -2.589999999999936
1019 -2.5499999999999368
1020 -2.624999999999935
1021 -2.6149999999999354
1022 -2.584999999999936
1023 -2.589999999999936
1024 -2.5499999999999368
1025 -2.584999999999936
1026 -2.5549999999999367
1027 -2.5249999999999373
1028 -2.539999999999937
1029 -2.5549999999999367
1030 -2.629999999999935
1031 -2.594999999999936
1032 -2.5749999999999362
1033 -2.6049999999999356
1034 -2.629999999999935
1035 -2.5749999999999362
1036 -2.5699999999999363
1037 -2.6149999999999354
1038 -0.06499999999991554
1039 -2.6099999999999355
1040 -2.529999999999937
1041 -2.6199999999999353
1042 -2.634999999999935
1043 -2.5699999999999363
1044 -2.5999999999999357
1045 -2.6149999999999354
1046 -2.544999999999937
1047 -2.579999999999936
1048 -2.594999999999936
1049 -2.5599999999999365
1050 -2.5499999999999368
1051 -2.539999999999937
1052 -2.6149999999999354
1053 -2.589999999999936
1054 -2.6149999999999354
1055 -2.684999999999934
1056 -2.579999999999936
1057 -0.11999999999991559
1058 -2.6599999999999344
1059 -2.639999999999935
1060 -2.5499999999999368
1061 -2.6099999999999355
1062 -2.579999999999936
1063 -2.5199999999999374
1064 -2.539999999999937
1065 -2.534999999999937
1066 -2.584999999999936
1067 -2.5599999999999365
1068 -2.5549999999999367
1069 -2.544999999999937
1070 -2.6499999999999346
1071 -2.5599999999999365
1072 -2.594999999999936
1073 -2.5699999999999363
1074 -2.5199999999999374
1075 -2.5999999999999357
1076 -2.5599999999999365
1077 -2.594999999999936
1078 -0.15499999999991562
1079 -2.579999999999936
1080 -2.5749999999999362
1081 -2.5549999999999367
1082 -2.579999999999936
1083 -2.624999999999935
1084 -2.484999999999938
1085 -2.6449999999999347
1086 -2.6149999999999354
1087 -2.634999999999935
1088 -2.639999999999935
1089 -2.579999999999936
1090 -2.529999999999937
1091 -2.534999999999937
1092 -2.5599999999999365
1093 -3.624999999999914
1094 -0.06999999999991555
1095 -2.5699999999999363
1096 -2.629999999999935
1097 -2.6149999999999354
1098 -2.639999999999935
1099 -2.5099999999999376
1100 -2.5749999999999362
1101 -2.5099999999999376
1102 -2.5999999999999357
1103 -2.529999999999937
1104 -2.584999999999936
1105 -33.414999999998614
1106 -2.484999999999938
1107 -2.499999999999938
1108 -0.17999999999991564
1109 -0.1299999999999156
1110 -2.5999999999999357
1111 -2.5649999999999364
1112 -2.5649999999999364
1113 -0.06499999999991554
1114 -2.5599999999999365
1115 -2.544999999999937
1116 -2.5649999999999364
1117 -2.5649999999999364
1118 -2.6649999999999343
1119 -2.6049999999999356
1120 -2.5549999999999367
1121 -2.669999999999934
1122 -35.82499999999984
1123 -2.5999999999999357
1124 -2.639999999999935
1125 -2.5649999999999364
1126 -2.5249999999999373
1127 -2.624999999999935
1128 -2.6149999999999354
1129 -2.624999999999935
1130 -2.5749999999999362
1131 -2.999999999999927
1132 -2.534999999999937
1133 -2.5599999999999365
1134 -2.634999999999935
1135 -2.624999999999935
1136 -2.6099999999999355
1137 -2.5699999999999363
1138 -2.5099999999999376
1139 -2.5149999999999375
1140 -2.534999999999937
1141 -2.584999999999936
1142 -2.9499999999999282
1143 -2.6449999999999347
1144 -2.5249999999999373
1145 -2.669999999999934
1146 -2.5099999999999376
1147 -2.579999999999936
1148 -2.6549999999999345
1149 -2.529999999999937
1150 -0.039999999999915554
1151 -2.634999999999935
1152 -2.639999999999935
1153 -0.059999999999915545
1154 -2.5649999999999364
1155 -2.589999999999936
1156 -2.6149999999999354
1157 -2.5249999999999373
1158 -2.5749999999999362
1159 -2.589999999999936
1160 -2.629999999999935
1161 -2.629999999999935
1162 -2.5149999999999375
1163 -2.5099999999999376
1164 -3.619999999999914
1165 -2.5749999999999362
1166 -2.6199999999999353
1167 -2.579999999999936
1168 -2.669999999999934
1169 -2.5999999999999357
1170 -2.534999999999937
1171 -2.594999999999936
1172 -0.08999999999991556
1173 -2.5199999999999374
1174 -2.589999999999936
1175 -2.589999999999936
1176 -2.579999999999936
1177 -2.5549999999999367
1178 -2.5249999999999373
1179 -2.5499999999999368
1180 -0.4749999999999159
1181 -2.5599999999999365
1182 -2.639999999999935
1183 -2.6499999999999346
1184 -2.544999999999937
1185 -2.5549999999999367
1186 -2.594999999999936
1187 -2.6049999999999356
1188 -2.6149999999999354
1189 -2.584999999999936
1190 -2.5999999999999357
1191 -2.529999999999937
1192 -2.6049999999999356
1193 -2.669999999999934
1194 -0.09999999999991557
1195 -2.6549999999999345
1196 -2.5999999999999357
1197 -2.584999999999936
1198 -2.634999999999935
1199 -2.584999999999936
1200 -2.624999999999935
1201 -2.584999999999936
1202 -2.579999999999936
1203 -2.6099999999999355
1204 -2.6099999999999355
1205 -2.579999999999936
1206 -2.6649999999999343
1207 -2.5649999999999364
1208 2.490000000000107
1209 -2.539999999999937
1210 -2.6099999999999355
1211 -2.6599999999999344
1212 -2.5499999999999368
1213 -2.544999999999937
1214 -2.5149999999999375
1215 -2.6499999999999346
1216 -0.02499999999991556
1217 -2.5549999999999367
1218 -0.1249999999999156
1219 -2.5999999999999357
1220 -2.5249999999999373
1221 -3.0349999999999264
1222 -2.5699999999999363
1223 -2.5549999999999367
1224 -2.5149999999999375
1225 -2.6649999999999343
1226 -3.579999999999915
1227 -2.5499999999999368
1228 -2.589999999999936
1229 -2.5649999999999364
1230 -2.5749999999999362
1231 -2.5549999999999367
1232 -2.5699999999999363
1233 -2.489999999999938
1234 -2.589999999999936
1235 -2.6199999999999353
1236 -2.6049999999999356
1237 -2.634999999999935
1238 -2.539999999999937
1239 -2.639999999999935
1240 -2.6599999999999344
1241 -0.10499999999991558
1242 -0.08999999999991556
1243 -2.5999999999999357
1244 -3.004999999999927
1245 -2.584999999999936
1246 -2.969999999999928
1247 -2.674999999999934
1248 -2.5699999999999363
1249 -2.5699999999999363
1250 -0.05499999999991555
1251 -2.534999999999937
1252 -3.004999999999927
1253 -2.594999999999936
1254 -0.02499999999991556
1255 -2.539999999999937
1256 -2.539999999999937
1257 -2.5699999999999363
1258 -2.6049999999999356
1259 -2.624999999999935
1260 -2.624999999999935
1261 -2.5749999999999362
1262 -2.544999999999937
1263 -2.5699999999999363
1264 -2.6099999999999355
1265 -2.634999999999935
1266 -2.5649999999999364
1267 -2.5649999999999364
1268 -2.6049999999999356
1269 -0.1249999999999156
1270 -2.5999999999999357
1271 -2.6099999999999355
1272 -2.6049999999999356
1273 -0.03499999999991556
1274 -2.6199999999999353
1275 -2.5749999999999362
1276 -2.9499999999999282
1277 -2.594999999999936
1278 -2.6149999999999354
1279 -2.579999999999936
1280 -2.5249999999999373
1281 -2.5999999999999357
1282 -2.5499999999999368
1283 -2.5649999999999364
1284 -2.634999999999935
1285 -0.10499999999991558
1286 -2.5499999999999368
1287 -2.629999999999935
1288 -2.594999999999936
1289 -2.5249999999999373
1290 -35.64999999999975
1291 -2.4749999999999384
1292 -2.584999999999936
1293 -2.6049999999999356
1294 -2.5149999999999375
1295 -2.5749999999999362
1296 -2.594999999999936
1297 -2.5999999999999357
1298 -2.6049999999999356
1299 -2.5499999999999368
1300 -0.06499999999991554
1301 -2.5649999999999364
1302 -2.5699999999999363
1303 -0.059999999999915545
1304 2.380000000000109
1305 -2.9249999999999288
1306 -2.6199999999999353
1307 -2.6099999999999355
1308 -2.6199999999999353
1309 -2.5599999999999365
1310 -2.6499999999999346
1311 -2.5099999999999376
1312 -2.534999999999937
1313 -2.6199999999999353
1314 -2.5699999999999363
1315 -2.5599999999999365
1316 -3.004999999999927
1317 -2.9349999999999286
1318 -2.5749999999999362
1319 -2.5149999999999375
1320 -2.589999999999936
1321 -2.6049999999999356
1322 -2.5999999999999357
1323 -2.6549999999999345
1324 -2.6649999999999343
1325 -2.5249999999999373
1326 -2.5699999999999363
1327 -2.9949999999999273
1328 -2.5199999999999374
1329 -2.634999999999935
1330 -2.5699999999999363
1331 -2.4699999999999385
1332 -2.584999999999936
1333 -2.5999999999999357
1334 -0.5299999999999159
1335 -2.529999999999937
1336 -2.544999999999937
1337 -2.5599999999999365
1338 -2.6149999999999354
1339 -2.5599999999999365
1340 -2.5499999999999368
1341 -2.634999999999935
1342 -2.544999999999937
1343 -2.629999999999935
1344 -2.6199999999999353
1345 -2.544999999999937
1346 -0.09999999999991557
1347 -0.08499999999991556
1348 -2.5749999999999362
1349 -2.529999999999937
1350 -2.6549999999999345
1351 -2.579999999999936
1352 -2.594999999999936
1353 -2.5699999999999363
1354 -2.579999999999936
1355 -2.584999999999936
1356 -2.5749999999999362
1357 -2.5749999999999362
1358 -2.579999999999936
1359 -2.529999999999937
1360 -3.0399999999999263
1361 -2.6049999999999356
1362 -2.534999999999937
1363 -2.5999999999999357
1364 -2.584999999999936
1365 -2.594999999999936
1366 -2.5649999999999364
1367 -0.07499999999991555
1368 -2.5599999999999365
1369 -2.639999999999935
1370 -2.579999999999936
1371 -2.6049999999999356
1372 -2.624999999999935
1373 -2.6449999999999347
1374 -2.544999999999937
1375 -2.6099999999999355
1376 -2.5099999999999376
1377 -2.6049999999999356
1378 -2.5749999999999362
1379 -2.584999999999936
1380 -2.6599999999999344
1381 -2.584999999999936
1382 -2.6199999999999353
1383 -2.6449999999999347
1384 -2.4699999999999385
1385 -2.594999999999936
1386 -2.5999999999999357
1387 -2.584999999999936
1388 -2.639999999999935
1389 -2.584999999999936
1390 -2.5699999999999363
1391 -2.579999999999936
1392 -2.5749999999999362
1393 -2.534999999999937
1394 -2.5699999999999363
1395 -2.5049999999999377
1396 -3.049999999999926
1397 -2.634999999999935
1398 -2.589999999999936
1399 -3.044999999999926
1400 -2.5599999999999365
1401 -2.629999999999935
1402 -0.06999999999991555
1403 -0.14999999999991562
1404 -2.5699999999999363
1405 -2.5999999999999357
1406 -2.5499999999999368
1407 -2.539999999999937
1408 -2.544999999999937
1409 -2.6049999999999356
1410 -2.494999999999938
1411 -2.5999999999999357
1412 -2.534999999999937
1413 -2.534999999999937
1414 -2.9849999999999275
1415 -2.579999999999936
1416 -2.584999999999936
1417 -2.5549999999999367
1418 -2.629999999999935
1419 -2.589999999999936
1420 -2.579999999999936
1421 -2.6149999999999354
1422 -2.5699999999999363
1423 -2.5599999999999365
1424 -2.6149999999999354
1425 -2.584999999999936
1426 -2.629999999999935
1427 -2.6199999999999353
1428 -2.6449999999999347
1429 -2.529999999999937
1430 -2.579999999999936
1431 -2.5549999999999367
1432 -2.9899999999999274
1433 -2.5699999999999363
1434 -2.539999999999937
1435 -0.42499999999991583
1436 -0.10999999999991558
1437 -2.5599999999999365
1438 -2.5549999999999367
1439 -2.544999999999937
1440 -2.484999999999938
1441 -2.5649999999999364
1442 -2.6099999999999355
1443 -2.484999999999938
1444 -2.594999999999936
1445 -2.5199999999999374
1446 -2.5999999999999357
1447 -2.9949999999999273
1448 -2.634999999999935
1449 -2.6199999999999353
1450 -2.5049999999999377
1451 -2.8899999999999295
1452 -2.5249999999999373
1453 -2.579999999999936
1454 -2.6049999999999356
1455 -2.594999999999936
1456 -2.584999999999936
1457 -2.6099999999999355
1458 -2.5499999999999368
1459 -2.584999999999936
1460 -2.584999999999936
1461 -2.5549999999999367
1462 -2.6499999999999346
1463 -2.5699999999999363
1464 -2.6499999999999346
1465 -2.489999999999938
1466 -2.5599999999999365
1467 -2.6099999999999355
1468 -2.5049999999999377
1469 -2.539999999999937
1470 -2.594999999999936
1471 -2.6449999999999347
1472 -2.6049999999999356
1473 -2.594999999999936
1474 -2.6149999999999354
1475 -2.594999999999936
1476 -2.5749999999999362
1477 -2.6049999999999356
1478 -2.624999999999935
1479 -2.7549999999999324
1480 -2.5599999999999365
1481 -2.6149999999999354
1482 -2.5649999999999364
1483 -0.06999999999991555
1484 -2.579999999999936
1485 -2.6599999999999344
1486 -0.06999999999991555
1487 -2.6099999999999355
1488 -2.5699999999999363
1489 -2.589999999999936
1490 -2.589999999999936
1491 -2.539999999999937
1492 -2.589999999999936
1493 -2.6199999999999353
1494 -0.4749999999999159
1495 -2.629999999999935
1496 -2.5599999999999365
1497 -2.5999999999999357
1498 -2.539999999999937
1499 -2.5649999999999364
1500 -2.6649999999999343
1501 -2.579999999999936
1502 -2.534999999999937
1503 -2.584999999999936
1504 -2.6199999999999353
1505 -2.6199999999999353
1506 -2.594999999999936
1507 -2.6199999999999353
1508 -2.594999999999936
1509 -35.63499999999974
1510 -2.5599999999999365
1511 -2.5599999999999365
1512 -3.004999999999927
1513 -2.6649999999999343
1514 -2.6099999999999355
1515 -2.589999999999936
1516 -0.10999999999991558
1517 -2.5599999999999365
1518 -2.5249999999999373
1519 -2.639999999999935
1520 -2.9449999999999283
1521 -0.07499999999991555
1522 -2.6049999999999356
1523 -0.02999999999991556
1524 -2.5499999999999368
1525 -2.5499999999999368
1526 -2.6149999999999354
1527 -2.529999999999937
1528 -2.5499999999999368
1529 -3.6449999999999134
1530 -2.5699999999999363
1531 -2.534999999999937
1532 -2.5499999999999368
1533 -2.594999999999936
1534 -2.6049999999999356
1535 -2.639999999999935
1536 -2.544999999999937
1537 -2.5999999999999357
1538 -2.594999999999936
1539 -2.584999999999936
1540 -2.539999999999937
1541 -2.5999999999999357
1542 -2.584999999999936
1543 -2.529999999999937
1544 -2.499999999999938
1545 -2.5499999999999368
1546 -2.584999999999936
1547 -2.544999999999937
1548 -2.669999999999934
1549 -2.534999999999937
1550 -2.584999999999936
1551 -2.5599999999999365
1552 -2.584999999999936
1553 -2.6149999999999354
1554 -2.594999999999936
1555 -2.624999999999935
1556 -2.634999999999935
1557 -2.6199999999999353
1558 -2.5199999999999374
1559 -2.6049999999999356
1560 -2.5599999999999365
1561 -2.679999999999934
1562 -2.6199999999999353
1563 -2.5599999999999365
1564 -0.07499999999991555
1565 -2.579999999999936
1566 -0.5349999999999159
1567 -2.584999999999936
1568 -2.5599999999999365
1569 -2.594999999999936
1570 -2.624999999999935
1571 -2.639999999999935
1572 -2.674999999999934
1573 -2.5599999999999365
1574 -2.5749999999999362
1575 -2.5999999999999357
1576 -2.629999999999935
1577 -2.629999999999935
1578 -2.669999999999934
1579 -2.544999999999937
1580 -2.5599999999999365
1581 -2.9849999999999275
1582 -2.669999999999934
1583 -2.589999999999936
1584 -2.5999999999999357
1585 -0.5549999999999159
1586 -2.579999999999936
1587 -2.6149999999999354
1588 -0.1399999999999156
1589 -2.594999999999936
1590 -2.589999999999936
1591 -2.544999999999937
1592 -2.639999999999935
1593 -2.5749999999999362
1594 -2.489999999999938
1595 -2.529999999999937
1596 -2.579999999999936
1597 -2.584999999999936
1598 -2.6649999999999343
1599 -2.5549999999999367
1600 -2.5599999999999365
1601 -2.6199999999999353
1602 -2.579999999999936
1603 -2.639999999999935
1604 -2.5599999999999365
1605 -2.5649999999999364
1606 -2.6049999999999356
1607 -2.579999999999936
1608 -2.594999999999936
1609 -2.579999999999936
1610 -0.5199999999999159
1611 -2.5499999999999368
1612 -2.6949999999999337
1613 -2.5499999999999368
1614 -2.5499999999999368
1615 -2.5649999999999364
1616 -2.5549999999999367
1617 -2.5749999999999362
1618 -2.544999999999937
1619 -2.679999999999934
1620 -2.6099999999999355
1621 -2.584999999999936
1622 -2.5699999999999363
1623 -2.624999999999935
1624 -0.1249999999999156
1625 -2.5699999999999363
1626 -2.6049999999999356
1627 -2.5999999999999357
1628 -2.6549999999999345
1629 -2.5749999999999362
1630 -2.579999999999936
1631 -2.5149999999999375
1632 -2.6099999999999355
1633 -2.579999999999936
1634 -2.5149999999999375
1635 -2.639999999999935
1636 -2.594999999999936
1637 -0.04499999999991555
1638 -2.6199999999999353
1639 -2.629999999999935
1640 -2.9799999999999276
1641 -2.5599999999999365
1642 -2.5749999999999362
1643 -2.5049999999999377
1644 -2.6049999999999356
1645 -3.014999999999927
1646 -2.6049999999999356
1647 -2.9749999999999277
1648 -2.6199999999999353
1649 -2.6049999999999356
1650 -2.584999999999936
1651 -2.529999999999937
1652 -2.6099999999999355
1653 -2.969999999999928
1654 -0.059999999999915545
1655 -2.579999999999936
1656 -2.669999999999934
1657 -2.629999999999935
1658 -2.5699999999999363
1659 -2.594999999999936
1660 -2.5649999999999364
1661 -2.579999999999936
1662 -2.629999999999935
1663 -2.589999999999936
1664 -2.584999999999936
1665 -2.5699999999999363
1666 -2.5699999999999363
1667 -2.589999999999936
1668 -2.489999999999938
1669 -2.6049999999999356
1670 -2.9749999999999277
1671 -2.529999999999937
1672 -2.6649999999999343
1673 -2.969999999999928
1674 -2.5749999999999362
1675 -2.629999999999935
1676 -2.5099999999999376
1677 -2.6049999999999356
1678 -0.05499999999991555
1679 -2.5549999999999367
1680 -2.6199999999999353
1681 -2.5749999999999362
1682 -2.6149999999999354
1683 -2.9749999999999277
1684 -2.6099999999999355
1685 -2.589999999999936
1686 -3.099999999999925
1687 -2.584999999999936
1688 -2.594999999999936
1689 -2.6549999999999345
1690 -2.5699999999999363
1691 -2.539999999999937
1692 -2.539999999999937
1693 -2.6049999999999356
1694 -2.5699999999999363
1695 -2.9399999999999284
1696 -2.4749999999999384
1697 -2.5499999999999368
1698 -2.6049999999999356
1699 -2.584999999999936
1700 -0.1349999999999156
1701 -2.4649999999999386
1702 -2.589999999999936
1703 -2.529999999999937
1704 -2.5749999999999362
1705 -2.6199999999999353
1706 -2.5099999999999376
1707 -2.5199999999999374
1708 -2.6099999999999355
1709 -2.594999999999936
1710 -2.5749999999999362
1711 -2.5499999999999368
1712 -2.534999999999937
1713 -2.5599999999999365
1714 -0.06499999999991554
1715 -2.5199999999999374
1716 -2.584999999999936
1717 -2.684999999999934
1718 -0.06999999999991555
1719 -0.06499999999991554
1720 -2.5199999999999374
1721 -2.5749999999999362
1722 -2.594999999999936
1723 -2.6149999999999354
1724 -2.539999999999937
1725 -2.594999999999936
1726 -2.6149999999999354
1727 -2.5999999999999357
1728 -2.5549999999999367
1729 -2.594999999999936
1730 -2.5499999999999368
1731 -2.5099999999999376
1732 -2.579999999999936
1733 -2.5249999999999373
1734 -2.4799999999999383
1735 -2.6049999999999356
1736 -2.6149999999999354
1737 -2.6049999999999356
1738 -2.5699999999999363
1739 -2.539999999999937
1740 -0.09999999999991557
1741 -2.6049999999999356
1742 -2.584999999999936
1743 -2.6649999999999343
1744 -2.5649999999999364
1745 -0.04999999999991555
1746 -2.534999999999937
1747 -2.5749999999999362
1748 -2.624999999999935
1749 -2.6149999999999354
1750 -2.679999999999934
1751 -2.539999999999937
1752 -2.629999999999935
1753 -0.07999999999991556
1754 -2.589999999999936
1755 -0.06499999999991554
1756 -2.5649999999999364
1757 -2.589999999999936
1758 -2.5249999999999373
1759 -2.6049999999999356
1760 -2.5499999999999368
1761 -2.579999999999936
1762 -2.5599999999999365
1763 -2.6149999999999354
1764 -2.624999999999935
1765 -2.589999999999936
1766 -2.5649999999999364
1767 -2.5999999999999357
1768 -2.6649999999999343
1769 -2.6049999999999356
1770 -2.5499999999999368
1771 -2.5999999999999357
1772 -2.669999999999934
1773 -2.5999999999999357
1774 -2.5549999999999367
1775 -2.5599999999999365
1776 -2.5599999999999365
1777 -0.05499999999991555
1778 -2.5599999999999365
1779 -2.6149999999999354
1780 -2.909999999999929
1781 0.015000000000084446
1782 -2.6499999999999346
1783 -2.589999999999936
1784 -2.6099999999999355
1785 -2.6199999999999353
1786 -2.674999999999934
1787 -2.904999999999929
1788 -2.5999999999999357
1789 -2.494999999999938
1790 -2.584999999999936
1791 -3.014999999999927
1792 -2.5749999999999362
1793 -2.6049999999999356
1794 -2.594999999999936
1795 -2.639999999999935
1796 -2.534999999999937
1797 -2.579999999999936
1798 -2.534999999999937
1799 -2.544999999999937
1800 -2.529999999999937
1801 -2.629999999999935
1802 -0.1449999999999156
1803 -2.589999999999936
1804 -2.6099999999999355
1805 -2.579999999999936
1806 -0.10999999999991558
1807 -2.5699999999999363
1808 -0.06499999999991554
1809 -2.5999999999999357
1810 -2.6149999999999354
1811 -0.03499999999991556
1812 -2.579999999999936
1813 -2.589999999999936
1814 -2.5599999999999365
1815 -2.489999999999938
1816 -2.9899999999999274
1817 -2.5999999999999357
1818 -2.584999999999936
1819 -2.584999999999936
1820 -0.08499999999991556
1821 -2.5649999999999364
1822 -35.84499999999985
1823 -2.6549999999999345
1824 -2.5199999999999374
1825 0.010000000000084445
1826 -2.584999999999936
1827 -2.624999999999935
1828 -2.5149999999999375
1829 -2.5699999999999363
1830 -2.579999999999936
1831 -2.5149999999999375
1832 -2.5999999999999357
1833 -2.6149999999999354
1834 -2.5699999999999363
1835 -2.5999999999999357
1836 -2.679999999999934
1837 -2.5549999999999367
1838 -2.579999999999936
1839 -2.5549999999999367
1840 -2.544999999999937
1841 -2.639999999999935
1842 -2.6099999999999355
1843 -2.6149999999999354
1844 -35.71499999999978
1845 -2.6199999999999353
1846 -2.5549999999999367
1847 -2.6149999999999354
1848 -2.5599999999999365
1849 -2.594999999999936
1850 -2.494999999999938
1851 -2.634999999999935
1852 -2.629999999999935
1853 -2.5649999999999364
1854 -2.594999999999936
1855 -2.5699999999999363
1856 -2.5749999999999362
1857 -2.9899999999999274
1858 -0.019999999999915558
1859 -2.6199999999999353
1860 -2.624999999999935
1861 -2.584999999999936
1862 -2.6949999999999337
1863 -2.674999999999934
1864 -2.544999999999937
1865 -2.5199999999999374
1866 -2.529999999999937
1867 -2.6449999999999347
1868 -0.15999999999991563
1869 -0.1349999999999156
1870 -2.6099999999999355
1871 -2.5699999999999363
1872 -2.634999999999935
1873 -2.544999999999937
1874 -2.584999999999936
1875 -2.544999999999937
1876 -2.5699999999999363
1877 -2.6599999999999344
1878 -2.5649999999999364
1879 -2.594999999999936
1880 -0.14999999999991562
1881 -2.5599999999999365
1882 -2.6099999999999355
1883 -2.5099999999999376
1884 -2.6199999999999353
1885 -2.5699999999999363
1886 -2.5749999999999362
1887 -2.5699999999999363
1888 -2.5999999999999357
1889 -2.639999999999935
1890 -2.544999999999937
1891 -2.579999999999936
1892 -2.5549999999999367
1893 -0.07499999999991555
1894 -2.579999999999936
1895 -2.534999999999937
1896 -2.539999999999937
1897 -0.08499999999991556
1898 -0.11999999999991559
1899 -2.594999999999936
1900 -2.5499999999999368
1901 -2.5999999999999357
1902 -2.6499999999999346
1903 -2.5599999999999365
1904 -2.5149999999999375
1905 -2.5699999999999363
1906 -2.544999999999937
1907 -2.5099999999999376
1908 -0.15499999999991562
1909 -2.6449999999999347
1910 -2.594999999999936
1911 -2.5249999999999373
1912 -2.634999999999935
1913 -2.639999999999935
1914 -2.5499999999999368
1915 -2.6499999999999346
1916 -2.5649999999999364
1917 -2.5649999999999364
1918 -2.579999999999936
1919 -2.5149999999999375
1920 -2.5749999999999362
1921 -2.6099999999999355
1922 -2.5749999999999362
1923 -2.529999999999937
1924 -0.05499999999991555
1925 -2.634999999999935
1926 -2.624999999999935
1927 -2.6099999999999355
1928 -2.6099999999999355
1929 -2.629999999999935
1930 -2.6199999999999353
1931 -2.6149999999999354
1932 -2.6049999999999356
1933 -2.4799999999999383
1934 -2.539999999999937
1935 -2.539999999999937
1936 -2.534999999999937
1937 -2.6199999999999353
1938 -0.019999999999915558
1939 -2.539999999999937
1940 -2.6649999999999343
1941 -2.6199999999999353
1942 -2.6199999999999353
1943 -2.589999999999936
1944 -2.5749999999999362
1945 -2.9299999999999287
1946 -2.6449999999999347
1947 -2.5749999999999362
1948 -2.5749999999999362
1949 -2.624999999999935
1950 -2.5649999999999364
1951 -2.5099999999999376
1952 -2.9249999999999288
1953 -2.579999999999936
1954 -2.5699999999999363
1955 -2.5599999999999365
1956 -2.5249999999999373
1957 -2.484999999999938
1958 -2.579999999999936
1959 -2.5999999999999357
1960 -0.1299999999999156
1961 -2.544999999999937
1962 -2.5499999999999368
1963 -2.5549999999999367
1964 -2.5599999999999365
1965 -2.5999999999999357
1966 -35.71499999999978
1967 -2.5599999999999365
1968 -2.6099999999999355
1969 -2.539999999999937
1970 -2.584999999999936
1971 -2.544999999999937
1972 -2.5599999999999365
1973 -2.5999999999999357
1974 -2.594999999999936
1975 -2.639999999999935
1976 -2.5699999999999363
1977 -2.5699999999999363
1978 -0.06499999999991554
1979 -2.579999999999936
1980 -2.6499999999999346
1981 -2.589999999999936
1982 0.03000000000008445
1983 -2.5649999999999364
1984 -2.6099999999999355
1985 -2.5749999999999362
1986 -2.534999999999937
1987 -2.594999999999936
1988 -2.579999999999936
1989 -2.584999999999936
1990 -2.579999999999936
1991 -2.5599999999999365
1992 -2.5099999999999376
1993 -2.634999999999935
1994 -0.19499999999991566
1995 -2.6049999999999356
1996 -2.584999999999936
1997 -2.594999999999936
1998 -2.6149999999999354
1999 -2.5499999999999368
5238.905104398727
