0 -5.119999999999873
1 -7.6499999999998725
2 -7.4649999999998755
3 -7.594999999999874
4 -7.719999999999871
5 -7.639999999999873
6 -7.559999999999874
7 -7.76499999999987
8 -7.679999999999872
9 -7.494999999999875
10 -7.689999999999872
11 -7.799999999999869
12 -7.654999999999872
13 -7.589999999999873
14 -7.689999999999872
15 -7.449999999999877
16 -6.839999999999885
17 -7.719999999999871
18 -7.5549999999998745
19 -7.859999999999868
20 -3.374999999999906
21 -5.984999999999898
22 -6.57499999999989
23 1.6150000000001286
24 -6.344999999999893
25 -3.2349999999999026
26 -6.9649999999998835
27 -4.2349999999998875
28 -6.58999999999989
29 1.6600000000000854
30 7.290000000000127
31 1.405000000000053
32 2.2150000000001295
33 -0.2199999999998866
34 4.820000000000049
35 7.365000000000106
36 17.4799999999998
37 -2.589999999999933
38 -0.20499999999994964
39 6.8200000000001495
40 -0.10499999999996905
41 7.300000000000143
42 22.470000000000013
43 4.95000000000014
44 7.435000000000148
45 -5.084999999999912
46 17.379999999999846
47 22.354999999999794
48 7.340000000000163
49 14.944999999999803
50 9.784999999999856
51 14.999999999999854
52 -2.594999999999911
53 9.994999999999955
54 3.9615880020882344e-14
55 12.444999999999903
56 20.024999999999785
57 15.104999999999952
58 17.469999999999807
59 22.56499999999982
60 9.089999999999927
61 19.864999999999796
62 9.964999999999893
63 19.949999999999864
64 4.960000000000109
65 12.530000000000019
66 14.964999999999796
67 8.484999999999985
68 2.345000000000065
69 7.470000000000141
70 30.104999999999837
71 7.455000000000092
72 7.430000000000161
73 7.43000000000012
74 15.044999999999861
75 29.379999999999775
76 25.11499999999991
77 11.879999999999852
78 -0.08499999999995682
79 17.444999999999812
80 17.404999999999806
81 17.444999999999848
82 27.56499999999975
83 14.909999999999801
84 9.969999999999944
85 17.59999999999983
86 10.054999999999819
87 10.065000000000117
88 12.434999999999919
89 8.480000000000016
90 20.03499999999985
91 33.804999999999694
92 12.629999999999953
93 24.374999999999762
94 17.594999999999754
95 9.975000000000039
96 12.464999999999767
97 20.04499999999987
98 12.36499999999989
99 24.844999999999832
100 21.409999999999982
101 7.5199999999999045
102 22.499999999999773
103 45.03499999999976
104 24.98999999999974
105 27.474999999999767
106 20.00499999999975
107 20.049999999999912
108 26.84999999999979
109 27.619999999999905
110 9.264999999999873
111 35.044999999999895
112 22.104999999999833
113 14.984999999999776
114 28.934999999999846
115 24.074999999999733
116 35.309999999999924
117 32.51999999999984
118 12.48499999999991
119 27.544999999999877
120 24.954999999999874
121 17.479999999999887
122 34.56999999999978
123 29.879999999999928
124 41.5749999999997
125 26.354999999999887
126 34.42499999999977
127 17.615000000000045
128 35.0499999999998
129 11.804999999999952
130 15.075000000000028
131 10.48499999999977
132 45.15999999999983
133 22.694999999999872
134 15.044999999999956
135 22.189999999999742
136 27.574999999999882
137 20.054999999999797
138 24.92499999999978
139 12.609999999999918
140 27.51999999999981
141 24.979999999999887
142 25.009999999999952
143 27.09999999999989
144 19.64500000000001
145 30.039999999999743
146 24.894999999999797
147 10.084999999999962
148 12.429999999999902
149 27.479999999999738
150 24.959999999999884
151 26.309999999999828
152 34.604999999999784
153 29.97999999999975
154 41.10999999999976
155 25.079999999999895
156 22.43499999999999
157 17.49999999999988
158 21.679999999999943
159 27.549999999999823
160 21.99499999999983
161 27.589999999999883
162 27.634999999999913
163 25.014999999999798
164 20.014999999999887
165 37.45999999999978
166 14.955000000000027
167 23.274999999999757
168 19.359999999999943
169 20.024999999999892
170 37.55999999999989
171 47.35499999999966
172 30.139999999999798
173 15.050000000000075
174 19.92499999999995
175 30.06999999999979
176 19.969999999999853
177 46.744999999999656
178 20.04499999999989
179 37.57499999999979
180 30.099999999999785
181 25.009999999999906
182 22.54499999999984
183 15.034999999999798
184 35.05999999999979
185 17.52999999999991
186 25.864999999999764
187 34.97999999999986
188 29.944999999999805
189 22.479999999999947
190 16.944999999999762
191 30.07999999999986
192 30.16999999999981
193 27.50499999999989
194 39.89999999999981
195 16.24999999999989
196 22.539999999999754
197 22.45499999999978
198 29.774999999999793
199 40.049999999999734
200 42.76999999999987
201 37.604999999999734
202 24.459999999999805
203 25.18999999999986
204 30.124999999999858
205 34.47499999999974
206 32.504999999999704
207 31.904999999999813
208 22.624999999999762
209 29.45999999999989
210 30.14999999999993
211 20.124999999999947
212 22.51499999999979
213 25.06999999999995
214 17.654999999999838
215 27.52499999999979
216 23.499999999999883
217 29.99999999999979
218 34.734999999999786
219 34.954999999999856
220 25.074999999999868
221 50.249999999999766
222 32.76999999999986
223 32.544999999999824
224 34.1399999999999
225 45.24999999999978
226 47.67999999999973
227 20.16999999999991
228 21.589999999999833
229 35.01999999999979
230 39.57999999999973
231 25.124999999999996
232 17.509999999999877
233 49.65999999999973
234 27.64499999999988
235 30.154999999999834
236 32.719999999999814
237 25.05499999999982
238 34.574999999999804
239 30.189999999999824
240 17.52499999999977
241 32.60499999999979
242 27.674999999999898
243 26.134999999999717
244 45.7049999999996
245 22.529999999999795
246 29.594999999999796
247 32.684999999999874
248 20.140000000000043
249 62.50999999999949
250 45.18999999999971
251 35.15999999999981
252 42.65999999999971
253 26.959999999999862
254 30.15499999999981
255 27.139999999999773
256 47.73999999999971
257 33.484999999999765
258 22.610000000000028
259 50.89999999999973
260 33.944999999999816
261 22.45999999999986
262 17.534999999999826
263 41.044999999999604
264 47.754999999999754
265 21.95499999999991
266 42.54499999999981
267 37.694999999999894
268 48.794999999999696
269 40.07999999999978
270 32.599999999999916
271 56.27999999999967
272 37.66999999999984
273 32.634999999999884
274 22.629999999999807
275 30.009999999999895
276 52.10499999999985
277 37.5499999999998
278 44.51499999999956
279 27.649999999999892
280 15.11999999999996
281 28.934999999999835
282 40.08499999999987
283 12.684999999999874
284 50.079999999999615
285 30.294999999999835
286 35.12499999999984
287 42.78999999999969
288 31.114999999999863
289 20.024999999999846
290 37.6649999999998
291 23.869999999999724
292 42.644999999999804
293 32.58499999999974
294 32.459999999999795
295 52.68999999999977
296 20.094999999999775
297 15.089999999999941
298 37.57999999999975
299 38.39999999999969
300 34.939999999999785
301 42.639999999999695
302 42.73499999999974
303 22.62000000000001
304 45.169999999999696
305 40.15999999999975
306 45.17999999999987
307 45.18999999999975
308 35.11499999999984
309 39.2699999999997
310 49.844999999999736
311 25.024999999999775
312 22.609999999999864
313 35.08499999999979
314 20.159999999999794
315 35.10499999999997
316 25.039999999999843
317 27.624999999999797
318 32.71499999999978
319 44.52999999999975
320 29.559999999999835
321 50.33499999999975
322 45.21999999999978
323 37.60999999999981
324 47.75999999999968
325 37.83499999999974
326 44.889999999999795
327 20.19499999999988
328 22.594999999999892
329 39.759999999999614
330 27.654999999999802
331 49.084999999999724
332 35.23999999999985
333 30.179999999999847
334 37.02999999999978
335 30.189999999999785
336 40.07999999999981
337 37.64499999999979
338 40.10999999999984
339 35.17999999999986
340 52.12999999999979
341 41.35499999999978
342 37.654999999999866
343 19.98499999999999
344 40.12499999999978
345 27.59999999999995
346 47.764999999999695
347 42.75499999999973
348 22.50499999999976
349 49.95999999999967
350 35.14999999999978
351 39.46999999999974
352 35.144999999999825
353 27.479999999999833
354 57.84499999999968
355 52.834999999999745
356 57.87999999999965
357 30.189999999999777
358 32.104999999999826
359 35.13499999999977
360 27.574999999999804
361 55.32999999999965
362 37.579999999999764
363 40.159999999999755
364 25.05999999999977
365 30.06999999999978
366 47.384999999999664
367 22.624999999999837
368 52.25499999999966
369 42.10499999999977
370 51.15999999999963
371 25.194999999999887
372 45.359999999999694
373 60.33999999999965
374 40.21999999999976
375 37.654999999999774
376 27.80999999999981
377 42.709999999999745
378 32.449999999999775
379 39.78499999999984
380 44.37999999999969
381 47.69499999999974
382 63.77999999999967
383 39.56499999999977
384 35.21999999999991
385 39.129999999999725
386 44.70499999999979
387 47.674999999999756
388 37.66499999999971
389 25.044999999999913
390 32.604999999999876
391 35.234999999999786
392 38.52999999999967
393 31.87499999999978
394 48.954999999999565
395 46.179999999999744
396 50.28499999999975
397 54.75999999999967
398 40.21499999999973
399 35.13999999999984
400 40.31999999999996
401 32.70999999999981
402 34.479999999999784
403 35.12499999999983
404 57.6949999999997
405 33.0849999999997
406 50.34499999999974
407 47.48499999999979
408 27.764999999999972
409 36.96999999999983
410 48.47999999999954
411 49.22999999999983
412 25.04499999999975
413 30.219999999999843
414 22.149999999999793
415 29.879999999999857
416 29.544999999999757
417 50.31999999999973
418 40.169999999999796
419 37.64499999999982
420 33.85999999999989
421 27.649999999999842
422 46.64499999999972
423 37.799999999999876
424 45.36499999999968
425 30.194999999999812
426 32.669999999999824
427 41.12499999999976
428 66.02999999999982
429 32.72999999999979
430 54.589999999999556
431 48.97499999999968
432 27.709999999999884
433 30.204999999999895
434 50.34499999999966
435 50.25999999999968
436 55.81499999999957
437 45.31999999999967
438 42.71999999999974
439 38.249999999999886
440 61.324999999999626
441 47.71499999999964
442 45.46999999999969
443 35.30999999999977
444 60.32499999999974
445 35.30499999999989
446 49.68999999999974
447 35.21499999999987
448 37.75999999999975
449 47.13499999999968
450 79.63499999999965
451 41.279999999999724
452 47.81999999999967
453 42.72499999999979
454 40.30999999999969
455 47.71999999999977
456 34.56499999999976
457 22.78999999999981
458 30.194999999999805
459 39.04999999999969
460 43.71499999999968
461 27.719999999999846
462 37.79499999999985
463 30.299999999999883
464 35.18999999999989
465 37.66999999999972
466 52.78999999999975
467 52.11999999999966
468 52.779999999999724
469 27.75499999999987
470 51.109999999999694
471 30.104999999999798
472 49.35999999999963
473 40.36999999999974
474 37.69499999999979
475 43.55999999999966
476 62.37499999999962
477 15.134999999999817
478 35.074999999999896
479 30.239999999999903
480 47.679999999999715
481 30.254999999999843
482 47.64999999999968
483 47.77999999999975
484 52.489999999999654
485 72.83999999999968
486 45.28499999999975
487 35.17999999999986
488 75.39999999999985
489 42.149999999999764
490 27.734999999999886
491 35.24999999999974
492 52.69499999999956
493 47.67499999999977
494 57.889999999999624
495 67.97499999999977
496 40.42999999999973
497 55.35999999999964
498 50.34999999999974
499 57.959999999999646
500 29.974999999999945
501 37.899999999999714
502 60.42999999999953
503 32.8399999999999
504 37.67499999999973
505 50.404999999999596
506 51.984999999999665
507 48.41499999999967
508 52.75999999999966
509 40.18499999999991
510 70.12499999999983
511 25.259999999999796
512 52.89999999999958
513 35.41499999999989
514 45.42499999999983
515 40.0399999999997
516 63.01499999999971
517 37.98999999999988
518 72.99999999999972
519 40.369999999999706
520 60.594999999999374
521 50.679999999999644
522 63.09999999999974
523 58.084999999999674
524 32.51499999999926
525 40.58999999999978
526 20.109999999999896
527 33.27000000000004
528 59.509999999999465
529 43.1049999999997
530 35.679999999999914
531 60.63999999999963
532 26.505000000000013
533 30.88500000000001
534 47.994999999999564
535 47.96999999999977
536 39.739999999999625
537 55.30499999999983
538 21.485000000000444
539 52.959999999999766
540 30.81999999999992
541 30.319999999999887
542 51.68999999999962
543 35.26999999999979
544 35.659999999999805
545 55.604999999999606
546 52.5199999999997
547 42.29999999999966
548 20.444999999999965
549 45.44999999999968
550 45.47499999999976
551 55.85999999999964
552 44.454999999999714
553 57.71999999999957
554 27.59500000000004
555 38.39999999999965
556 22.844999999999807
557 55.029999999999745
558 58.01999999999948
559 66.11499999999963
560 57.63999999999961
561 40.539999999999786
562 38.289999999999765
563 45.34499999999974
564 45.3799999999996
565 32.359999999999815
566 40.70999999999976
567 48.094999999999544
568 25.674999999999784
569 60.48499999999956
570 35.419999999999675
571 35.36999999999994
572 40.394999999999705
573 36.68999999999982
574 60.34499999999956
575 37.69499999999978
576 50.9849999999996
577 57.88999999999973
578 45.404999999999724
579 51.634999999999614
580 40.4949999999998
581 40.00999999999976
582 33.069999999999894
583 65.53499999999957
584 48.00499999999971
585 32.954999999999835
586 40.6199999999998
587 36.05499999999921
588 1.87000000000012
589 37.874999999999815
590 37.02499999999988
591 9.96500000000007
592 30.494999999999855
593 48.584999999999546
594 42.85499999999987
595 33.87499999999878
596 55.61499999999947
597 26.07499999999974
598 46.369999999998996
599 58.14499999999936
600 30.350000000000005
601 30.64500000000001
602 45.48499999999975
603 47.40999999999971
604 47.66999999999954
605 65.73499999999967
606 38.34999999999912
607 42.21999999999971
608 37.48999999999974
609 35.76500000000009
610 22.994999999999916
611 38.07999999999998
612 40.90499999999946
613 57.50999999999891
614 40.92499999999963
615 23.200000000000262
616 57.82499999999947
617 45.35999999999906
618 40.10499999999966
619 40.899999999999075
620 38.42999999999963
621 1.310000000000132
622 33.199999999999356
623 18.810000000000816
624 19.144999999999666
625 40.85499999999975
626 31.530000000000236
627 31.859999999999363
628 11.524999999999958
629 18.745000000000235
630 26.37999999999998
631 4.475000000000042
632 37.39499999999927
633 33.29500000000001
634 7.309999999999374
635 19.44000000000061
636 4.075000000000126
637 61.214999999999385
638 21.730000000000516
639 25.930000000000145
640 19.070000000000157
641 38.37999999999983
642 38.52999999999911
643 14.63500000000039
644 6.839999999999567
645 44.86499999999978
646 40.76499999999929
647 21.400000000000063
648 40.73999999999981
649 30.619999999999873
650 23.83000000000041
651 14.695000000000386
652 26.230000000000018
653 39.17499999999879
654 15.955000000000174
655 36.18499999999963
656 23.850000000000144
657 28.550000000000168
658 45.77499999999944
659 16.10999999999941
660 14.135000000000039
661 32.6149999999998
662 9.669999999999323
663 16.425000000000594
664 -0.22999999999991658
665 12.169999999999353
666 40.86999999999982
667 43.354999999999585
668 30.824999999999967
669 53.194999999999524
670 43.33999999999975
671 1.8950000000001133
672 19.360000000000383
673 17.0200000000005
674 24.2650000000006
675 32.65999999999905
676 29.875000000000234
677 61.324999999999825
678 46.04999999999983
679 14.949999999999985
680 9.529999999999315
681 18.605000000000537
682 16.735000000000618
683 37.73999999999991
684 18.4699999999998
685 -0.18999999999991565
686 4.189999999999928
687 2.3100000000001106
688 4.255000000000116
689 37.76999999999861
690 -0.664999999999916
691 11.049999999999624
692 16.000000000000394
693 36.385000000000026
694 40.74499999999954
695 19.030000000000204
696 3.984999999999827
697 7.2649999999994055
698 4.304999999999895
699 35.20499999999875
700 -0.06499999999991554
701 56.169999999999455
702 67.39499999999933
703 35.85999999999969
704 16.810000000000624
705 33.124999999999964
706 9.144999999999287
707 45.574999999999434
708 40.67999999999958
709 4.89499999999982
710 35.45999999999977
711 40.78499999999952
712 2.2300000000001097
713 42.62999999999931
714 48.369999999999806
715 -1.1849999999999123
716 42.76999999999956
717 31.515000000000157
718 33.22999999999891
719 20.150000000000865
720 21.41999999999985
721 48.469999999999295
722 11.915000000000063
723 50.19499999999939
724 57.28499999999901
725 4.335000000000114
726 11.889999999999663
727 23.59999999999992
728 3.814999999999996
729 16.95499999999969
730 2.660000000000217
731 8.74500000000008
732 -0.059999999999915545
733 33.68499999999974
734 12.03499999999939
735 18.86999999999942
736 7.2449999999995125
737 1.4750000000001284
738 9.249999999999666
739 11.794999999999499
740 19.400000000000404
741 38.05999999999958
742 34.46999999999907
743 23.769999999999918
744 18.020000000000778
745 24.13000000000057
746 18.82499999999969
747 31.744999999998633
748 14.279999999999388
749 9.914999999999264
750 26.529999999999564
751 16.345000000000155
752 4.769999999999912
753 -2.5549999999999367
754 47.43499999999911
755 2.2300000000001123
756 15.990000000000268
757 9.594999999999317
758 29.460000000000235
759 17.80000000000031
760 38.13999999999979
761 -1.0649999999999193
762 19.32999999999996
763 11.804999999999666
764 26.730000000000686
765 -2.6099999999999355
766 26.8850000000007
767 1.4000000000001203
768 15.930000000000664
769 13.534999999999744
770 -0.17999999999991564
771 7.079999999999413
772 14.52999999999935
773 31.344999999999942
774 -2.4599999999999342
775 33.519999999999484
776 15.64000000000005
777 4.729999999999968
778 8.484999999999992
779 -1.1899999999999122
780 4.639999999999865
781 11.759999999999364
782 19.15500000000048
783 4.674999999999917
784 50.249999999999126
785 0.8400000000001384
786 4.774999999999826
787 -27.734999999998738
788 39.904999999999355
789 43.379999999999576
790 2.160000000000114
791 9.42999999999941
792 27.904999999999472
793 21.83499999999973
794 34.07999999999884
795 11.029999999999145
796 -0.22499999999991746
797 31.46999999999942
798 65.90499999999932
799 -1.1649999999999128
800 -2.634999999999935
801 38.74999999999944
802 16.7150000000008
803 6.654999999999516
804 56.27999999999891
805 38.38999999999984
806 33.58999999999996
807 9.03499999999936
808 -0.43499999999991584
809 28.15500000000033
810 1.3600000000001307
811 29.165000000000312
812 12.189999999999516
813 53.559999999999384
814 -1.8149999999999007
815 13.359999999999872
816 1.3000000000001322
817 13.589999999999655
818 28.820000000000295
819 18.82000000000037
820 -0.1449999999999156
821 18.8199999999997
822 19.960000000000683
823 37.669999999999426
824 2.380000000000109
825 47.28499999999999
826 4.490000000000112
827 12.140000000000079
828 3.595000000000004
829 -0.16499999999991563
830 26.515000000000015
831 12.06499999999944
832 1.3650000000001308
833 13.969999999999803
834 43.34999999999905
835 -0.08499999999991556
836 9.614999999999322
837 12.179999999999517
838 20.375000000000476
839 9.619999999999523
840 2.295000000000111
841 4.609999999999961
842 2.3650000000001095
843 43.544999999999334
844 1.2350000000001335
845 31.079999999999423
846 14.214999999999453
847 -2.584999999999936
848 -0.16499999999991563
849 21.699999999999996
850 18.830000000000478
851 31.324999999999775
852 7.299999999999435
853 4.874999999999803
854 4.64499999999993
855 12.00499999999937
856 16.585000000000797
857 14.14000000000014
858 23.100000000002044
859 1.5050000000001278
860 4.2550000000001225
861 28.36500000000021
862 -1.064999999999915
863 1.8900000000001196
864 26.1600000000004
865 18.545000000000027
866 -1.199999999999912
867 13.809999999999642
868 4.71999999999989
869 18.89500000000045
870 -11.525000000000318
871 -0.4799999999999159
872 23.880000000000155
873 2.6599999999999424
874 29.15499999999989
875 -0.5199999999999159
876 38.56500000000002
877 14.965000000000119
878 26.15000000000006
879 7.060000000000115
880 8.504999999999098
881 1.545000000000127
882 13.10499999999954
883 14.435000000000008
884 9.594999999999583
885 9.70999999999928
886 16.65500000000047
887 18.35500000000014
888 28.73999999999988
889 58.06499999999915
890 2.3100000000001106
891 -0.5249999999999159
892 14.079999999999758
893 19.025000000000563
894 26.49500000000057
895 11.899999999999944
896 12.199999999999541
897 2.300000000000108
898 6.8399999999986845
899 19.69000000000078
900 17.155000000000022
901 2.3100000000001106
902 10.484999999999335
903 38.664999999999445
904 40.3399999999994
905 11.239999999999306
906 10.82999999999944
907 1.1100000000001362
908 9.414999999999193
909 -0.9649999999999165
910 28.765000000000214
911 4.684999999999876
912 27.245000000000505
913 11.649999999999489
914 23.39000000000035
915 9.689999999999486
916 24.589999999999907
917 48.29499999999895
918 1.260000000000133
919 1.2950000000001323
920 6.894999999999568
921 20.40000000000068
922 -0.32999999999992374
923 8.56499999999997
924 6.959999999999483
925 12.329999999999322
926 -1.0999999999999142
927 7.1999999999994335
928 21.275000000000354
929 9.354999999999803
930 4.549999999999964
931 9.354999999999391
932 -3.0249999999999266
933 19.130000000000162
934 1.9500000000001183
935 -0.4699999999999159
936 24.49999999999984
937 7.239999999999601
938 15.520000000000728
939 4.380000000000116
940 -2.959999999999928
941 -0.10499999999991558
942 41.94499999999976
943 6.784999999999764
944 4.360000000000023
945 8.404999999999283
946 16.599999999999756
947 9.764999999999421
948 4.5299999999998635
949 9.689999999999582
950 34.364999999998396
951 -0.5949999999999159
952 8.719999999999526
953 11.50500000000011
954 -3.6449999999999134
955 4.784999999999865
956 4.5249999999999915
957 -31.754999999997338
958 -0.08999999999991556
959 22.235000000000895
960 34.340000000000124
961 6.9449999999996805
962 17.02000000000057
963 4.364999999999881
964 24.60500000000023
965 -1.2699999999999105
966 16.200000000000816
967 -0.21999999999991568
968 2.295000000000111
969 9.704999999999409
970 36.574999999999775
971 -33.1099999999984
972 17.250000000000313
973 -2.579999999999936
974 1.660000000000122
975 24.025000000000187
976 9.669999999999845
977 -0.5249999999999159
978 -30.83999999999801
979 7.050000000000063
980 -1.2249999999999115
981 24.04500000000007
982 -0.10499999999991647
983 16.364999999999746
984 1.6950000000001237
985 19.025000000000144
986 17.165000000000834
987 2.33500000000011
988 2.255000000000112
989 31.19500000000008
990 7.3449999999994375
991 2.33000000000011
992 9.724999999999271
993 4.620000000000007
994 32.72000000000017
995 17.00500000000047
996 -0.5749999999999159
997 16.955000000000474
998 4.744999999999926
999 31.57499999999905
1000 -0.43999999999991585
1001 1.7150000000001224
1002 6.769999999999485
1003 24.26499999999966
1004 1.8500000000001204
1005 1.7050000000001235
1006 4.294999999999943
1007 10.349999999999683
1008 -0.1449999999999156
1009 -2.5699999999999363
1010 6.004999999999962
1011 20.659999999999624
1012 -2.999999999999927
1013 4.84499999999994
1014 2.250000000000112
1015 16.830000000000055
1016 -2.6599999999999344
1017 4.805000000000025
1018 -0.08499999999991556
1019 9.814999999999488
1020 7.239999999999456
1021 -1.2099999999999118
1022 14.555000000000044
1023 4.774999999999887
1024 9.019999999999625
1025 1.3900000000001302
1026 2.1300000000001127
1027 -0.18999999999991565
1028 7.159999999999562
1029 -0.9099999999999162
1030 9.324999999999276
1031 1.8100000000001213
1032 21.950000000000557
1033 -0.2449999999999157
1034 14.51999999999979
1035 -0.3250000000001318
1036 16.300000000000637
1037 1.1750000000000966
1038 4.794999999999874
1039 -0.1599999999999183
1040 -2.9049999999999314
1041 8.169999999999833
1042 1.4150000000001297
1043 11.899999999999453
1044 3.995000000000128
1045 19.26499999999979
1046 12.199999999999303
1047 35.949999999999726
1048 4.879999999999842
1049 1.775000000000122
1050 16.740000000000716
1051 19.00500000000027
1052 2.2700000000001115
1053 16.994999999999912
1054 7.1750000000001135
1055 7.295000000000103
1056 13.154999999999202
1057 -2.6449999999999347
1058 11.594999999999365
1059 -0.1249999999999156
1060 2.795000000000212
1061 9.724999999999381
1062 9.529999999999681
1063 1.8550000000001168
1064 4.36500000000012
1065 4.4900000000001175
1066 -1.1249999999999136
1067 -0.5599999999999159
1068 11.92499999999954
1069 2.3500000000000725
1070 2.475000000000107
1071 1.9400000000001123
1072 -3.014999999999927
1073 6.530000000000079
1074 7.339999999999354
1075 4.784999999999851
1076 -2.544999999999937
1077 21.375000000000533
1078 4.384999999999849
1079 -1.1399999999999133
1080 2.3650000000000997
1081 -12.00999999999918
1082 -1.0699999999999148
1083 9.529999999999674
1084 24.005000000000543
1085 -2.534999999999937
1086 9.76499999999962
1087 -0.07499999999991555
1088 10.110000000000161
1089 6.729999999999792
1090 4.645000000000114
1091 14.509999999999335
1092 9.694999999999474
1093 2.2950000000000594
1094 -2.539999999999937
1095 -35.78999999999982
1096 -0.7049999999998325
1097 4.819999999999861
1098 16.32499999999972
1099 2.2250000000001124
1100 19.54000000000072
1101 1.540000000000127
1102 23.46500000000027
1103 9.544999999999275
1104 -30.899999999998
1105 16.93500000000073
1106 29.33999999999987
1107 22.13500000000073
1108 15.84000000000016
1109 23.935000000000393
1110 18.624999999999872
1111 21.715000000000053
1112 -0.09999999999991557
1113 18.705000000000428
1114 6.834999999999448
1115 13.364999999999442
1116 -0.17499999999991564
1117 2.230000000000054
1118 9.699999999999347
1119 17.07500000000072
1120 7.304999999999602
1121 -0.06499999999991554
1122 26.45000000000027
1123 34.00000000000001
1124 9.529999999999328
1125 11.729999999999288
1126 -0.6299999999999222
1127 4.395000000000118
1128 8.639999999999107
1129 -2.5599999999999365
1130 13.75499999999981
1131 1.3600000000001309
1132 4.75500000000011
1133 29.095000000000578
1134 22.099999999999834
1135 13.45999999999961
1136 14.274999999999837
1137 17.030000000000634
1138 7.174999999999585
1139 -2.634999999999935
1140 29.455000000000297
1141 -2.6199999999999353
1142 2.2250000000001116
1143 -0.14999999999991562
1144 -2.6099999999999355
1145 11.709999999999312
1146 18.515000000000768
1147 3.115000000000144
1148 16.6750000000002
1149 12.259999999999486
1150 9.654999999999289
1151 7.224999999999779
1152 23.27500000000023
1153 11.994999999999454
1154 18.790000000000546
1155 -3.6399999999999135
1156 4.790000000000063
1157 3.4600000000001048
1158 11.129999999999258
1159 -0.14999999999991562
1160 2.3000000000000567
1161 2.1800000000001134
1162 4.150000000000078
1163 2.34000000000011
1164 -0.5549999999999168
1165 3.0150000000002084
1166 6.82999999999993
1167 24.23500000000037
1168 6.779999999999407
1169 21.865000000000396
1170 -2.999999999999927
1171 4.58500000000004
1172 13.68999999999994
1173 4.639999999999977
1174 16.545000000000098
1175 12.004999999999386
1176 2.33500000000011
1177 15.750000000000398
1178 8.949999999999987
1179 4.354999999999938
1180 26.955000000000567
1181 7.264999999999443
1182 26.265000000000768
1183 2.3650000000001095
1184 24.18000000000071
1185 -2.914999999999929
1186 7.159999999999482
1187 9.694999999999546
1188 2.250000000000112
1189 14.67500000000028
1190 14.344999999999937
1191 -5.554999999999766
1192 2.2400000000001077
1193 41.97999999999837
1194 4.769999999999858
1195 7.399999999999387
1196 7.229999999999667
1197 2.4150000000001084
1198 4.564999999999895
1199 12.25499999999953
1200 -1.2299999999999114
1201 -0.614999999999916
1202 -0.4899999999999159
1203 -0.05499999999991555
1204 -30.73999999999814
1205 -0.16999999999991564
1206 -0.09999999999991557
1207 12.23999999999954
1208 12.194999999999421
1209 34.07999999999979
1210 2.2650000000001116
1211 18.405000000000424
1212 36.95499999999971
1213 4.8299999999998535
1214 7.230000000000054
1215 -3.004999999999927
1216 -0.07999999999991556
1217 17.150000000000233
1218 -2.9449999999999283
1219 2.4150000000001084
1220 6.289999999999398
1221 -3.7050000000000605
1222 4.569999999999923
1223 2.3550000000001097
1224 24.459999999999884
1225 14.710000000000193
1226 31.974999999999497
1227 4.555000000000009
1228 6.29499999999954
1229 4.600000000000113
1230 1.9600000000000706
1231 4.045000000000086
1232 13.264999999999691
1233 11.204999999999322
1234 36.804999999999595
1235 1.3950000000001301
1236 13.754999999999297
1237 6.6299999999997175
1238 4.505000000000117
1239 1.9800000000001177
1240 16.595000000000695
1241 3.7049999999998615
1242 9.289999999999937
1243 11.064999999999227
1244 4.84500000000011
1245 4.864999999999851
1246 4.879999999999989
1247 4.859999999999956
1248 -1.1149999999999138
1249 21.195000000000743
1250 9.309999999999244
1251 -2.589999999999936
1252 7.8199999999988625
1253 -3.619999999999914
1254 4.660000000000022
1255 -2.7099999999999356
1256 7.064999999999566
1257 -0.7499999999999161
1258 5.940000000000115
1259 -33.22499999999846
1260 -0.43499999999991584
1261 -2.954999999999928
1262 -1.1799999999999125
1263 4.884999999999787
1264 14.585000000000212
1265 6.639999999999643
1266 14.69500000000029
1267 4.929999999999734
1268 -3.014999999999927
1269 -0.039999999999915554
1270 9.304999999999373
1271 13.259999999999721
1272 -0.6199999999999168
1273 4.799999999999851
1274 9.690000000000039
1275 2.0300000000001166
1276 2.3200000000001104
1277 17.27000000000052
1278 -3.579999999999915
1279 2.260000000000111
1280 -0.20999999999991656
1281 -2.6599999999999344
1282 14.879999999999262
1283 -35.66999999999976
1284 -0.1399999999999156
1285 14.765000000000116
1286 -0.8949999999999171
1287 1.355000000000131
1288 -0.06499999999991554
1289 -0.12499999999991826
1290 3.5949999999999687
1291 9.81999999999936
1292 2.3700000000001094
1293 -33.35999999999853
1294 4.799999999999883
1295 -1.1349999999999134
1296 -2.5699999999999363
1297 7.339999999999608
1298 7.13499999999949
1299 2.440000000000108
1300 12.134999999999401
1301 6.139999999999708
1302 2.1400000000001143
1303 1.2950000000001243
1304 -33.14499999999842
1305 2.390000000000109
1306 4.780000000000087
1307 4.545000000000115
1308 7.2099999999998134
1309 27.04500000000077
1310 4.665000000000065
1311 -2.639999999999935
1312 -0.04999999999991555
1313 -2.969999999999928
1314 7.314999999999548
1315 -0.5699999999999159
1316 1.8950000000001195
1317 4.6799999999999295
1318 -0.15499999999995215
1319 -0.17499999999991564
1320 2.155000000000114
1321 -0.639999999999916
1322 -2.6099999999999355
1323 7.269999999999491
1324 -0.09999999999991557
1325 -0.6599999999999617
1326 -1.1349999999999134
1327 9.629999999999828
1328 8.79499999999918
1329 9.754999999999516
1330 14.194999999999691
1331 11.524999999999395
1332 0.8050000000001366
1333 -2.9899999999999274
1334 -2.5649999999999364
1335 1.2250000000001329
1336 -2.249999999999978
1337 16.42500000000019
1338 1.8099999999991114
1339 2.020000000000117
1340 -35.659999999999755
1341 4.784999999999908
1342 12.119999999999276
1343 8.599999999999454
1344 -2.6149999999999354
1345 1.2000000000001343
1346 -8.059999999999777
1347 0.3600000000000998
1348 -1.154999999999913
1349 -0.04999999999991555
1350 -0.1249999999999156
1351 2.0400000000000986
1352 -0.15999999999991918
1353 -1.4149999999999334
1354 1.210000000000134
1355 1.265000000000133
1356 2.0400000000001164
1357 10.84499999999941
1358 -2.624999999999935
1359 19.504999999999928
1360 2.3750000000001092
1361 7.3299999999993934
1362 1.2200000000001197
1363 -0.18999999999991565
1364 -7.194999999999639
1365 1.3750000000001306
1366 1.2850000000001325
1367 -33.449999999998575
1368 -0.09999999999991557
1369 3.5000000000001386
1370 1.2850000000001325
1371 -0.4949999999999159
1372 -0.4799999999999159
1373 11.669999999999328
1374 2.4450000000001078
1375 9.009999999999447
1376 -0.09999999999991557
1377 -0.694999999999916
1378 1.355000000000131
1379 4.455000000000118
1380 3.670000000000135
1381 17.18000000000006
1382 -0.25499999999991746
1383 1.9500000000001148
1384 2.440000000000108
1385 -3.814999999999912
1386 4.849999999999816
1387 9.594999999999272
1388 2.0350000000001165
1389 3.8900000000001276
1390 -3.0399999999999263
1391 -0.25999999999991835
1392 4.334999999999942
1393 4.860000000000063
1394 6.320000000000073
1395 2.200000000000106
1396 -2.5749999999999362
1397 -33.20499999999845
1398 29.075000000000358
1399 9.705000000000034
1400 2.2800000000001113
1401 -0.21499999999991568
1402 7.145000000000111
1403 1.4200000000001296
1404 4.739999999999845
1405 13.869999999999894
1406 2.0350000000001165
1407 -0.20999999999991567
1408 14.559999999999963
1409 12.169999999999412
1410 -0.16499999999991563
1411 1.210000000000134
1412 -33.449999999998575
1413 -0.07999999999991556
1414 -3.574999999999915
1415 -2.639999999999935
1416 -2.579999999999936
1417 -0.09999999999991557
1418 9.714999999999398
1419 -1.6449999999999043
1420 -0.12999999999991604
1421 -0.19999999999991566
1422 11.309999999999413
1423 -2.964999999999928
1424 7.324999999999376
1425 4.130000000000288
1426 19.545000000000318
1427 -2.5999999999999357
1428 4.199999999999863
1429 7.254999999999839
1430 3.2300000000001106
1431 -33.20999999999845
1432 7.334999999999445
1433 -0.7149999999998627
1434 -0.63999999999992
1435 -2.5699999999999363
1436 6.284999999999659
1437 -0.15499999999991562
1438 -35.779999999999816
1439 1.2900000000001324
1440 -2.6599999999999344
1441 4.069999999999918
1442 7.114999999999597
1443 4.205000000000123
1444 9.669999999999304
1445 -30.579999999998062
1446 -2.909999999999929
1447 11.589999999999563
1448 -0.11499999999991559
1449 7.174999999999567
1450 9.784999999999416
1451 -0.1249999999999156
1452 -2.6149999999999354
1453 -2.6149999999999354
1454 8.629999999999244
1455 14.249999999999751
1456 4.799999999999829
1457 17.2199999999994
1458 9.664999999999688
1459 2.350000000000108
1460 -1.204999999999912
1461 12.16999999999988
1462 2.4150000000001084
1463 -3.659999999999913
1464 -3.054999999999926
1465 6.640000000000125
1466 -2.6099999999999355
1467 -33.154999999998424
1468 -0.5399999999999159
1469 4.5149999999997945
1470 -2.6049999999999356
1471 -0.10999999999991558
1472 1.5300000000001273
1473 -0.7699999999999161
1474 -2.5999999999999357
1475 -0.10999999999991558
1476 1.3800000000001305
1477 12.244999999999512
1478 -0.18499999999991565
1479 6.309999999999843
1480 4.840000000000076
1481 -2.6099999999999355
1482 0.6500000000001418
1483 12.33999999999948
1484 -0.1399999999999156
1485 -0.0949999999999471
1486 -2.534999999999937
1487 -2.684999999999934
1488 3.729999999999996
1489 -2.6099999999999355
1490 -2.5499999999999368
1491 2.300000000000111
1492 4.809999999999854
1493 -0.07499999999991555
1494 1.9900000000001175
1495 11.994999999999477
1496 -0.1299999999999156
1497 -2.579999999999936
1498 3.595000000000093
1499 -2.5649999999999364
1500 4.240000000000119
1501 -0.07999999999991733
1502 2.3700000000001094
1503 1.9800000000001177
1504 12.264999999999498
1505 2.96000000000015
1506 -0.5299999999999159
1507 2.415000000000081
1508 6.714999999999563
1509 -1.1049999999999518
1510 -35.80499999999983
1511 2.380000000000109
1512 1.9700000000001179
1513 1.5650000000001265
1514 3.410000000000128
1515 -0.16499999999991563
1516 -1.1199999999999137
1517 -3.4999999999999174
1518 -1.1599999999999129
1519 -0.039999999999915554
1520 -3.409999999999867
1521 -2.5599999999999365
1522 -2.589999999999936
1523 -2.539999999999937
1524 9.814999999999827
1525 -2.539999999999937
1526 -2.9849999999999275
1527 -2.6149999999999354
1528 0.015000000000084446
1529 2.255000000000109
1530 -2.629999999999935
1531 1.9450000000001184
1532 4.860000000000109
1533 -0.1449999999999156
1534 2.290000000000111
1535 -0.45999999999991587
1536 -0.11499999999991559
1537 -1.1399999999999133
1538 4.034999999999908
1539 6.809999999999952
1540 -5.864999999999739
1541 2.3650000000001095
1542 -2.9949999999999273
1543 7.229999999999479
1544 -2.9899999999999274
1545 -0.16499999999991563
1546 -35.62999999999974
1547 -0.2149999999999159
1548 2.385000000000109
1549 1.355000000000131
1550 -2.9949999999999273
1551 -5.659999999999764
1552 6.829999999999756
1553 2.395000000000109
1554 2.3700000000001085
1555 -3.1199999999999246
1556 7.4149999999993295
1557 -4.7799999999997835
1558 7.3400000000000025
1559 2.2850000000001094
1560 -2.499999999999938
1561 -0.15999999999991563
1562 -15.945000000001055
1563 -2.969999999999928
1564 -2.6549999999999345
1565 -2.634999999999935
1566 2.295000000000111
1567 -0.45999999999991587
1568 -2.6599999999999344
1569 -2.5999999999999357
1570 -1.0499999999999161
1571 2.4350000000000964
1572 -3.0799999999999255
1573 -3.009999999999927
1574 -1.4749999999999133
1575 -3.664999999999913
1576 -1.2749999999999104
1577 2.385000000000109
1578 4.38000000000007
1579 -2.6699999999999364
1580 -35.79999999999983
1581 -1.1549999999999139
1582 1.9300000000001187
1583 -2.6099999999999355
1584 -1.0099999999999179
1585 -0.1349999999999156
1586 -0.1799999999999161
1587 -2.579999999999936
1588 -2.609999999999937
1589 -2.6899999999999338
1590 2.3700000000001094
1591 -3.6449999999999134
1592 -0.9749999999999278
1593 8.710000000000115
1594 11.009999999999248
1595 4.585000000000115
1596 -2.5499999999999368
1597 1.7700000000001221
1598 -2.5649999999999364
1599 -0.09499999999992756
1600 3.8149999999998467
1601 -2.9749999999999277
1602 2.3700000000001094
1603 -2.579999999999936
1604 -2.649999999999935
1605 -2.954999999999928
1606 -0.9399999999999162
1607 1.4700000000001285
1608 -0.31999999999991574
1609 -2.6999999999999336
1610 4.770000000000038
1611 1.020000000000136
1612 -3.569999999999915
1613 -0.07999999999991556
1614 -2.5649999999999364
1615 4.829999999999871
1616 -2.87499999999993
1617 -2.5649999999999364
1618 2.4200000000001083
1619 -0.4999999999999159
1620 4.870000000000106
1621 -2.6299999999999355
1622 14.159999999999826
1623 -0.2199999999999452
1624 6.179999999999601
1625 -25.91499999999962
1626 -1.4299999999999147
1627 -1.104999999999914
1628 4.415000000000013
1629 -0.4749999999999605
1630 2.295000000000111
1631 8.964999999999495
1632 -0.21499999999991923
1633 -3.0799999999999255
1634 -2.579999999999936
1635 -2.669999999999935
1636 -0.10499999999991558
1637 -9.615000000000888
1638 4.725000000000063
1639 -3.5949999999999145
1640 8.304999999999504
1641 2.005000000000117
1642 -1.0899999999999317
1643 -2.5999999999999357
1644 9.459999999999226
1645 -2.649999999999935
1646 2.9250000000001046
1647 2.2550000000000825
1648 -2.5199999999999374
1649 6.879999999999982
1650 -3.609999999999914
1651 -3.79999999999991
1652 6.164999999999569
1653 9.164999999999193
1654 -1.1149999999999138
1655 -3.2499999999999236
1656 -0.06999999999991555
1657 -0.09999999999991557
1658 2.4150000000001084
1659 -2.579999999999936
1660 -2.539999999999937
1661 2.3200000000000887
1662 4.314999999999937
1663 1.3000000000001322
1664 -0.624999999999916
1665 -2.924999999999929
1666 -3.6499999999999133
1667 -2.6149999999999354
1668 2.3750000000001092
1669 2.3700000000001094
1670 -0.17499999999991564
1671 -2.5699999999999363
1672 6.354999999999354
1673 -0.19999999999991655
1674 -2.5699999999999363
1675 -2.9499999999999282
1676 -2.6649999999999343
1677 -0.1449999999999156
1678 4.035000000000106
1679 -0.15499999999991562
1680 8.629999999999658
1681 1.9250000000001188
1682 -2.904999999999929
1683 -3.0249999999999266
1684 2.34500000000011
1685 -2.579999999999936
1686 -0.18499999999991565
1687 6.480000000000127
1688 1.305000000000132
1689 7.340000000000051
1690 -0.16999999999991652
1691 2.255000000000112
1692 -3.704999999999912
1693 -0.07499999999991555
1694 -0.10999999999991558
1695 -32.61999999999815
1696 -0.02499999999991556
1697 -5.819999999999822
1698 4.7250000000000245
1699 -3.614999999999914
1700 4.795000000000111
1701 -0.08499999999991556
1702 1.725000000000123
1703 2.4000000000001087
1704 -2.959999999999928
1705 -1.6499999999999408
1706 -3.6299999999999137
1707 -3.4149999999999188
1708 -4.59999999999987
1709 1.3650000000001308
1710 -2.6499999999999346
1711 2.3050000000001107
1712 1.3650000000001308
1713 4.765000000000103
1714 4.839999999999956
1715 -1.1349999999999134
1716 -2.5499999999999368
1717 -3.3699999999999193
1718 -0.5149999999999284
1719 -0.5449999999999159
1720 1.9100000000000907
1721 -1.1199999999999137
1722 -2.594999999999936
1723 -2.579999999999936
1724 -2.6199999999999353
1725 -2.664999999999935
1726 -0.20499999999993498
1727 -2.919999999999929
1728 -2.719999999999933
1729 9.584999999999932
1730 -2.9799999999999276
1731 -2.694999999999934
1732 2.2000000000000615
1733 3.2049999999999024
1734 -3.624999999999914
1735 4.850000000000059
1736 -0.15999999999991563
1737 4.200000000000124
1738 -3.0699999999999257
1739 -2.5249999999999373
1740 -3.439999999999918
1741 2.3150000000001087
1742 -0.14999999999991562
1743 2.3700000000001094
1744 7.299999999999966
1745 -1.1349999999999143
1746 -0.5099999999999159
1747 -0.19499999999994136
1748 2.3200000000000585
1749 -33.194999999998444
1750 -0.5299999999999168
1751 1.2850000000001316
1752 -1.0099999999999192
1753 -0.17499999999991564
1754 -2.5649999999999364
1755 4.2550000000001225
1756 -0.2299999999999157
1757 -2.5549999999999367
1758 -2.584999999999936
1759 -2.6099999999999355
1760 2.34000000000011
1761 -0.5199999999999159
1762 -0.1799999999999586
1763 -0.0699999999999453
1764 -0.44999999999991586
1765 -2.5549999999999367
1766 4.909999999999852
1767 -2.499999999999938
1768 4.904999999999941
1769 6.319999999999408
1770 -1.1199999999999142
1771 -3.649999999999914
1772 2.380000000000109
1773 -0.4999999999999159
1774 -2.969999999999928
1775 -1.1549999999999578
1776 -2.9249999999999288
1777 4.825000000000061
1778 -1.1449999999999163
1779 -0.15999999999992273
1780 -0.13999999999995802
1781 1.3850000000001303
1782 -3.2399999999998155
1783 -0.08999999999991667
1784 1.6050000000001239
1785 -2.489999999999938
1786 -2.964999999999928
1787 -2.6149999999999354
1788 -2.489999999999938
1789 -2.7099999999999334
1790 7.319999999999774
1791 8.929999999999529
1792 3.8100000000001124
1793 -4.659999999999807
1794 -0.10499999999991558
1795 -2.629999999999935
1796 -3.6449999999999134
1797 -4.4249999999998435
1798 -1.2149999999999117
1799 -0.9399999999999162
1800 -0.18499999999991565
1801 -0.9299999999999162
1802 -0.10499999999991558
1803 2.3250000000000943
1804 -2.594999999999937
1805 -2.959999999999928
1806 -1.1349999999999134
1807 -2.594999999999936
1808 -0.1399999999999156
1809 -0.2899999999999157
1810 -3.614999999999914
1811 -3.5999999999999144
1812 -3.0199999999999267
1813 11.769999999999314
1814 -2.5749999999999362
1815 -1.0099999999999179
1816 -2.6099999999999355
1817 -2.634999999999935
1818 -0.02999999999991556
1819 -0.10999999999991558
1820 -0.06499999999991554
1821 6.324999999999358
1822 -2.9799999999999276
1823 -10.705000000000243
1824 -2.634999999999935
1825 -2.5599999999999365
1826 -2.969999999999928
1827 -10.655000000000236
1828 -2.6649999999999343
1829 -2.624999999999935
1830 -0.45499999999991586
1831 -2.9399999999999284
1832 8.95999999999913
1833 -2.964999999999928
1834 -3.5349999999999158
1835 -3.044999999999926
1836 -0.11499999999991559
1837 -2.584999999999936
1838 -0.04999999999991555
1839 -2.969999999999928
1840 -0.47499999999993925
1841 -2.5099999999999376
1842 -1.194999999999913
1843 2.3200000000001086
1844 3.889999999999815
1845 1.305000000000132
1846 -0.08999999999991556
1847 -2.629999999999935
1848 -2.589999999999936
1849 -2.634999999999935
1850 4.869999999999902
1851 -3.5449999999999156
1852 7.249999999999855
1853 6.319999999999355
1854 2.0450000000001163
1855 -2.994999999999874
1856 1.9000000000001194
1857 0.3450000000001371
1858 -2.5199999999999374
1859 -0.11999999999994623
1860 -0.08499999999991556
1861 -0.42499999999991583
1862 2.3550000000001097
1863 -0.19499999999995785
1864 4.484999999999911
1865 -2.6649999999999343
1866 -3.009999999999927
1867 -2.5599999999999365
1868 1.305000000000132
1869 1.6600000000001236
1870 -0.9649999999999163
1871 -2.604999999999936
1872 -4.584999999999895
1873 4.4550000000000125
1874 -2.6599999999999344
1875 -35.84499999999985
1876 -0.15999999999994938
1877 1.3700000000001307
1878 -2.5749999999999362
1879 -2.6049999999999356
1880 -0.08499999999991556
1881 -2.669999999999934
1882 2.3900000000001067
1883 -2.8849999999999296
1884 -3.3999999999999186
1885 -0.16499999999991563
1886 -0.8099999999999161
1887 -10.565000000000222
1888 -2.6149999999999354
1889 -0.07499999999991555
1890 -0.0749999999999311
1891 -2.6199999999999353
1892 -2.594999999999936
1893 -0.9549999999999162
1894 2.4550000000001075
1895 -1.6849999999999123
1896 -2.584999999999936
1897 -1.109999999999914
1898 -2.5149999999999375
1899 4.439999999999832
1900 -3.0699999999999257
1901 -2.5499999999999368
1902 -2.6449999999999347
1903 -35.484999999999665
1904 -0.059999999999915545
1905 1.5500000000001268
1906 -0.4999999999999159
1907 14.484999999999937
1908 -2.9399999999999284
1909 -1.0199999999999176
1910 -2.5049999999999377
1911 -2.5999999999999357
1912 4.55999999999982
1913 -2.6049999999999356
1914 -2.6199999999999353
1915 -2.954999999999928
1916 -3.609999999999914
1917 -0.5349999999999159
1918 -2.594999999999936
1919 -0.07999999999991644
1920 -0.4949999999999159
1921 -0.1699999999999174
1922 -2.674999999999934
1923 -2.9849999999999275
1924 -0.09499999999991557
1925 -0.07499999999991555
1926 5.944999999999988
1927 -0.5799999999999195
1928 -0.084999999999916
1929 -2.5549999999999367
1930 -0.08999999999991556
1931 -2.6649999999999343
1932 -35.7449999999998
1933 3.6350000000001357
1934 -0.08999999999991556
1935 -2.6099999999999355
1936 -9.40500000000015
1937 -2.6449999999999347
1938 -1.0949999999999143
1939 -2.1249999999999236
1940 -2.594999999999936
1941 -1.2149999999999117
1942 -2.5149999999999375
1943 -2.9849999999999275
1944 7.339999999999454
1945 1.9300000000001187
1946 -2.609999999999936
1947 4.430000000000008
1948 -2.9499999999999282
1949 -1.2749999999999464
1950 2.3400000000000745
1951 -2.6499999999999346
1952 4.8200000000001095
1953 -2.6099999999999355
1954 -0.2099999999999179
1955 -1.0749999999999147
1956 2.335000000000056
1957 -2.634999999999935
1958 -1.5499999999998788
1959 -3.624999999999914
1960 -4.219999999999878
1961 -3.709999999999912
1962 -0.1399999999999156
1963 -0.19499999999991566
1964 -0.10499999999991558
1965 -2.6449999999999347
1966 -3.0799999999999264
1967 -2.6049999999999356
1968 -0.5099999999999159
1969 -33.214999999998454
1970 1.2000000000001334
1971 -2.684999999999934
1972 -2.6449999999999347
1973 1.4850000000001256
1974 -0.15999999999991563
1975 -2.5499999999999368
1976 -1.7799999999999285
1977 -2.6049999999999356
1978 -2.969999999999928
1979 0.7350000000000833
1980 4.795000000000084
1981 -35.814999999999834
1982 -0.719999999999916
1983 -3.609999999999914
1984 -2.5549999999999367
1985 -3.0199999999999267
1986 6.8699999999993855
1987 -0.43999999999991585
1988 -6.834999999999792
1989 -1.1199999999999137
1990 -0.11499999999991559
1991 -2.5699999999999363
1992 -2.534999999999937
1993 -3.6499999999999133
1994 -35.68999999999977
1995 -0.0899999999999532
1996 -2.579999999999936
1997 -2.714999999999934
1998 1.9450000000001184
1999 -0.11999999999991559
5409.033563613892
