0 -7.62
1 -7.66
2 -7.62
3 -7.59
4 -7.68
5 -7.53
6 -7.62
7 -7.61
8 -7.65
9 -7.73
10 -7.60
11 -7.54
12 -7.74
13 -5.09
14 -7.63
15 -7.74
16 -7.59
17 -7.72
18 -5.05
19 -7.69
20 -7.57
21 -7.56
22 -7.81
23 -7.61
24 -7.74
25 -7.48
26 -7.66
27 -7.67
28 -7.53
29 -7.66
30 -7.69
31 -7.74
32 -5.11
33 -7.59
34 -7.40
35 -4.99
36 -7.48
37 -7.69
38 -7.63
39 -7.60
40 -7.63
41 -7.53
42 -7.58
43 -7.63
44 -5.15
45 -7.68
46 -7.73
47 -7.59
48 -5.24
49 -7.64
50 -7.72
51 -7.72
52 -5.10
53 -7.66
54 -7.63
55 -7.69
56 -7.65
57 -7.62
58 -7.56
59 -7.68
60 -7.57
61 -7.94
62 -7.84
63 -7.68
64 -7.57
65 -7.57
66 -7.66
67 -7.72
68 -7.74
69 -7.61
70 -5.18
71 -7.59
72 -7.71
73 -7.62
74 -7.61
75 -7.60
76 -7.62
77 -7.70
78 -7.57
79 -7.59
80 -7.59
81 -7.69
82 -7.73
83 -7.63
84 -7.76
85 -7.64
86 -7.70
87 -7.71
88 -7.61
89 -7.75
90 -7.61
91 -7.56
92 -7.75
93 -7.63
94 -7.67
95 -7.54
96 -7.69
97 -7.57
98 -7.69
99 -7.59
100 -7.60
101 -7.70
102 -7.65
103 -5.06
104 -7.67
105 -7.80
106 -7.52
107 -7.67
108 -7.71
109 -7.67
110 -7.65
111 -7.88
112 -5.22
113 -7.73
114 -7.49
115 -7.67
116 -7.64
117 -7.75
118 -7.66
119 -7.67
120 -7.71
121 -7.63
122 -7.75
123 -7.69
124 -7.77
125 -7.62
126 -7.77
127 -7.71
128 -7.65
129 -7.59
130 -7.51
131 -7.82
132 -7.64
133 -7.62
134 -7.67
135 -7.62
136 -7.62
137 -7.76
138 -7.69
139 -7.61
140 -7.65
141 -7.65
142 -7.67
143 -7.65
144 -7.49
145 -7.77
146 -7.71
147 -7.61
148 -7.64
149 -7.87
150 -5.10
151 -7.51
152 -7.74
153 -5.13
154 -7.67
155 -7.53
156 -7.68
157 -7.59
158 -7.86
159 -5.12
160 -7.71
161 -7.59
162 -5.17
163 -7.72
164 -7.55
165 -7.69
166 -7.65
167 -7.57
168 -7.73
169 -7.84
170 -7.70
171 -7.65
172 -7.50
173 -7.64
174 -7.66
175 -7.70
176 -7.72
177 -7.67
178 -7.96
179 -7.68
180 -5.16
181 -7.70
182 -5.17
183 -7.68
184 -7.61
185 -7.47
186 -7.86
187 -7.58
188 -5.16
189 -7.59
190 -7.69
191 -7.62
192 -7.66
193 -7.58
194 -7.60
195 -7.72
196 -7.72
197 -7.64
198 -7.74
199 -7.71
200 -7.65
201 -7.67
202 -7.61
203 -7.73
204 -7.67
205 -7.88
206 -7.72
207 -7.61
208 -7.63
209 -7.62
210 -7.58
211 -7.63
212 -7.75
213 -7.73
214 -7.61
215 -7.71
216 -2.76
217 -5.19
218 -7.65
219 -7.59
220 -7.80
221 -7.60
222 -7.74
223 -7.65
224 -7.65
225 -7.76
226 -7.71
227 -7.64
228 -7.63
229 -7.70
230 -7.71
231 -7.74
232 -7.63
233 -7.55
234 -7.71
235 -7.71
236 -7.62
237 -7.75
238 -7.66
239 -7.87
240 -7.69
241 -7.68
242 -7.69
243 -7.72
244 -5.10
245 -7.72
246 -7.65
247 -7.76
248 -7.60
249 -7.59
250 -7.66
251 -7.76
252 -7.67
253 -7.72
254 -7.82
255 -7.76
256 -7.78
257 -7.67
258 -7.68
259 -7.67
260 -7.66
261 -5.15
262 -7.74
263 -7.74
264 -7.80
265 -7.94
266 -7.59
267 -7.61
268 -7.71
269 -7.48
270 -7.61
271 -5.09
272 -7.68
273 -5.36
274 -7.61
275 -7.65
276 -7.62
277 -7.69
278 -7.65
279 -7.54
280 -7.76
281 -7.69
282 -7.74
283 -5.11
284 -7.73
285 -7.91
286 -7.65
287 -7.63
288 -7.75
289 -7.65
290 -7.84
291 -7.67
292 -7.67
293 -7.78
294 -7.66
295 -7.58
296 -7.62
297 -7.72
298 -5.13
299 -7.61
300 -7.72
301 -7.77
302 -7.68
303 -7.57
304 -7.77
305 -7.71
306 -7.68
307 -7.70
308 -7.57
309 -7.70
310 -7.63
311 -7.64
312 -7.66
313 -7.51
314 -7.75
315 -5.25
316 -7.60
317 -7.77
318 -7.69
319 -5.21
320 -7.58
321 -5.12
322 -7.68
323 -7.63
324 -7.57
325 -7.76
326 -7.58
327 -7.64
328 -7.84
329 -7.76
330 -7.52
331 -7.59
332 -7.81
333 -7.58
334 -7.66
335 -7.74
336 -7.71
337 -7.59
338 -7.61
339 -7.76
340 -7.71
341 -7.80
342 -7.74
343 -7.68
344 -7.81
345 -7.46
346 -7.67
347 -7.62
348 -7.63
349 -7.70
350 -7.57
351 -7.73
352 -7.69
353 -7.86
354 -7.74
355 -7.62
356 -7.68
357 -7.67
358 -5.18
359 -7.65
360 -7.77
361 -7.62
362 -7.48
363 -7.69
364 -7.77
365 -7.71
366 -7.65
367 -7.68
368 -7.79
369 -7.69
370 -7.67
371 -7.55
372 -7.77
373 -7.63
374 -7.74
375 -5.11
376 -7.70
377 -7.66
378 -7.65
379 -7.64
380 -7.66
381 -7.59
382 -7.63
383 -7.73
384 -7.71
385 -7.62
386 -7.80
387 -7.67
388 -7.49
389 -7.68
390 -7.65
391 -7.61
392 -7.77
393 -7.75
394 -7.67
395 -7.78
396 -7.74
397 -7.73
398 -7.66
399 -7.69
400 -7.81
401 -7.62
402 -7.77
403 -7.58
404 -5.16
405 -7.73
406 -5.18
407 -7.71
408 -7.63
409 -5.12
410 -7.60
411 -7.74
412 -7.54
413 -7.85
414 -7.59
415 -7.68
416 -7.60
417 -7.55
418 -7.64
419 -7.72
420 -7.72
421 -7.69
422 -7.72
423 -7.83
424 -7.69
425 -7.63
426 -7.71
427 -7.58
428 -5.13
429 -7.55
430 -5.10
431 -7.79
432 -7.82
433 -7.68
434 -7.45
435 -7.73
436 -7.65
437 -7.66
438 -7.58
439 -7.76
440 -7.65
441 -7.69
442 -7.64
443 -7.61
444 -7.68
445 -7.67
446 -7.68
447 -7.68
448 -7.55
449 -7.82
450 -7.90
451 -7.65
452 -7.76
453 -7.64
454 -7.65
455 -7.63
456 -7.70
457 -7.68
458 -7.79
459 -5.09
460 -7.79
461 -7.55
462 -7.59
463 -7.55
464 -7.78
465 -7.58
466 -7.69
467 -5.14
468 -7.65
469 -7.61
470 -7.62
471 -7.69
472 -7.74
473 -7.61
474 -7.74
475 -7.65
476 -7.75
477 -7.75
478 -5.11
479 -7.57
480 -7.67
481 -7.70
482 -7.60
483 -7.74
484 -7.75
485 -7.68
486 -7.71
487 -7.60
488 -7.76
489 -7.63
490 -7.67
491 -7.66
492 -7.87
493 -7.67
494 -7.58
495 -7.67
496 -7.63
497 -7.56
498 -7.80
499 -7.54
500 -7.56
501 -7.69
502 -7.81
503 -7.74
504 -7.62
505 -7.54
506 -7.60
507 -7.75
508 -7.66
509 -7.64
510 -7.56
511 -7.83
512 -7.68
513 -5.07
514 -7.66
515 -7.73
516 -7.71
517 -7.78
518 -7.60
519 -7.64
520 -7.72
521 -7.59
522 -7.74
523 -7.81
524 -7.59
525 -7.74
526 -7.75
527 -7.74
528 -7.61
529 -7.79
530 -7.65
531 -7.75
532 -7.70
533 -7.74
534 -7.58
535 -7.67
536 -7.65
537 -7.59
538 -7.64
539 -7.55
540 -7.66
541 -7.55
542 -7.61
543 -7.84
544 -7.80
545 -7.65
546 -7.89
547 -7.61
548 -7.75
549 -7.80
550 -7.70
551 -7.63
552 -7.63
553 -7.68
554 -7.72
555 -7.64
556 -7.74
557 -7.78
558 -7.70
559 -7.66
560 -7.74
561 -7.65
562 -7.64
563 -7.58
564 -5.14
565 -7.69
566 -7.78
567 -7.66
568 -7.72
569 -7.73
570 -7.84
571 -7.60
572 -7.75
573 -7.67
574 -7.52
575 -7.81
576 -7.70
577 -7.61
578 -7.56
579 -7.73
580 -7.61
581 -7.75
582 -7.54
583 -7.71
584 -7.58
585 -7.57
586 -7.70
587 -7.75
588 -5.29
589 -7.44
590 -7.69
591 -5.19
592 -7.60
593 -7.61
594 -7.46
595 -7.56
596 -7.58
597 -5.12
598 -7.64
599 -5.21
600 -7.59
601 -7.67
602 -5.11
603 -5.24
604 -7.60
605 -7.80
606 -7.69
607 -7.80
608 -7.68
609 -7.76
610 -7.77
611 -7.65
612 -7.64
613 -7.85
614 -7.57
615 -7.70
616 -7.81
617 -7.75
618 -7.65
619 -5.22
620 -7.58
621 -7.78
622 -7.67
623 -7.54
624 -7.68
625 -7.68
626 -7.77
627 -7.63
628 -7.81
629 -7.63
630 -7.75
631 -7.55
632 -7.88
633 -7.79
634 -7.59
635 -7.57
636 -5.09
637 -7.71
638 -7.62
639 -5.21
640 -7.82
641 -7.72
642 -7.70
643 -7.67
644 -7.72
645 -7.69
646 -7.57
647 -7.63
648 -7.65
649 -7.72
650 -7.70
651 -7.81
652 -7.60
653 -7.63
654 -7.64
655 -7.67
656 -7.66
657 -7.62
658 -7.83
659 -7.68
660 -7.68
661 -7.75
662 -7.70
663 -7.60
664 -7.76
665 -7.78
666 -7.72
667 -7.61
668 -7.56
669 -5.07
670 -7.68
671 -7.69
672 -7.68
673 -7.67
674 -7.58
675 -7.45
676 -7.61
677 -7.71
678 -7.83
679 -7.72
680 -7.61
681 -7.69
682 -7.62
683 -7.65
684 -7.73
685 -7.65
686 -7.52
687 -7.72
688 -7.62
689 -7.86
690 -7.57
691 -7.68
692 -7.78
693 -7.69
694 -7.76
695 -7.62
696 -5.21
697 -7.57
698 -7.72
699 -7.66
700 -2.67
701 -7.57
702 -7.58
703 -7.51
704 -7.55
705 -7.63
706 -7.61
707 -7.63
708 -7.70
709 -5.14
710 -7.71
711 -7.63
712 -7.65
713 -7.70
714 -7.59
715 -7.67
716 -7.65
717 -7.75
718 -7.67
719 -7.63
720 -7.73
721 -5.13
722 -7.76
723 -7.55
724 -7.67
725 -7.80
726 -7.66
727 -7.74
728 -7.66
729 -7.68
730 -7.71
731 -7.69
732 -7.82
733 -7.56
734 -7.70
735 -7.79
736 -7.74
737 -7.57
738 -2.40
739 -7.78
740 -7.61
741 -7.55
742 -7.84
743 -7.61
744 -7.66
745 -7.66
746 -7.61
747 -7.63
748 -7.66
749 -5.31
750 -7.78
751 -7.78
752 -7.69
753 -7.76
754 -7.65
755 -7.74
756 -7.68
757 -7.60
758 -7.81
759 -7.51
760 -7.74
761 -7.64
762 -7.74
763 -7.67
764 -7.61
765 -7.57
766 -7.65
767 -7.67
768 -7.75
769 -7.54
770 -7.67
771 -7.64
772 -7.67
773 -7.71
774 -7.60
775 -7.57
776 -7.57
777 -7.66
778 -7.73
779 -7.77
780 -7.83
781 -7.63
782 -7.88
783 -7.82
784 -7.51
785 -7.75
786 -7.63
787 -7.64
788 -7.62
789 -7.62
790 -7.78
791 -7.48
792 -7.66
793 -7.81
794 -7.73
795 -7.75
796 -7.67
797 -7.70
798 -7.63
799 -7.75
800 -7.66
801 -5.05
802 -7.62
803 -7.69
804 -2.74
805 -7.68
806 -7.75
807 -7.65
808 -7.62
809 -7.63
810 -7.61
811 -7.49
812 -7.69
813 -7.50
814 -7.70
815 -7.70
816 -7.60
817 -7.72
818 -7.74
819 -7.74
820 -7.62
821 -7.66
822 -7.85
823 -7.73
824 -7.68
825 -7.75
826 -7.67
827 -7.70
828 -7.63
829 -7.67
830 -7.68
831 -7.62
832 -7.61
833 -7.62
834 -7.61
835 -7.76
836 -7.68
837 -7.50
838 -7.50
839 -7.72
840 -7.81
841 -5.18
842 -7.74
843 -7.77
844 -7.84
845 -7.68
846 -7.63
847 -7.74
848 -7.64
849 -7.60
850 -7.58
851 -7.56
852 -7.62
853 -7.65
854 -7.57
855 -7.62
856 -7.72
857 -7.66
858 -7.63
859 -7.66
860 -7.84
861 -7.66
862 -7.71
863 -7.77
864 -7.66
865 -7.62
866 -7.67
867 -7.67
868 -7.69
869 -7.72
870 -7.63
871 -7.70
872 -7.79
873 -7.73
874 -7.72
875 -7.53
876 -7.59
877 -7.83
878 -7.71
879 -7.61
880 -7.72
881 -7.60
882 -7.71
883 -5.27
884 -7.75
885 -7.70
886 -7.65
887 -7.77
888 -7.79
889 -7.77
890 -7.69
891 -7.72
892 -7.69
893 -5.09
894 -7.62
895 -7.74
896 -7.73
897 -7.71
898 -0.06
899 -7.51
900 -7.65
901 -7.63
902 -7.98
903 -7.68
904 -7.68
905 -7.80
906 -7.73
907 -7.69
908 -7.73
909 -7.74
910 -7.75
911 -7.64
912 -7.72
913 -7.61
914 -7.67
915 -7.76
916 -7.53
917 -7.70
918 -7.76
919 -7.81
920 -5.19
921 -7.53
922 -7.67
923 -7.79
924 -7.60
925 -7.75
926 -7.64
927 -7.58
928 -7.83
929 -7.61
930 -7.55
931 -7.64
932 -7.80
933 -7.77
934 -5.20
935 -7.77
936 -7.58
937 -7.55
938 -7.71
939 -5.13
940 -7.62
941 -7.69
942 -7.72
943 -7.66
944 -7.60
945 -7.61
946 -7.68
947 -7.64
948 -7.70
949 -4.97
950 -7.85
951 -7.61
952 -7.62
953 -7.74
954 -7.73
955 -7.70
956 -7.69
957 -7.73
958 -7.60
959 -7.75
960 -7.66
961 -7.73
962 -5.12
963 -7.71
964 -5.27
965 -7.64
966 -7.71
967 -7.70
968 -7.62
969 -7.65
970 -7.70
971 -7.89
972 -7.58
973 -7.63
974 -7.67
975 -7.75
976 -7.70
977 -5.21
978 -7.73
979 -7.74
980 -7.70
981 -7.65
982 -7.53
983 -7.73
984 -7.65
985 -5.21
986 -7.74
987 -7.64
988 -7.61
989 -7.62
990 -7.62
991 -7.75
992 -7.90
993 -7.56
994 -7.63
995 -7.66
996 -7.70
997 -7.81
998 -7.67
999 -7.51
3703.3055624961853
