0 -2.589999999999936
1 -2.539999999999937
2 -2.5649999999999364
3 -2.584999999999936
4 -2.584999999999936
5 -3.0299999999999265
6 -2.4749999999999384
7 -2.5999999999999357
8 -2.6549999999999345
9 4.914999999999765
10 -2.964999999999928
11 -2.9349999999999286
12 -2.6199999999999353
13 -2.9249999999999288
14 -3.0299999999999265
15 -9.72000000000009
16 -2.6049999999999356
17 -2.5649999999999364
18 -2.9349999999999286
19 -2.579999999999936
20 -2.6149999999999354
21 -2.5749999999999362
22 -2.6149999999999354
23 -2.5499999999999368
24 -2.954999999999928
25 -2.5749999999999362
26 -2.674999999999934
27 -2.629999999999935
28 -2.579999999999936
29 -2.544999999999937
30 -2.6049999999999356
31 -2.5499999999999368
32 -2.639999999999935
33 -2.6149999999999354
34 -2.959999999999928
35 -0.05499999999991555
36 -2.6099999999999355
37 -2.579999999999936
38 2.485000000000107
39 -2.6049999999999356
40 -2.6049999999999356
41 -2.5149999999999375
42 -2.959999999999928
43 -2.674999999999934
44 -2.6049999999999356
45 -2.5199999999999374
46 -2.6099999999999355
47 -2.584999999999936
48 -3.654999999999913
49 -2.6149999999999354
50 -2.5699999999999363
51 -2.589999999999936
52 -2.9749999999999277
53 -0.1049999999999218
54 -2.634999999999935
55 -2.579999999999936
56 -2.5699999999999363
57 -2.9299999999999287
58 -2.579999999999936
59 -2.534999999999937
60 -2.6199999999999353
61 -2.919999999999929
62 -2.9749999999999277
63 -2.5599999999999365
64 -2.609999999999936
65 -2.5999999999999357
66 -2.634999999999935
67 -3.049999999999926
68 -0.814999999999917
69 -2.634999999999935
70 -0.03499999999991556
71 -2.5699999999999363
72 -2.629999999999935
73 -2.6649999999999343
74 -2.5049999999999377
75 -2.629999999999935
76 -2.6049999999999356
77 -2.584999999999936
78 -2.5699999999999363
79 -3.614999999999914
80 -0.08499999999991556
81 -3.014999999999927
82 -0.14999999999991562
83 -2.529999999999937
84 -2.5199999999999374
85 -2.544999999999937
86 -2.6549999999999345
87 -2.5149999999999375
88 -2.9849999999999275
89 -3.659999999999913
90 -3.674999999999913
91 -2.669999999999934
92 -0.09499999999991557
93 -2.969999999999928
94 0.005000000000084445
95 -0.06999999999991555
96 -2.9499999999999282
97 -2.539999999999937
98 -36.009999999999934
99 -2.6099999999999355
100 -0.04999999999991555
101 -2.5699999999999363
102 -2.594999999999936
103 -2.529999999999937
104 -2.5199999999999374
105 -0.5849999999999159
106 -2.624999999999935
107 -3.0249999999999266
108 -2.6499999999999346
109 -2.6099999999999355
110 -2.5749999999999362
111 -2.544999999999937
112 -2.5999999999999357
113 -0.11999999999991559
114 -2.6899999999999338
115 -2.5599999999999365
116 -2.5649999999999364
117 -2.584999999999936
118 -0.06999999999991555
119 -0.1349999999999156
120 -0.10499999999991558
121 -0.18499999999991565
122 -3.5399999999999157
123 -2.589999999999936
124 -2.6149999999999354
125 -2.6049999999999356
126 -3.774999999999911
127 -2.6899999999999338
128 -2.9899999999999274
129 -0.1249999999999156
130 -35.80999999999983
131 -2.579999999999936
132 -2.5749999999999362
133 -2.8999999999999293
134 -2.5549999999999367
135 -2.6149999999999354
136 -35.80499999999983
137 -2.5249999999999373
138 -2.9899999999999274
139 -3.049999999999926
140 -2.6049999999999356
141 -2.914999999999929
142 -2.6099999999999355
143 -2.594999999999936
144 -35.599999999999724
145 -2.594999999999936
146 -2.534999999999937
147 -0.1399999999999156
148 -2.6049999999999356
149 2.380000000000109
150 -2.6549999999999345
151 -2.5599999999999365
152 -2.5999999999999357
153 -3.624999999999914
154 -2.6149999999999354
155 -3.004999999999927
156 -0.02999999999991556
157 -2.589999999999936
158 -2.589999999999936
159 -2.634999999999935
160 -2.5099999999999376
161 -3.0849999999999254
162 -2.5249999999999373
163 -2.6149999999999354
164 -0.04999999999991555
165 -2.9799999999999276
166 -2.539999999999937
167 -2.589999999999936
168 -2.5549999999999367
169 -2.594999999999936
170 -2.5099999999999376
171 -2.5649999999999364
172 -0.06499999999993197
173 -2.594999999999936
174 -0.10999999999991558
175 -2.9399999999999284
176 -2.5199999999999374
177 -3.0199999999999267
178 -2.539999999999937
179 -3.6349999999999136
180 -2.5599999999999365
181 -2.6449999999999347
182 -2.6499999999999346
183 -0.10499999999991558
184 -2.6049999999999356
185 -35.71499999999978
186 -2.6199999999999353
187 -2.629999999999935
188 -2.629999999999935
189 -2.579999999999936
190 -2.6449999999999347
191 -2.5199999999999374
192 -3.674999999999913
193 -2.6199999999999353
194 -3.0199999999999267
195 -0.4849999999999159
196 -2.594999999999936
197 -2.6199999999999353
198 -2.589999999999936
199 -20.595000000000155
200 -3.014999999999927
201 -2.5199999999999374
202 -3.6799999999999127
203 -2.5099999999999376
204 -3.6899999999999125
205 -2.6149999999999354
206 -0.06999999999991555
207 -3.0399999999999263
208 -2.6499999999999346
209 -2.979999999999928
210 -2.5749999999999362
211 -2.544999999999937
212 -2.6899999999999338
213 -2.5749999999999362
214 -0.10499999999991558
215 -2.9749999999999277
216 -2.4749999999999384
217 -2.5999999999999357
218 -2.5599999999999365
219 -2.534999999999937
220 -2.674999999999934
221 -0.06999999999991555
222 -2.634999999999935
223 -2.6499999999999346
224 -2.5599999999999365
225 -2.6199999999999353
226 -2.494999999999938
227 -2.669999999999934
228 -2.534999999999937
229 -0.059999999999915545
230 2.3700000000001094
231 -2.5249999999999373
232 -2.584999999999936
233 -0.09499999999991557
234 -2.579999999999936
235 -2.589999999999936
236 -3.014999999999927
237 -2.5049999999999377
238 -2.624999999999935
239 -3.0299999999999265
240 -2.914999999999929
241 -2.6099999999999355
242 -2.999999999999927
243 -2.6549999999999345
244 -2.624999999999935
245 -2.579999999999936
246 -2.5599999999999365
247 -2.6149999999999354
248 5.024999999999752
249 -2.5199999999999374
250 -2.5549999999999367
251 -2.5599999999999365
252 -2.629999999999935
253 -2.5649999999999364
254 -2.584999999999936
255 -2.9799999999999276
256 -2.5199999999999374
257 -2.6449999999999347
258 2.4500000000001076
259 -2.5649999999999364
260 0.015000000000084446
261 -2.5999999999999357
262 -3.0199999999999267
263 -2.589999999999936
264 -2.579999999999936
265 -2.669999999999934
266 -2.579999999999936
267 -2.544999999999937
268 -3.6999999999999122
269 -2.6099999999999355
270 -2.624999999999935
271 -3.004999999999927
272 -0.06499999999991554
273 -0.09499999999991557
274 -2.499999999999938
275 -2.589999999999936
276 -2.5099999999999376
277 -2.624999999999935
278 -3.6499999999999138
279 -2.5999999999999357
280 -2.6149999999999354
281 -3.6799999999999127
282 -3.009999999999927
283 -2.6049999999999356
284 -2.6549999999999345
285 -1.1649999999999128
286 -2.589999999999936
287 -2.5749999999999362
288 -2.629999999999935
289 -2.589999999999936
290 -0.1399999999999156
291 -2.9749999999999277
292 -0.16999999999996004
293 -2.579999999999936
294 -2.6199999999999353
295 -0.11999999999995978
296 -2.594999999999936
297 -2.6099999999999355
298 -3.564999999999915
299 -2.544999999999937
300 -2.9349999999999286
301 -35.7449999999998
302 -2.594999999999936
303 -0.07999999999991556
304 -2.6049999999999356
305 -2.6499999999999346
306 -2.5699999999999363
307 -2.6549999999999345
308 -0.04499999999991555
309 -3.044999999999926
310 -2.639999999999935
311 -2.6099999999999355
312 -2.5649999999999364
313 -2.544999999999937
314 -2.534999999999937
315 -2.5699999999999363
316 -3.6299999999999137
317 -2.594999999999936
318 -2.5999999999999357
319 -0.059999999999915545
320 -2.5999999999999357
321 -0.06999999999991555
322 -2.6899999999999338
323 -2.579999999999936
324 -0.1349999999999156
325 -0.11999999999991559
326 -2.669999999999934
327 -2.6149999999999354
328 -0.04499999999991555
329 -2.5749999999999362
330 -2.6199999999999353
331 -2.579999999999936
332 -2.624999999999935
333 -2.9849999999999275
334 -2.634999999999935
335 -0.14999999999991562
336 -2.5999999999999357
337 -3.5999999999999144
338 -2.529999999999937
339 -2.589999999999936
340 -2.6199999999999353
341 -2.539999999999937
342 -0.059999999999915545
343 -2.5499999999999368
344 -2.489999999999938
345 -2.489999999999938
346 -2.5499999999999368
347 -2.539999999999937
348 2.480000000000107
349 -0.03499999999991556
350 -35.739999999999796
351 -0.09499999999991557
352 -2.489999999999938
353 -2.959999999999928
354 -2.6099999999999355
355 -2.589999999999936
356 -3.0249999999999266
357 -2.529999999999937
358 -0.02999999999991556
359 -2.9949999999999273
360 -2.5199999999999374
361 -2.584999999999936
362 -2.584999999999936
363 -2.6099999999999355
364 -2.999999999999927
365 -2.6949999999999337
366 2.3750000000001092
367 -2.544999999999937
368 -2.589999999999936
369 -2.584999999999936
370 -2.5149999999999375
371 -3.669999999999913
372 -2.6049999999999356
373 -2.6099999999999355
374 -0.4799999999999159
375 -35.5549999999997
376 -2.674999999999934
377 -0.07999999999991556
378 -2.7349999999999333
379 -2.634999999999935
380 -2.5549999999999367
381 -2.5599999999999365
382 -2.639999999999935
383 -0.08499999999991556
384 -0.02999999999991556
385 -2.489999999999938
386 -0.0049999999999155555
387 -2.5699999999999363
388 -2.5649999999999364
389 -2.909999999999929
390 -2.5549999999999367
391 -2.584999999999936
392 -2.954999999999928
393 -35.969999999999914
394 -35.49499999999967
395 -3.564999999999915
396 -2.584999999999936
397 -2.5899999999999364
398 -2.6049999999999356
399 -3.6399999999999135
400 -0.09499999999994754
401 -3.0249999999999266
402 -2.5249999999999373
403 -2.6199999999999353
404 -3.564999999999915
405 -3.5899999999999146
406 -2.594999999999936
407 -2.674999999999934
408 -35.66999999999976
409 -0.11499999999991559
410 -2.9849999999999275
411 -2.5699999999999363
412 -2.9499999999999282
413 -2.544999999999937
414 -2.544999999999937
415 -2.6199999999999353
416 -0.08999999999991556
417 -2.6099999999999355
418 -2.624999999999935
419 -2.5749999999999362
420 -2.634999999999935
421 -2.954999999999928
422 -2.639999999999935
423 -2.544999999999937
424 -35.794999999999824
425 -0.4849999999999159
426 -2.5049999999999377
427 -2.5749999999999362
428 -0.05499999999991555
429 -0.06999999999995996
430 -0.07999999999991556
431 -2.5749999999999362
432 -0.02999999999991556
433 -1.0749999999999147
434 -2.6549999999999345
435 -2.5649999999999364
436 -2.5699999999999363
437 -3.579999999999915
438 -2.6099999999999355
439 -35.754999999999804
440 -0.09499999999991557
441 -0.17499999999991564
442 -0.06499999999991554
443 -2.6149999999999354
444 -2.634999999999935
445 -2.589999999999936
446 -3.0699999999999257
447 -2.5649999999999364
448 -2.5649999999999364
449 -2.5599999999999365
450 -2.539999999999937
451 -0.04999999999991555
452 -0.11999999999991559
453 -2.5199999999999374
454 -2.999999999999927
455 -2.539999999999937
456 -35.854999999999855
457 -2.5999999999999357
458 -2.5699999999999363
459 -2.6499999999999346
460 -2.5599999999999365
461 -2.5699999999999363
462 -2.5599999999999365
463 -2.594999999999936
464 -2.5699999999999363
465 -2.919999999999929
466 -2.589999999999936
467 -2.5599999999999365
468 -2.624999999999935
469 -3.0299999999999265
470 4.930000000000108
471 -2.5749999999999362
472 -2.6149999999999354
473 -0.1349999999999156
474 -2.584999999999936
475 -2.904999999999929
476 -3.0349999999999264
477 -2.9499999999999282
478 -2.534999999999937
479 -2.584999999999936
480 -2.9249999999999288
481 -2.6099999999999355
482 -3.054999999999926
483 -0.059999999999915545
484 -2.579999999999936
485 -2.9499999999999282
486 -2.5699999999999363
487 -0.02999999999991556
488 -2.584999999999936
489 2.5100000000001064
490 -2.589999999999936
491 -3.0399999999999263
492 4.9399999999997535
493 -2.4599999999999387
494 -2.589999999999936
495 -2.5649999999999364
496 -3.014999999999927
497 -2.5999999999999357
498 -2.639999999999935
499 -2.629999999999935
500 -2.584999999999936
501 -3.524999999999916
502 -2.5749999999999362
503 -2.594999999999936
504 -2.589999999999936
505 -2.6549999999999345
506 -2.5599999999999365
507 -0.11999999999991559
508 -2.6149999999999354
509 -2.8899999999999295
510 -2.5749999999999362
511 -2.539999999999937
512 -2.584999999999936
513 -2.539999999999937
514 -2.624999999999935
515 -2.6599999999999344
516 2.440000000000108
517 -2.579999999999936
518 -2.9499999999999282
519 -2.639999999999935
520 -2.6449999999999347
521 2.3750000000001084
522 -2.6199999999999353
523 -2.5699999999999363
524 -0.07499999999991555
525 -2.969999999999928
526 -2.544999999999937
527 -2.529999999999937
528 -0.0049999999999155555
529 -2.674999999999934
530 -2.489999999999938
531 -2.9949999999999273
532 -2.624999999999935
533 -2.6049999999999356
534 -2.594999999999936
535 -2.544999999999937
536 -2.539999999999937
537 -2.5699999999999363
538 -2.6549999999999345
539 -2.5699999999999363
540 -4.179999999999902
541 -2.6649999999999343
542 -0.08999999999991556
543 -2.5549999999999367
544 -2.5549999999999367
545 -0.09999999999991557
546 -2.624999999999935
547 -3.6349999999999136
548 -35.7499999999998
549 -2.5649999999999364
550 -2.5649999999999364
551 -2.584999999999936
552 -2.669999999999934
553 -2.5499999999999368
554 -3.519999999999916
555 -2.5749999999999362
556 -0.15999999999991563
557 -2.5549999999999367
558 2.4000000000001087
559 -2.6449999999999347
560 -2.539999999999937
561 -2.5649999999999364
562 -3.6499999999999133
563 -2.634999999999935
564 -2.5999999999999357
565 -2.589999999999936
566 -2.539999999999937
567 2.440000000000108
568 -2.6449999999999347
569 -2.6499999999999346
570 -2.5749999999999362
571 -2.6549999999999345
572 -2.594999999999936
573 -0.009999999999915556
574 -2.6199999999999353
575 -2.6099999999999355
576 -2.624999999999935
577 -0.44999999999991586
578 -2.6449999999999347
579 -35.58499999999972
580 -2.5749999999999362
581 -2.584999999999936
582 -2.634999999999935
583 -2.6049999999999356
584 -2.539999999999937
585 -2.5999999999999357
586 -2.954999999999928
587 -0.08499999999991556
588 -2.624999999999935
589 -0.4749999999999159
590 -2.584999999999936
591 -2.9249999999999288
592 7.439999999999718
593 -2.969999999999928
594 -2.5049999999999377
595 -2.544999999999937
596 -2.6199999999999353
597 -2.5249999999999373
598 -2.529999999999937
599 -0.09999999999991557
600 -2.9899999999999274
601 -2.9449999999999283
602 -2.5499999999999368
603 -2.6149999999999354
604 -0.04499999999991555
605 -35.994999999999926
606 -3.5599999999999152
607 -2.9449999999999283
608 -2.594999999999936
609 -2.6049999999999356
610 -2.9799999999999276
611 -35.70999999999978
612 -2.6049999999999356
613 -2.8949999999999294
614 -3.014999999999927
615 -2.584999999999936
616 -2.529999999999937
617 -2.6099999999999355
618 -2.5149999999999375
619 -2.5199999999999374
620 -0.07999999999991556
621 -2.5649999999999364
622 -2.6099999999999355
623 -35.89999999999988
624 -2.5649999999999364
625 -2.624999999999935
626 -33.05499999999837
627 -2.5649999999999364
628 -35.66999999999976
629 1.4150000000001297
630 -2.579999999999936
631 -2.5999999999999357
632 -2.539999999999937
633 -2.5999999999999357
634 -2.679999999999934
635 -2.5699999999999363
636 -2.6199999999999353
637 -2.5049999999999377
638 -2.5099999999999376
639 -2.579999999999936
640 -2.594999999999936
641 -2.579999999999936
642 -2.5549999999999367
643 -2.6499999999999346
644 -2.579999999999936
645 -2.6449999999999347
646 -2.589999999999936
647 -2.529999999999937
648 -2.6449999999999347
649 -2.5999999999999357
650 -2.589999999999936
651 -2.6549999999999345
652 -2.529999999999937
653 -2.9899999999999274
654 -2.6099999999999355
655 -2.9899999999999274
656 -2.4749999999999384
657 -2.5749999999999362
658 -2.5599999999999365
659 -2.594999999999936
660 -2.579999999999936
661 -2.624999999999935
662 -2.9449999999999283
663 -2.6649999999999343
664 -0.09499999999991557
665 -2.5499999999999368
666 -2.964999999999928
667 -2.6199999999999353
668 -2.594999999999936
669 -3.004999999999927
670 -2.5999999999999357
671 -2.669999999999934
672 -0.1399999999999156
673 -2.534999999999937
674 -0.059999999999915545
675 -2.629999999999935
676 -3.0349999999999264
677 -2.9349999999999286
678 -2.5699999999999363
679 -2.6099999999999355
680 -2.584999999999936
681 -2.584999999999936
682 -3.5499999999999154
683 -2.589999999999936
684 -2.6199999999999353
685 -2.5499999999999368
686 -3.009999999999927
687 -2.5749999999999362
688 -2.639999999999935
689 -2.589999999999936
690 -2.964999999999928
691 -0.06999999999991555
692 -2.6149999999999354
693 -2.6599999999999344
694 -2.6199999999999353
695 -2.5999999999999357
696 -3.0299999999999265
697 2.485000000000107
698 -2.5749999999999362
699 -2.5599999999999365
700 -2.9449999999999283
701 -0.11999999999991559
702 -2.584999999999936
703 4.9549999999997585
704 -35.79999999999983
705 -2.5549999999999367
706 -2.584999999999936
707 -2.6049999999999356
708 -2.5249999999999373
709 -2.5649999999999364
710 -2.584999999999936
711 -2.5499999999999368
712 -2.5599999999999365
713 -2.6099999999999355
714 -2.489999999999938
715 -0.15499999999991562
716 -2.6099999999999355
717 -2.5699999999999363
718 -2.5649999999999364
719 -0.1399999999999156
720 -2.6599999999999344
721 -2.5699999999999363
722 -2.964999999999928
723 -3.614999999999914
724 -2.904999999999929
725 -0.5449999999999159
726 -0.019999999999915558
727 -2.5499999999999368
728 -2.589999999999936
729 -2.589999999999936
730 -2.6049999999999356
731 -2.5649999999999364
732 -3.004999999999927
733 -2.579999999999936
734 -2.8499999999999304
735 -2.484999999999938
736 -2.5749999999999362
737 -3.044999999999926
738 -2.639999999999935
739 -2.624999999999935
740 -2.959999999999928
741 -2.6199999999999353
742 -2.5549999999999367
743 -0.06999999999991555
744 -2.494999999999938
745 -2.594999999999936
746 -2.9749999999999277
747 -2.9349999999999286
748 -3.674999999999913
749 -2.589999999999936
750 -2.5749999999999362
751 -2.5749999999999362
752 -2.5749999999999362
753 -0.10499999999991558
754 -35.79999999999983
755 -0.07999999999991556
756 -2.954999999999928
757 -2.594999999999936
758 -2.9399999999999284
759 -35.89999999999988
760 -2.5699999999999363
761 -2.6099999999999355
762 -0.05499999999991555
763 -35.7449999999998
764 -2.539999999999937
765 2.020000000000117
766 -2.584999999999936
767 -35.60999999999973
768 -35.834999999999845
769 -2.5999999999999357
770 -2.919999999999929
771 -3.5549999999999153
772 -2.5749999999999362
773 -2.539999999999937
774 -2.9399999999999284
775 -2.499999999999938
776 -2.639999999999935
777 -3.5899999999999146
778 -0.09999999999991557
779 -3.0199999999999267
780 -2.589999999999936
781 -2.5599999999999365
782 -3.6949999999999124
783 -2.5999999999999357
784 2.4050000000001086
785 -2.6099999999999355
786 -2.5049999999999377
787 -2.6549999999999345
788 -3.044999999999926
789 -2.544999999999937
790 -2.5549999999999367
791 -2.589999999999936
792 -2.999999999999927
793 -2.5549999999999367
794 -2.624999999999935
795 -0.04999999999991555
796 -2.6099999999999355
797 -0.08999999999991556
798 -2.539999999999937
799 -2.584999999999936
800 -0.11499999999991559
801 -2.9749999999999277
802 -2.964999999999928
803 -2.7099999999999334
804 -2.5699999999999363
805 -2.584999999999936
806 -0.04499999999991555
807 -2.6449999999999347
808 -2.499999999999938
809 4.924999999999756
810 -0.06999999999991555
811 -2.5049999999999377
812 -35.73499999999979
813 -2.959999999999928
814 -2.5499999999999368
815 -3.5899999999999146
816 -2.5999999999999357
817 -2.684999999999934
818 -2.629999999999935
819 -2.584999999999936
820 -3.7249999999999117
821 -35.88999999999987
822 -3.0299999999999265
823 -2.954999999999928
824 -2.5699999999999363
825 -2.5649999999999364
826 -2.5549999999999367
827 -2.9949999999999273
828 -2.579999999999936
829 -2.579999999999936
830 -2.579999999999936
831 -2.5549999999999367
832 -2.579999999999936
833 -0.07499999999991555
834 -2.9449999999999283
835 -2.6049999999999356
836 -2.5499999999999368
837 -35.60999999999973
838 -3.009999999999927
839 -2.5249999999999373
840 -3.0799999999999255
841 -2.579999999999936
842 -2.954999999999928
843 -2.6099999999999355
844 -2.954999999999928
845 -2.5199999999999374
846 -2.579999999999936
847 -2.5699999999999363
848 -2.5549999999999367
849 -3.2149999999999226
850 -2.5599999999999365
851 -2.5149999999999375
852 -0.039999999999915554
853 -2.6599999999999344
854 2.440000000000108
855 -2.6549999999999345
856 -3.009999999999927
857 -2.5549999999999367
858 -2.584999999999936
859 -2.5999999999999357
860 -2.5599999999999365
861 -2.9749999999999277
862 -2.5599999999999365
863 -2.579999999999936
864 -33.369999999998534
865 -2.8999999999999293
866 -1.0999999999999142
867 -0.08999999999991556
868 -2.9749999999999277
869 -3.0399999999999263
870 -3.009999999999927
871 -0.46499999999991587
872 -2.969999999999928
873 -2.6199999999999353
874 -2.639999999999935
875 -2.6049999999999356
876 -2.5999999999999357
877 -2.679999999999934
878 -2.589999999999936
879 -2.6099999999999355
880 -0.10999999999991558
881 -2.579999999999936
882 -2.634999999999935
883 -2.584999999999936
884 -0.09499999999991557
885 -2.9849999999999275
886 -2.5199999999999374
887 -35.814999999999834
888 -2.624999999999935
889 -2.629999999999935
890 -2.5549999999999367
891 -2.6149999999999354
892 -2.5999999999999357
893 -2.6449999999999347
894 -2.5149999999999375
895 -3.0399999999999263
896 -2.5749999999999362
897 2.4600000000001074
898 -2.539999999999937
899 -2.6049999999999356
900 -2.6049999999999356
901 -2.5599999999999365
902 -2.5749999999999362
903 -2.5749999999999362
904 -2.6199999999999353
905 -35.68999999999977
906 -2.5649999999999364
907 -0.03499999999991556
908 -2.5549999999999367
909 -2.6149999999999354
910 -2.594999999999936
911 -2.5549999999999367
912 -2.9849999999999275
913 -2.589999999999936
914 -2.6099999999999355
915 -2.589999999999936
916 -0.08499999999995198
917 -2.5999999999999357
918 -35.759999999999806
919 -0.09499999999991557
920 2.4600000000001074
921 -35.84999999999985
922 -0.15999999999991563
923 -2.5699999999999363
924 -2.9399999999999284
925 -2.579999999999936
926 -2.5999999999999357
927 -2.679999999999934
928 -33.194999999998444
929 -2.6549999999999345
930 -2.5699999999999363
931 -2.624999999999935
932 -3.5449999999999156
933 0.010000000000084445
934 -2.6149999999999354
935 -2.9499999999999282
936 -3.014999999999927
937 -2.6099999999999355
938 -0.06499999999991554
939 -2.6199999999999353
940 -2.544999999999937
941 -2.639999999999935
942 -2.594999999999936
943 -2.584999999999936
944 -0.03499999999991556
945 -2.5249999999999373
946 -0.08999999999991556
947 -2.5699999999999363
948 -3.6299999999999137
949 -2.584999999999936
950 2.4150000000001084
951 -2.6049999999999356
952 -2.5999999999999357
953 -0.46499999999991587
954 -3.0349999999999264
955 -3.704999999999912
956 -2.5749999999999362
957 -2.579999999999936
958 -2.629999999999935
959 -2.5999999999999357
960 -2.6199999999999353
961 -0.02499999999991556
962 -3.0199999999999267
963 -2.6149999999999354
964 -2.5749999999999362
965 -3.004999999999927
966 -2.5999999999999357
967 -2.6149999999999354
968 -3.0299999999999265
969 -2.579999999999936
970 -2.5249999999999373
971 -2.904999999999929
972 -3.6299999999999137
973 -0.06999999999991555
974 -0.05499999999991555
975 -3.704999999999912
976 -2.9799999999999276
977 -2.589999999999936
978 -0.02999999999991556
979 -2.674999999999934
980 -2.9449999999999283
981 2.425000000000108
982 -2.679999999999934
983 -2.634999999999935
984 -3.669999999999913
985 -2.529999999999937
986 -2.959999999999928
987 -3.5449999999999156
988 -0.06499999999991554
989 -2.5549999999999367
990 -0.10499999999991558
991 -3.0299999999999265
992 -2.629999999999935
993 -2.624999999999935
994 -2.639999999999935
995 -0.02499999999991556
996 -2.529999999999937
997 -2.5749999999999362
998 -3.669999999999913
999 -2.5699999999999363
1000 -2.8799999999999297
1001 -0.09499999999991557
1002 -2.5749999999999362
1003 -2.6199999999999353
1004 -2.629999999999935
1005 -3.5549999999999153
1006 -2.5249999999999373
1007 -2.589999999999936
1008 -2.6099999999999355
1009 -2.579999999999936
1010 -2.499999999999938
1011 -2.5749999999999362
1012 -2.584999999999936
1013 -2.624999999999935
1014 -2.624999999999935
1015 2.42500000000007
1016 -2.5499999999999368
1017 -2.6599999999999344
1018 -2.6599999999999344
1019 -2.629999999999935
1020 -3.564999999999915
1021 -3.014999999999927
1022 -2.584999999999936
1023 -0.5749999999999159
1024 -2.534999999999937
1025 -2.5599999999999365
1026 -2.5999999999999357
1027 -2.5549999999999367
1028 -3.014999999999927
1029 -2.5749999999999362
1030 -2.529999999999937
1031 -2.5649999999999364
1032 -2.499999999999938
1033 -2.6049999999999356
1034 -2.629999999999935
1035 2.435000000000108
1036 -2.5499999999999368
1037 -2.584999999999936
1038 -2.5599999999999365
1039 -2.594999999999936
1040 -35.7449999999998
1041 -3.0349999999999264
1042 -2.5999999999999357
1043 -2.684999999999934
1044 -2.544999999999937
1045 -2.6149999999999354
1046 -2.5999999999999357
1047 -0.14999999999991562
1048 -2.4799999999999383
1049 -2.5649999999999364
1050 -3.004999999999927
1051 -2.6199999999999353
1052 -2.5199999999999374
1053 -0.04499999999991555
1054 -3.054999999999926
1055 -2.5099999999999376
1056 -2.534999999999937
1057 -2.5649999999999364
1058 -2.6549999999999345
1059 -0.08999999999991556
1060 -2.589999999999936
1061 -2.959999999999928
1062 -2.9499999999999282
1063 -2.669999999999934
1064 -2.919999999999929
1065 -2.594999999999936
1066 -2.499999999999938
1067 -2.5599999999999365
1068 -3.059999999999926
1069 -2.5999999999999357
1070 -2.634999999999935
1071 -2.594999999999936
1072 -2.584999999999936
1073 -2.5699999999999363
1074 -2.584999999999936
1075 -0.08999999999991556
1076 -0.10999999999991558
1077 -2.579999999999936
1078 -2.5499999999999368
1079 -2.5749999999999362
1080 -2.6199999999999353
1081 -3.0399999999999263
1082 -2.594999999999936
1083 -2.6199999999999353
1084 2.3400000000000656
1085 -2.6099999999999355
1086 -0.10999999999991558
1087 -2.5199999999999374
1088 -2.5649999999999364
1089 -35.7449999999998
1090 -2.579999999999936
1091 -2.6449999999999347
1092 -2.589999999999936
1093 -2.6099999999999355
1094 -2.6149999999999354
1095 -2.9949999999999273
1096 2.4600000000001074
1097 -35.70499999999978
1098 -2.959999999999928
1099 -2.6599999999999344
1100 -2.5599999999999365
1101 -3.5949999999999145
1102 -2.6499999999999346
1103 -2.5149999999999375
1104 -2.5649999999999364
1105 -2.6199999999999353
1106 -0.4749999999999159
1107 -2.6449999999999347
1108 -2.969999999999928
1109 -2.544999999999937
1110 -2.624999999999935
1111 -35.61499999999973
1112 -3.529999999999916
1113 -2.6649999999999343
1114 -2.5699999999999363
1115 -0.15499999999991562
1116 -2.5599999999999365
1117 -2.534999999999937
1118 -0.04499999999991555
1119 -2.999999999999927
1120 -2.499999999999938
1121 -2.5499999999999368
1122 -0.1349999999999156
1123 -2.5699999999999363
1124 -2.5499999999999368
1125 -2.5599999999999365
1126 -2.594999999999936
1127 -2.639999999999935
1128 -2.5549999999999367
1129 -2.6099999999999355
1130 -2.5749999999999362
1131 2.34500000000011
1132 -2.5999999999999357
1133 -2.5749999999999362
1134 -3.109999999999925
1135 -2.6549999999999345
1136 -2.589999999999936
1137 -2.594999999999936
1138 -2.6049999999999356
1139 -2.954999999999928
1140 -2.6149999999999354
1141 -2.6449999999999347
1142 -2.629999999999935
1143 -2.5249999999999373
1144 -0.07999999999993858
1145 -2.534999999999937
1146 -2.594999999999936
1147 -2.5549999999999367
1148 -2.579999999999936
1149 -2.624999999999935
1150 -3.5899999999999146
1151 -2.6049999999999356
1152 -2.6149999999999354
1153 -2.9499999999999282
1154 -2.634999999999935
1155 -2.579999999999936
1156 -2.5599999999999365
1157 -2.584999999999936
1158 -2.5049999999999377
1159 -2.624999999999935
1160 -2.9749999999999277
1161 -3.659999999999913
1162 -2.534999999999937
1163 -2.5749999999999362
1164 -2.579999999999936
1165 -0.06999999999991555
1166 -3.0249999999999266
1167 -2.6099999999999355
1168 -2.5099999999999376
1169 -2.624999999999935
1170 -2.674999999999934
1171 -2.5549999999999367
1172 -2.484999999999938
1173 -2.5999999999999357
1174 -2.5149999999999375
1175 -2.624999999999935
1176 -2.959999999999928
1177 -0.11499999999991559
1178 -2.634999999999935
1179 -2.639999999999935
1180 -2.9949999999999273
1181 -2.594999999999936
1182 -2.5699999999999363
1183 -2.5249999999999373
1184 -33.20499999999845
1185 -20.545000000000165
1186 -2.5649999999999364
1187 -2.5599999999999365
1188 -2.5699999999999363
1189 -2.5749999999999362
1190 -2.6949999999999337
1191 -2.544999999999937
1192 -33.369999999998534
1193 -2.5149999999999375
1194 -3.624999999999914
1195 -2.5499999999999368
1196 -2.579999999999936
1197 -2.6199999999999353
1198 -0.06999999999991555
1199 -2.6099999999999355
1200 -2.6049999999999356
1201 -2.539999999999937
1202 -2.544999999999937
1203 -2.5699999999999363
1204 -2.5599999999999365
1205 -2.5549999999999367
1206 -2.5249999999999373
1207 -4.454999999999896
1208 -2.6199999999999353
1209 -2.584999999999936
1210 -3.0249999999999266
1211 -3.009999999999927
1212 -2.544999999999937
1213 -2.594999999999936
1214 -0.059999999999915545
1215 -2.5649999999999364
1216 2.4100000000001085
1217 -2.9749999999999277
1218 -2.589999999999936
1219 -2.584999999999936
1220 -2.584999999999936
1221 -2.5599999999999365
1222 -2.539999999999937
1223 -0.09999999999991557
1224 -2.9249999999999288
1225 -2.544999999999937
1226 -2.634999999999935
1227 -2.5249999999999373
1228 -2.9299999999999287
1229 -0.1299999999999156
1230 -2.579999999999936
1231 -2.5749999999999362
1232 -2.6049999999999356
1233 -3.574999999999915
1234 -2.5649999999999364
1235 -3.609999999999914
1236 -2.6549999999999345
1237 -0.16999999999991564
1238 -2.539999999999937
1239 -2.5549999999999367
1240 2.380000000000109
1241 -3.064999999999926
1242 -2.5599999999999365
1243 -2.6049999999999356
1244 -2.5599999999999365
1245 -2.529999999999937
1246 -2.594999999999936
1247 -0.04999999999991555
1248 -2.5649999999999364
1249 -3.624999999999914
1250 -0.15999999999996026
1251 -0.08999999999991556
1252 -0.4749999999999159
1253 -0.5099999999999159
1254 -35.774999999999814
1255 -2.499999999999938
1256 -2.6549999999999345
1257 -3.0199999999999267
1258 -2.5999999999999357
1259 -2.589999999999936
1260 2.4150000000001084
1261 -2.6049999999999356
1262 -2.8849999999999296
1263 -3.014999999999927
1264 -2.594999999999936
1265 -2.579999999999936
1266 -2.624999999999935
1267 -2.6449999999999347
1268 -2.5599999999999365
1269 -2.5249999999999373
1270 -2.6099999999999355
1271 -0.07999999999991556
1272 -2.6199999999999353
1273 -2.5649999999999364
1274 -2.624999999999935
1275 -2.579999999999936
1276 -2.6049999999999356
1277 -2.9299999999999287
1278 -2.6199999999999353
1279 -2.6199999999999353
1280 -3.0399999999999263
1281 -0.019999999999915558
1282 -0.04999999999991555
1283 -2.6449999999999347
1284 -3.044999999999926
1285 -2.5699999999999363
1286 -2.5749999999999362
1287 -2.584999999999936
1288 -35.5549999999997
1289 -2.584999999999936
1290 -3.0299999999999265
1291 -2.5649999999999364
1292 -2.5549999999999367
1293 -2.999999999999927
1294 -0.11499999999991559
1295 -2.674999999999934
1296 -2.5699999999999363
1297 -1.1449999999999132
1298 -2.5749999999999362
1299 -2.5599999999999365
1300 -2.589999999999936
1301 -2.6049999999999356
1302 -2.6199999999999353
1303 -2.6499999999999346
1304 -2.5099999999999376
1305 -2.6049999999999356
1306 -2.5049999999999377
1307 -2.499999999999938
1308 -35.914999999999885
1309 -0.1349999999999156
1310 -3.619999999999914
1311 -2.5699999999999363
1312 -2.639999999999935
1313 -2.6149999999999354
1314 -0.07999999999991556
1315 -2.624999999999935
1316 -2.594999999999936
1317 -0.11999999999995378
1318 -2.579999999999936
1319 -2.954999999999928
1320 2.430000000000108
1321 -2.5599999999999365
1322 -2.6199999999999353
1323 -3.6449999999999134
1324 -2.5549999999999367
1325 -2.5499999999999368
1326 -2.5749999999999362
1327 -2.9799999999999276
1328 -2.5099999999999376
1329 -2.529999999999937
1330 -0.07499999999991866
1331 -3.014999999999927
1332 -2.5999999999999357
1333 -2.959999999999928
1334 -2.914999999999929
1335 -3.609999999999914
1336 -2.499999999999938
1337 -2.5699999999999363
1338 -18.95500000000048
1339 -2.5749999999999362
1340 -3.564999999999915
1341 -0.03499999999991556
1342 -3.5549999999999153
1343 -2.624999999999935
1344 -3.054999999999926
1345 -2.5549999999999367
1346 -2.6649999999999343
1347 -2.589999999999936
1348 -2.6049999999999356
1349 -3.6049999999999143
1350 -2.589999999999936
1351 -2.5199999999999374
1352 -2.5749999999999362
1353 -0.08999999999991556
1354 -2.6599999999999344
1355 -2.6199999999999353
1356 -2.584999999999936
1357 -0.10499999999991558
1358 -2.6099999999999355
1359 -2.5549999999999367
1360 -2.5699999999999363
1361 -2.5749999999999362
1362 -2.639999999999935
1363 -2.5549999999999367
1364 -2.6199999999999353
1365 -2.669999999999934
1366 -2.5599999999999365
1367 -2.629999999999935
1368 2.4150000000001084
1369 -2.5599999999999365
1370 -2.584999999999936
1371 -3.569999999999915
1372 -0.059999999999915545
1373 -2.534999999999937
1374 -3.0349999999999264
1375 -2.5999999999999357
1376 -2.634999999999935
1377 0.010000000000084445
1378 -2.539999999999937
1379 2.3750000000001092
1380 -2.5699999999999363
1381 -2.6199999999999353
1382 -2.9399999999999284
1383 -2.5649999999999364
1384 -2.5699999999999363
1385 -2.639999999999935
1386 -2.529999999999937
1387 -2.6449999999999347
1388 -2.589999999999936
1389 -2.5649999999999364
1390 -2.5999999999999357
1391 -2.584999999999936
1392 -2.5549999999999367
1393 -0.09499999999991557
1394 -0.03499999999991556
1395 -2.594999999999936
1396 -3.5949999999999145
1397 -2.6949999999999337
1398 -2.5999999999999357
1399 -2.6149999999999354
1400 -2.6549999999999345
1401 -2.639999999999935
1402 -2.544999999999937
1403 -2.624999999999935
1404 -2.529999999999937
1405 -2.589999999999936
1406 -2.579999999999936
1407 2.4550000000001075
1408 4.914999999999763
1409 -3.674999999999913
1410 -2.6449999999999347
1411 -2.6199999999999353
1412 -2.579999999999936
1413 -2.5199999999999374
1414 2.4050000000001086
1415 -0.06999999999991555
1416 -2.489999999999938
1417 -0.4949999999999159
1418 -2.5749999999999362
1419 -2.6149999999999354
1420 -2.579999999999936
1421 -2.484999999999938
1422 -2.629999999999935
1423 -2.5599999999999365
1424 -2.544999999999937
1425 -2.5499999999999368
1426 -2.624999999999935
1427 -2.579999999999936
1428 -2.5599999999999365
1429 -2.594999999999936
1430 -0.44999999999991586
1431 -2.6199999999999353
1432 -2.5099999999999376
1433 -0.019999999999915558
1434 -2.9849999999999275
1435 -2.679999999999934
1436 -2.5499999999999368
1437 -2.5599999999999365
1438 -2.534999999999937
1439 -0.10499999999991558
1440 -2.534999999999937
1441 -2.5599999999999365
1442 -2.5699999999999363
1443 -2.534999999999937
1444 -2.539999999999937
1445 -2.6099999999999355
1446 -2.6099999999999355
1447 -2.5549999999999367
1448 -0.1399999999999156
1449 -2.9799999999999276
1450 -2.684999999999934
1451 -2.639999999999935
1452 -3.5499999999999154
1453 2.425000000000108
1454 2.4450000000001078
1455 -3.6499999999999133
1456 -0.009999999999915556
1457 -2.9799999999999276
1458 -2.5499999999999368
1459 -2.539999999999937
1460 -2.629999999999935
1461 -3.044999999999926
1462 -2.634999999999935
1463 -2.534999999999937
1464 -2.5599999999999365
1465 -2.624999999999935
1466 -2.624999999999935
1467 -2.5549999999999367
1468 -2.4649999999999386
1469 -2.544999999999937
1470 -2.5549999999999367
1471 -2.529999999999937
1472 -2.629999999999935
1473 -2.5749999999999362
1474 -2.6499999999999346
1475 -2.584999999999936
1476 -3.0199999999999267
1477 -3.624999999999914
1478 -2.499999999999938
1479 -2.5149999999999375
1480 -2.589999999999936
1481 2.3750000000001092
1482 -2.5599999999999365
1483 -3.0249999999999266
1484 -2.5599999999999365
1485 -2.9499999999999287
1486 -2.534999999999937
1487 -2.5549999999999367
1488 -2.6049999999999356
1489 -0.07999999999991556
1490 -0.08999999999991556
1491 -2.589999999999936
1492 -2.594999999999936
1493 -2.6099999999999355
1494 -3.609999999999914
1495 -0.07999999999991556
1496 -0.4699999999999159
1497 -2.5549999999999367
1498 -2.5999999999999357
1499 -2.5649999999999364
1500 -2.999999999999927
1501 -2.9349999999999286
1502 -2.9899999999999274
1503 -2.5999999999999357
1504 -2.499999999999938
1505 -2.5549999999999367
1506 -3.619999999999914
1507 -2.534999999999937
1508 -2.544999999999937
1509 -2.499999999999938
1510 -2.6049999999999356
1511 -2.5699999999999363
1512 -2.5649999999999364
1513 -0.10499999999991558
1514 -2.584999999999936
1515 -2.534999999999937
1516 -0.1299999999999156
1517 -2.6649999999999343
1518 -2.9399999999999284
1519 -0.0049999999999155555
1520 -2.584999999999936
1521 -2.6149999999999354
1522 -2.579999999999936
1523 -2.639999999999935
1524 -2.5699999999999363
1525 -2.6099999999999355
1526 -2.5999999999999357
1527 -2.6049999999999356
1528 -2.5749999999999362
1529 -35.83999999999985
1530 -2.639999999999935
1531 -2.5999999999999357
1532 -2.969999999999928
1533 -2.5599999999999365
1534 -2.584999999999936
1535 -35.82999999999984
1536 -3.0249999999999266
1537 -2.629999999999935
1538 -2.539999999999937
1539 -2.629999999999935
1540 -2.999999999999927
1541 -2.539999999999937
1542 -2.5999999999999357
1543 -2.579999999999936
1544 -2.9899999999999274
1545 -2.5099999999999376
1546 -2.6949999999999337
1547 -2.9799999999999276
1548 -3.004999999999927
1549 -2.679999999999934
1550 -35.719999999999786
1551 -2.544999999999937
1552 -2.4699999999999385
1553 2.435000000000108
1554 -35.854999999999855
1555 -3.5499999999999154
1556 -2.579999999999936
1557 -2.5199999999999374
1558 -2.6049999999999356
1559 -2.5599999999999365
1560 -2.579999999999936
1561 -3.5999999999999144
1562 -2.589999999999936
1563 -3.009999999999927
1564 -2.6149999999999354
1565 -3.719999999999912
1566 -2.5699999999999363
1567 -2.5999999999999357
1568 -2.5699999999999363
1569 -2.5699999999999363
1570 -2.5699999999999363
1571 -3.664999999999913
1572 -2.5699999999999363
1573 -2.669999999999934
1574 -0.09499999999991557
1575 -30.619999999998054
1576 -2.589999999999936
1577 -0.1449999999999156
1578 -2.5699999999999363
1579 -2.5649999999999364
1580 -2.594999999999936
1581 -2.6549999999999345
1582 -3.059999999999926
1583 -2.5649999999999364
1584 -2.6049999999999356
1585 -2.5649999999999364
1586 -2.5649999999999364
1587 -2.6199999999999353
1588 -2.589999999999936
1589 -2.629999999999935
1590 -0.10499999999991558
1591 8.444460408707499e-14
1592 -7.804999999999825
1593 -2.5749999999999362
1594 -2.594999999999936
1595 -2.5649999999999364
1596 -2.5999999999999357
1597 -3.5949999999999145
1598 -0.08499999999991556
1599 -0.07999999999991556
1600 -2.589999999999936
1601 -2.9299999999999287
1602 -2.589999999999936
1603 -0.08499999999991556
1604 -2.5649999999999364
1605 -3.0299999999999265
1606 -2.5749999999999362
1607 -35.58499999999972
1608 -2.5699999999999363
1609 -2.5999999999999357
1610 -2.5549999999999367
1611 -2.6899999999999338
1612 -2.5749999999999362
1613 -2.919999999999929
1614 -35.7449999999998
1615 -2.534999999999937
1616 -3.6449999999999134
1617 -2.914999999999929
1618 -2.9449999999999283
1619 -2.6049999999999356
1620 -0.5099999999999159
1621 -2.5599999999999365
1622 -2.6649999999999343
1623 -2.634999999999935
1624 -2.5549999999999367
1625 -2.639999999999935
1626 -2.609999999999936
1627 -2.5499999999999368
1628 -2.6149999999999354
1629 -2.529999999999937
1630 -2.6449999999999347
1631 -2.6099999999999355
1632 -2.9949999999999273
1633 -2.6049999999999356
1634 -35.66499999999976
1635 -0.0049999999999155555
1636 -2.5699999999999363
1637 -2.5499999999999368
1638 -3.5999999999999144
1639 -2.5699999999999363
1640 -2.5499999999999368
1641 -3.009999999999927
1642 -2.624999999999935
1643 -2.589999999999936
1644 -2.969999999999928
1645 -0.1399999999999156
1646 -2.6049999999999356
1647 -2.9249999999999288
1648 -2.684999999999934
1649 -2.594999999999936
1650 -0.44499999999991585
1651 -3.014999999999927
1652 -2.5999999999999357
1653 -3.009999999999927
1654 -2.6049999999999356
1655 -2.5699999999999363
1656 -2.579999999999936
1657 -2.6099999999999355
1658 -2.969999999999928
1659 -2.6049999999999356
1660 -2.6149999999999354
1661 -3.019999999999927
1662 -2.5999999999999357
1663 -0.04499999999991555
1664 -2.584999999999936
1665 -2.5999999999999357
1666 -0.014999999999915557
1667 -2.579999999999936
1668 -2.9249999999999288
1669 -2.589999999999936
1670 -2.594999999999936
1671 -2.5649999999999364
1672 -2.584999999999936
1673 -2.6099999999999355
1674 -2.5099999999999376
1675 -2.5749999999999362
1676 -2.5749999999999362
1677 -2.534999999999937
1678 -3.014999999999927
1679 -2.5549999999999367
1680 -2.999999999999927
1681 -2.594999999999936
1682 -2.529999999999937
1683 -2.629999999999935
1684 -3.0199999999999267
1685 -2.674999999999934
1686 -2.5549999999999367
1687 -3.0299999999999265
1688 -2.7049999999999335
1689 -0.03499999999991556
1690 -2.6099999999999355
1691 -2.5199999999999374
1692 -0.1399999999999156
1693 -3.6299999999999137
1694 -2.494999999999938
1695 2.4200000000001083
1696 -0.11499999999991559
1697 -2.5499999999999368
1698 -0.07999999999991556
1699 -2.639999999999935
1700 -0.08999999999991556
1701 -2.5249999999999373
1702 -2.5749999999999362
1703 -0.5099999999999159
1704 -0.06999999999991555
1705 -2.529999999999937
1706 -2.6199999999999353
1707 -2.5499999999999368
1708 -2.6049999999999356
1709 -35.66999999999976
1710 -2.584999999999936
1711 -3.5899999999999146
1712 -2.6599999999999344
1713 -2.579999999999936
1714 -2.7049999999999335
1715 -3.5599999999999152
1716 -3.014999999999927
1717 -2.6149999999999354
1718 -2.539999999999937
1719 -2.534999999999937
1720 -2.4749999999999384
1721 -0.02999999999991556
1722 -2.6149999999999354
1723 -2.959999999999928
1724 -2.6199999999999353
1725 -3.0299999999999265
1726 -2.5599999999999365
1727 -2.6449999999999347
1728 -2.6449999999999347
1729 -0.08499999999991556
1730 -2.684999999999934
1731 -2.634999999999935
1732 -2.594999999999936
1733 -2.579999999999936
1734 -0.15499999999991562
1735 -2.5699999999999363
1736 -0.07999999999991556
1737 -2.964999999999928
1738 -3.624999999999914
1739 -2.5499999999999368
1740 -3.5899999999999146
1741 -0.08999999999991556
1742 -2.579999999999936
1743 -2.5699999999999363
1744 -2.594999999999936
1745 -2.5749999999999362
1746 -2.589999999999936
1747 -3.6449999999999134
1748 -3.6349999999999136
1749 -0.45499999999991586
1750 -2.5549999999999367
1751 -2.6599999999999344
1752 -2.544999999999937
1753 -2.624999999999935
1754 -3.5549999999999153
1755 -2.5749999999999362
1756 -0.3899999999999602
1757 -3.044999999999926
1758 -2.544999999999937
1759 -2.9499999999999282
1760 -2.6649999999999343
1761 -0.5449999999999159
1762 -2.5999999999999357
1763 -2.679999999999934
1764 -2.629999999999935
1765 -3.004999999999927
1766 -2.6199999999999353
1767 -2.5199999999999374
1768 -3.6499999999999133
1769 -0.039999999999915554
1770 -35.84499999999985
1771 -2.5649999999999364
1772 -0.44999999999991586
1773 -0.04499999999991555
1774 -2.639999999999935
1775 -37.19500000000053
1776 2.405000000000099
1777 -2.6449999999999347
1778 -2.579999999999936
1779 -0.1449999999999156
1780 -3.0349999999999264
1781 -2.6549999999999345
1782 -0.14999999999991562
1783 -2.634999999999935
1784 -2.544999999999937
1785 -2.9899999999999274
1786 -2.5049999999999377
1787 -2.5649999999999364
1788 -2.5999999999999357
1789 -2.579999999999936
1790 -2.589999999999936
1791 -2.544999999999937
1792 -2.534999999999937
1793 -0.11999999999991559
1794 -2.5549999999999367
1795 -2.534999999999937
1796 -2.8949999999999294
1797 -2.6049999999999356
1798 -2.6499999999999346
1799 -2.594999999999936
1800 -2.494999999999938
1801 -2.6099999999999355
1802 -0.08499999999991556
1803 -3.004999999999927
1804 -2.5599999999999365
1805 -2.534999999999937
1806 -2.579999999999936
1807 -2.6199999999999353
1808 -2.5699999999999363
1809 -0.07999999999991556
1810 -2.5499999999999368
1811 -2.6099999999999355
1812 -2.544999999999937
1813 -3.059999999999926
1814 -2.5549999999999367
1815 -2.85999999999993
1816 -35.70499999999978
1817 -0.1299999999999156
1818 -3.574999999999915
1819 -2.5649999999999364
1820 -35.90999999999988
1821 -2.5099999999999376
1822 -2.9849999999999275
1823 -0.05499999999991555
1824 -2.5649999999999364
1825 -3.004999999999927
1826 -2.579999999999936
1827 -2.5999999999999357
1828 -2.964999999999928
1829 -2.6049999999999356
1830 -2.5099999999999376
1831 -3.614999999999914
1832 -2.5599999999999365
1833 -2.5699999999999363
1834 -2.9399999999999284
1835 -2.5649999999999364
1836 -2.589999999999936
1837 -2.639999999999935
1838 -35.754999999999804
1839 -2.9399999999999284
1840 -3.0349999999999264
1841 -2.579999999999936
1842 -2.7399999999999327
1843 -2.584999999999936
1844 -3.4449999999999177
1845 -2.6199999999999353
1846 -0.06999999999991555
1847 -2.6199999999999353
1848 -2.5199999999999374
1849 -2.544999999999937
1850 -3.0399999999999263
1851 -2.544999999999937
1852 -3.044999999999926
1853 -2.999999999999927
1854 -0.07499999999991555
1855 -2.584999999999936
1856 -0.09999999999991557
1857 -0.05499999999991555
1858 -2.9849999999999275
1859 -2.639999999999935
1860 -2.6199999999999353
1861 -2.5549999999999367
1862 -2.6449999999999347
1863 -2.5749999999999362
1864 -2.5999999999999357
1865 -2.539999999999937
1866 -35.544999999999696
1867 -2.539999999999937
1868 -2.5699999999999363
1869 2.390000000000109
1870 -35.92999999999989
1871 -2.589999999999936
1872 -2.579999999999936
1873 -2.624999999999935
1874 -2.6099999999999355
1875 -3.574999999999915
1876 -3.0349999999999264
1877 -2.624999999999935
1878 -3.574999999999915
1879 -2.579999999999936
1880 -2.5699999999999363
1881 -2.959999999999928
1882 -2.624999999999935
1883 -2.589999999999936
1884 -35.9399999999999
1885 -2.5699999999999363
1886 -2.579999999999936
1887 -2.5749999999999362
1888 -2.584999999999936
1889 -2.6099999999999355
1890 -2.5549999999999367
1891 -2.9499999999999282
1892 -2.594999999999936
1893 -3.654999999999913
1894 -2.6549999999999345
1895 -2.534999999999937
1896 -2.5749999999999362
1897 -2.5649999999999364
1898 -2.5499999999999368
1899 -2.579999999999936
1900 -2.579999999999936
1901 -2.5549999999999367
1902 -2.444999999999939
1903 -2.6199999999999353
1904 -2.5249999999999373
1905 -2.6649999999999343
1906 -2.5499999999999368
1907 -2.5099999999999376
1908 -3.6949999999999124
1909 -2.579999999999936
1910 -0.09499999999991557
1911 -2.5999999999999357
1912 -2.5749999999999362
1913 -2.5699999999999363
1914 -0.04999999999991555
1915 -0.10999999999991558
1916 -3.004999999999927
1917 -3.6049999999999143
1918 4.489999999999765
1919 -2.6949999999999337
1920 -0.04499999999994131
1921 -2.579999999999936
1922 -2.594999999999936
1923 -2.9949999999999273
1924 -2.589999999999936
1925 -0.1299999999999156
1926 -2.5999999999999357
1927 -2.639999999999935
1928 -0.02499999999991556
1929 -2.634999999999935
1930 -2.9949999999999273
1931 -2.4749999999999384
1932 -2.909999999999929
1933 -2.5649999999999364
1934 -2.559999999999937
1935 -2.5099999999999376
1936 -2.9499999999999282
1937 -2.6049999999999356
1938 -2.964999999999928
1939 -2.584999999999936
1940 -2.624999999999935
1941 -2.544999999999937
1942 -2.5999999999999357
1943 -2.584999999999936
1944 -2.6099999999999355
1945 -2.579999999999936
1946 -2.544999999999937
1947 -2.5649999999999364
1948 -2.594999999999936
1949 -2.584999999999936
1950 -0.06999999999991555
1951 -4.044999999999906
1952 -3.054999999999926
1953 -2.6499999999999346
1954 -2.9949999999999273
1955 -2.579999999999936
1956 -2.579999999999936
1957 -2.589999999999936
1958 -3.0299999999999265
1959 -2.9449999999999283
1960 -2.594999999999936
1961 -2.6049999999999356
1962 -2.5499999999999368
1963 -2.6199999999999353
1964 -3.0699999999999257
1965 -0.5149999999999159
1966 -2.544999999999937
1967 -35.874999999999865
1968 -2.959999999999928
1969 -2.589999999999936
1970 -2.5649999999999364
1971 -0.059999999999915545
1972 -2.629999999999935
1973 -2.579999999999936
1974 -2.584999999999936
1975 -2.5099999999999376
1976 -2.579999999999936
1977 -2.6549999999999345
1978 -0.06499999999991554
1979 -2.6199999999999353
1980 -3.4149999999999183
1981 -2.5999999999999357
1982 -3.5499999999999154
1983 -2.589999999999936
1984 -2.579999999999936
1985 -2.5999999999999357
1986 -2.534999999999937
1987 -2.579999999999936
1988 -2.5599999999999365
1989 -2.594999999999936
1990 -2.5749999999999362
1991 -3.0249999999999266
1992 -2.5249999999999373
1993 -2.639999999999935
1994 -2.6649999999999343
1995 -2.5199999999999374
1996 -2.9899999999999274
1997 -2.5499999999999368
1998 -2.594999999999936
1999 -2.634999999999935
5492.695841312408
