0 -7.639999999999873
1 -7.619999999999873
2 -7.549999999999875
3 -7.529999999999875
4 -7.719999999999871
5 -7.659999999999872
6 -7.719999999999871
7 -7.849999999999868
8 -7.629999999999873
9 -7.669999999999872
10 -7.76999999999987
11 -7.74999999999987
12 -7.639999999999873
13 -7.5999999999998735
14 -7.76999999999987
15 -7.659999999999872
16 -5.309999999999869
17 -7.639999999999873
18 -7.639999999999873
19 -7.564999999999874
20 -7.75999999999987
21 -7.634999999999873
22 -7.524999999999875
23 -7.75999999999987
24 -7.679999999999872
25 -7.76999999999987
26 -7.609999999999873
27 -7.829999999999869
28 -7.6499999999998725
29 -7.729999999999871
30 -7.464999999999876
31 -7.6499999999998725
32 -7.564999999999874
33 -7.559999999999874
34 -7.594999999999874
35 -7.529999999999875
36 -7.624999999999873
37 -7.669999999999872
38 -7.624999999999873
39 -7.629999999999873
40 -7.5999999999998735
41 -7.74499999999987
42 -7.534999999999875
43 -7.7899999999998695
44 -7.559999999999874
45 -7.719999999999871
46 -7.859999999999868
47 -7.619999999999873
48 -7.654999999999872
49 -7.669999999999872
50 -7.589999999999874
51 -7.704999999999871
52 -7.614999999999873
53 -7.6949999999998715
54 -7.679999999999872
55 -7.299999999999878
56 -7.719999999999871
57 -7.709999999999871
58 -7.584999999999874
59 -7.604999999999873
60 -7.549999999999875
61 -7.6499999999998725
62 -7.579999999999874
63 -7.74499999999987
64 -7.684999999999872
65 -5.024999999999874
66 -7.564999999999874
67 -7.699999999999871
68 -7.664999999999872
69 -7.444999999999876
70 -7.524999999999875
71 -7.21999999999988
72 -7.474999999999874
73 -7.1499999999998805
74 -7.369999999999877
75 -7.499999999999876
76 -7.77499999999987
77 -7.429999999999875
78 -7.304999999999878
79 -7.389999999999877
80 -7.569999999999874
81 -7.6499999999998725
82 -6.399999999999891
83 -7.494999999999876
84 -7.124999999999882
85 -7.069999999999882
86 -7.0949999999998825
87 -6.419999999999893
88 -6.359999999999892
89 -7.634999999999873
90 -4.884999999999915
91 -4.504999999999919
92 -4.8399999999999155
93 -4.464999999999918
94 -4.629999999999919
95 -4.439999999999921
96 -4.52999999999992
97 -4.889999999999916
98 -4.39999999999992
99 -4.899999999999914
100 -2.7399999999999345
101 -2.7849999999999335
102 -2.7299999999999343
103 -2.6399999999999353
104 -2.7049999999999352
105 -3.3799999999999297
106 -2.6249999999999356
107 -2.7299999999999343
108 -3.1699999999999324
109 -2.6849999999999348
110 -0.06499999999991554
111 -3.3549999999999325
112 -2.554999999999937
113 -2.5049999999999377
114 -2.984999999999932
115 -2.719999999999935
116 -3.604999999999929
117 -2.5749999999999367
118 -2.7249999999999344
119 -2.5799999999999375
120 -2.6599999999999353
121 -2.7099999999999347
122 -2.6549999999999345
123 1.960000000000118
124 -2.7149999999999355
125 -3.3299999999999317
126 -2.664999999999935
127 -0.1299999999999156
128 -0.08999999999991556
129 -2.674999999999934
130 -2.6999999999999336
131 -2.8599999999999355
132 -2.684999999999937
133 -3.53999999999993
134 -2.5649999999999364
135 -2.6399999999999353
136 -2.569999999999937
137 -0.07999999999991556
138 -0.14999999999991606
139 -2.729999999999935
140 -3.314999999999934
141 -3.6949999999999306
142 -2.844999999999934
143 -2.5549999999999367
144 -2.6199999999999353
145 -2.794999999999934
146 -3.0399999999999334
147 -2.589999999999936
148 -2.5799999999999366
149 -2.7949999999999355
150 -3.71499999999993
151 -2.6449999999999347
152 -2.6149999999999354
153 -2.7249999999999344
154 -2.6949999999999354
155 -2.689999999999935
156 -2.629999999999935
157 -2.654999999999936
158 -2.6799999999999344
159 -2.639999999999935
160 -2.5149999999999375
161 -0.5949999999999206
162 -2.679999999999934
163 -2.579999999999936
164 -3.6049999999999267
165 -2.6199999999999357
166 -2.6299999999999355
167 -2.719999999999935
168 -2.739999999999935
169 -2.774999999999935
170 -2.669999999999934
171 -2.6199999999999357
172 -2.814999999999934
173 -3.2299999999999334
174 -2.6649999999999343
175 -2.554999999999937
176 -2.649999999999936
177 -3.054999999999933
178 -2.634999999999936
179 -2.5749999999999362
180 -2.6299999999999355
181 -2.6199999999999353
182 -2.5849999999999365
183 -2.6999999999999336
184 -2.614999999999936
185 -2.604999999999936
186 -3.384999999999931
187 -2.584999999999936
188 -2.844999999999935
189 -2.5899999999999364
190 -2.664999999999936
191 -2.674999999999934
192 -2.5899999999999364
193 -2.579999999999936
194 -2.674999999999934
195 -2.884999999999934
196 -2.584999999999937
197 -2.6699999999999346
198 -2.639999999999935
199 -2.6199999999999357
200 -2.6099999999999355
201 -2.9199999999999346
202 -2.5249999999999373
203 -1.0249999999999209
204 -2.6999999999999336
205 -2.644999999999935
206 -2.594999999999936
207 -2.5749999999999362
208 -2.8699999999999344
209 -2.5749999999999367
210 -2.6899999999999373
211 -2.584999999999936
212 -2.554999999999937
213 -2.6449999999999347
214 -2.7749999999999364
215 -2.6549999999999354
216 -2.624999999999935
217 -0.28499999999991726
218 -2.8349999999999325
219 -2.674999999999934
220 -2.784999999999936
221 -2.589999999999936
222 -2.5699999999999363
223 -2.6249999999999356
224 -2.6199999999999353
225 -2.694999999999934
226 -2.6149999999999354
227 -2.5599999999999365
228 -0.009999999999915556
229 -2.659999999999935
230 -2.889999999999933
231 -2.624999999999935
232 -2.6449999999999347
233 -2.5749999999999367
234 -2.679999999999934
235 -2.7249999999999344
236 -2.8799999999999346
237 -2.6649999999999343
238 -2.674999999999934
239 -2.7549999999999346
240 -2.5699999999999363
241 -2.6149999999999367
242 -2.9299999999999327
243 -2.639999999999935
244 -2.6849999999999343
245 -2.6649999999999356
246 -2.8749999999999334
247 -2.589999999999937
248 -2.5949999999999362
249 -2.619999999999936
250 -2.584999999999936
251 -2.624999999999935
252 -1.0599999999999217
253 -2.544999999999937
254 -2.6499999999999346
255 -2.5499999999999368
256 -2.5499999999999368
257 -2.6549999999999345
258 -2.694999999999934
259 -2.5999999999999357
260 -2.6199999999999353
261 -2.639999999999935
262 -2.6599999999999344
263 -2.594999999999936
264 -2.6699999999999346
265 -2.6449999999999347
266 -2.9899999999999327
267 -3.544999999999928
268 -2.6449999999999347
269 -2.5649999999999364
270 -2.709999999999936
271 -2.644999999999935
272 -2.5999999999999366
273 -2.6599999999999353
274 -2.629999999999935
275 -2.674999999999934
276 -2.6049999999999356
277 -3.33499999999993
278 -2.5999999999999357
279 -0.10499999999991558
280 -2.624999999999935
281 -3.1449999999999334
282 -2.624999999999935
283 -3.6149999999999287
284 -2.6349999999999354
285 -2.7449999999999335
286 -2.5699999999999363
287 -0.15499999999991626
288 -2.529999999999937
289 -2.7899999999999348
290 -2.5249999999999373
291 -2.5699999999999363
292 -2.5099999999999376
293 -2.689999999999935
294 -2.584999999999936
295 -2.539999999999938
296 -2.6149999999999354
297 -2.639999999999935
298 -2.689999999999935
299 -0.07499999999991555
300 -2.579999999999936
301 -2.589999999999936
302 -3.474999999999929
303 -2.7799999999999327
304 -2.724999999999936
305 -2.7099999999999356
306 -2.5999999999999357
307 -2.8399999999999324
308 -2.9299999999999353
309 -2.6599999999999353
310 -2.9199999999999346
311 -2.5649999999999364
312 -2.569999999999937
313 -2.8549999999999347
314 -2.5549999999999367
315 -2.6699999999999346
316 -2.589999999999936
317 -2.679999999999934
318 -2.629999999999935
319 -2.6849999999999348
320 -2.6049999999999356
321 -2.5649999999999364
322 -0.07999999999991578
323 8.444460408707499e-14
324 -2.5649999999999364
325 -2.534999999999937
326 -2.5649999999999364
327 -2.5699999999999363
328 -2.6199999999999353
329 -0.04499999999991555
330 -2.6599999999999344
331 -2.539999999999937
332 -2.659999999999935
333 -2.639999999999935
334 -2.594999999999936
335 -2.7349999999999346
336 -2.629999999999935
337 -2.5699999999999363
338 -2.6699999999999346
339 -2.6149999999999354
340 -2.544999999999937
341 -3.2649999999999326
342 -2.6199999999999353
343 -2.684999999999934
344 -2.5699999999999363
345 -0.15999999999991563
346 -2.6099999999999355
347 -2.6649999999999343
348 -3.1449999999999316
349 -2.6249999999999356
350 -0.34999999999991777
351 -2.509999999999938
352 -2.824999999999935
353 -2.604999999999936
354 -2.584999999999936
355 -2.5599999999999365
356 -2.7849999999999335
357 -2.7599999999999336
358 -0.6399999999999212
359 -2.584999999999936
360 -2.569999999999937
361 -2.614999999999936
362 -0.05499999999991577
363 -2.634999999999936
364 -2.5749999999999362
365 -2.6499999999999346
366 -2.6449999999999347
367 -2.594999999999936
368 2.3750000000001092
369 -2.594999999999936
370 -2.624999999999935
371 -2.9349999999999348
372 -2.8549999999999343
373 -2.6999999999999353
374 -2.539999999999937
375 -2.6399999999999353
376 -2.6049999999999356
377 -2.7649999999999335
378 -2.554999999999937
379 -2.7699999999999343
380 -2.584999999999936
381 -2.8699999999999335
382 -2.539999999999937
383 -2.6499999999999346
384 -2.6299999999999355
385 -0.16999999999991586
386 -2.6099999999999355
387 -2.5249999999999373
388 -2.8599999999999333
389 -2.6399999999999357
390 -2.5599999999999365
391 -2.534999999999937
392 -0.2999999999999179
393 -2.6199999999999353
394 -2.624999999999935
395 -2.669999999999935
396 -2.7099999999999342
397 -3.0399999999999334
398 -3.359999999999932
399 -2.579999999999936
400 -2.6349999999999354
401 -2.6449999999999347
402 -2.6649999999999343
403 -2.579999999999936
404 -0.11999999999991559
405 -2.6199999999999353
406 -2.5699999999999363
407 -2.624999999999935
408 -2.5749999999999362
409 -2.679999999999934
410 -0.0049999999999155555
411 -2.6499999999999346
412 -2.594999999999936
413 -2.599999999999936
414 -2.6249999999999356
415 -2.809999999999937
416 -2.589999999999936
417 -2.624999999999935
418 -2.6649999999999343
419 -2.5999999999999357
420 -2.5599999999999365
421 -2.589999999999936
422 -2.6549999999999345
423 -2.5599999999999365
424 -2.824999999999934
425 -2.6849999999999348
426 -2.6149999999999354
427 -2.624999999999935
428 -2.679999999999936
429 -2.6049999999999356
430 -2.589999999999936
431 2.4550000000001075
432 -2.839999999999934
433 -2.6449999999999347
434 -2.849999999999933
435 -2.6199999999999353
436 -2.5599999999999365
437 -2.634999999999935
438 -2.494999999999938
439 -2.6049999999999356
440 -2.629999999999935
441 -2.529999999999937
442 -2.6599999999999344
443 -2.634999999999935
444 -0.07499999999991555
445 -2.6149999999999354
446 -3.049999999999933
447 -2.589999999999936
448 -2.674999999999935
449 -2.919999999999933
450 -2.5499999999999368
451 -2.6949999999999337
452 -2.634999999999935
453 -2.8999999999999346
454 -2.6999999999999345
455 -2.5499999999999368
456 -2.7149999999999346
457 -2.639999999999935
458 -2.629999999999935
459 -2.669999999999934
460 -2.5699999999999363
461 -2.6149999999999354
462 -2.569999999999937
463 -2.814999999999935
464 -2.624999999999935
465 -2.804999999999935
466 -2.6049999999999356
467 -2.5599999999999365
468 -2.544999999999937
469 -2.6599999999999344
470 -2.569999999999937
471 -2.629999999999935
472 -2.624999999999935
473 -2.6149999999999354
474 -2.6649999999999348
475 -2.6799999999999344
476 -2.8199999999999337
477 -2.6049999999999356
478 -2.5249999999999377
479 -2.634999999999935
480 -2.7199999999999354
481 -2.589999999999936
482 -2.6099999999999355
483 -2.579999999999936
484 -3.264999999999931
485 -2.629999999999935
486 -2.589999999999936
487 -2.5699999999999363
488 -3.4049999999999296
489 -2.6149999999999354
490 -2.6149999999999354
491 -2.6199999999999353
492 -0.06499999999991554
493 -2.5649999999999364
494 -2.5649999999999364
495 -2.639999999999935
496 -2.7249999999999353
497 -2.6449999999999347
498 -2.6799999999999358
499 -3.1899999999999324
500 -2.589999999999936
501 -2.6299999999999355
502 -2.5949999999999362
503 -2.6099999999999355
504 -2.4599999999999387
505 -3.289999999999931
506 -2.5999999999999357
507 -2.5999999999999357
508 -2.5649999999999364
509 -2.6049999999999356
510 -2.964999999999933
511 -2.724999999999933
512 -2.529999999999937
513 -2.6099999999999355
514 -2.594999999999936
515 -2.884999999999934
516 -2.589999999999936
517 -2.6899999999999356
518 -2.6549999999999345
519 -2.589999999999936
520 -2.6149999999999354
521 -2.5999999999999357
522 -2.539999999999937
523 -2.6449999999999347
524 -2.544999999999937
525 -0.11999999999991559
526 -2.6099999999999355
527 -0.04499999999991555
528 -2.594999999999936
529 -2.5749999999999362
530 -2.6199999999999353
531 -2.739999999999935
532 -2.5549999999999367
533 -0.1699999999999165
534 -2.544999999999937
535 -2.6649999999999343
536 -2.599999999999936
537 -2.634999999999935
538 -2.6049999999999356
539 -2.6099999999999355
540 -2.6249999999999356
541 -0.07499999999991555
542 -2.629999999999935
543 -2.674999999999934
544 -3.30999999999993
545 -2.559999999999937
546 -2.584999999999936
547 -2.6049999999999356
548 -2.614999999999936
549 -0.2149999999999159
550 -2.584999999999936
551 -2.529999999999937
552 -2.5049999999999377
553 -2.6599999999999344
554 -2.6349999999999354
555 -2.554999999999937
556 -2.614999999999936
557 -2.539999999999937
558 -2.7949999999999333
559 -2.6249999999999356
560 -2.5649999999999364
561 -2.6749999999999345
562 -2.6449999999999347
563 -2.5749999999999362
564 -2.6149999999999354
565 -2.7349999999999337
566 -2.6449999999999347
567 -2.594999999999936
568 -2.534999999999937
569 -2.679999999999935
570 -3.254999999999932
571 -2.7749999999999364
572 -2.5749999999999362
573 -2.9499999999999282
574 -2.744999999999933
575 -2.624999999999935
576 -2.6549999999999345
577 -2.614999999999936
578 -2.6199999999999353
579 -2.604999999999936
580 -2.584999999999936
581 -2.569999999999937
582 -2.584999999999936
583 -2.669999999999934
584 -2.6099999999999355
585 -2.634999999999935
586 -2.5649999999999364
587 -2.5699999999999363
588 -2.5999999999999357
589 -2.5699999999999363
590 -2.6499999999999346
591 -2.584999999999936
592 -2.639999999999935
593 -2.5649999999999364
594 -2.5649999999999364
595 -3.2799999999999314
596 -2.5999999999999357
597 -2.794999999999934
598 -2.6099999999999355
599 -2.5249999999999373
600 -2.634999999999935
601 -2.5499999999999368
602 -2.674999999999934
603 -2.594999999999936
604 -2.6149999999999354
605 -2.719999999999935
606 -2.6049999999999356
607 -2.584999999999936
608 -2.5599999999999365
609 -2.579999999999936
610 -2.6499999999999346
611 -2.5549999999999367
612 -3.2499999999999343
613 -2.649999999999936
614 -2.539999999999937
615 -2.544999999999937
616 -2.934999999999935
617 -2.589999999999936
618 -2.6099999999999355
619 -2.6899999999999338
620 -2.5499999999999368
621 -2.639999999999935
622 -2.6499999999999346
623 -2.5599999999999365
624 -2.624999999999935
625 -2.589999999999936
626 -2.639999999999935
627 -2.5499999999999368
628 -2.624999999999935
629 -0.06999999999991555
630 -2.639999999999937
631 -3.139999999999924
632 -2.6049999999999356
633 -2.6649999999999343
634 -2.5499999999999368
635 -2.624999999999935
636 -0.11499999999991559
637 -2.624999999999935
638 -2.5599999999999365
639 -2.7149999999999332
640 -2.634999999999935
641 -2.534999999999937
642 -2.754999999999935
643 -2.624999999999935
644 -2.9449999999999346
645 -2.714999999999934
646 -2.6649999999999356
647 -3.009999999999927
648 -2.6549999999999345
649 -2.6899999999999338
650 -2.6599999999999344
651 -2.684999999999934
652 -2.6549999999999345
653 -2.6549999999999345
654 -2.5749999999999362
655 -2.639999999999935
656 -2.5549999999999367
657 -2.6599999999999344
658 -2.5649999999999364
659 -2.579999999999936
660 -2.579999999999936
661 -0.07499999999991555
662 -2.5499999999999368
663 -0.1049999999999158
664 -2.6199999999999353
665 -2.9699999999999336
666 -2.7099999999999334
667 -2.5499999999999368
668 -2.5699999999999363
669 -2.6699999999999364
670 -2.584999999999936
671 -2.5699999999999363
672 -2.609999999999936
673 -2.6199999999999353
674 -2.6599999999999344
675 -2.5749999999999362
676 -2.5749999999999362
677 -2.6499999999999346
678 -2.594999999999936
679 -2.589999999999936
680 -2.5549999999999367
681 -2.6199999999999353
682 -2.6499999999999346
683 -2.534999999999937
684 -2.5949999999999362
685 -2.6549999999999345
686 -2.5949999999999362
687 -2.584999999999936
688 -2.594999999999936
689 -2.6899999999999347
690 -2.509999999999938
691 -2.529999999999937
692 -2.5699999999999363
693 -0.1349999999999156
694 -2.609999999999936
695 -2.699999999999934
696 -2.639999999999935
697 -2.6599999999999344
698 -2.5149999999999375
699 -2.6449999999999347
700 -2.579999999999936
701 -0.08999999999991579
702 -2.5699999999999363
703 -2.579999999999936
704 -2.6149999999999354
705 -2.574999999999938
706 -2.629999999999935
707 -2.6199999999999353
708 -2.5499999999999368
709 -0.20999999999991611
710 -0.07499999999991577
711 -2.6149999999999354
712 -2.5849999999999373
713 -2.579999999999936
714 -2.6199999999999353
715 -2.5549999999999367
716 -2.6449999999999347
717 -2.6449999999999347
718 -2.6199999999999353
719 -2.679999999999934
720 -2.6099999999999355
721 -2.584999999999936
722 -2.624999999999935
723 -2.6949999999999337
724 -2.629999999999935
725 -2.6199999999999353
726 -2.624999999999935
727 -2.629999999999935
728 -2.6549999999999345
729 -3.249999999999932
730 -2.6449999999999347
731 -2.5649999999999364
732 -2.6199999999999353
733 -2.5649999999999364
734 -2.5699999999999363
735 -2.624999999999935
736 -2.8849999999999354
737 -2.5599999999999365
738 -2.544999999999937
739 -2.5649999999999364
740 -2.6099999999999355
741 -2.7499999999999343
742 -2.6599999999999344
743 -2.579999999999936
744 -2.5449999999999373
745 -2.6149999999999354
746 -2.5599999999999365
747 -2.6549999999999345
748 -2.589999999999936
749 -2.7949999999999338
750 -2.539999999999937
751 -2.6149999999999354
752 -2.594999999999936
753 -2.7349999999999364
754 -2.599999999999936
755 -2.5149999999999375
756 -2.584999999999936
757 -2.624999999999935
758 -2.679999999999934
759 -2.584999999999936
760 -3.0999999999999317
761 -2.5649999999999364
762 -2.684999999999934
763 -2.5149999999999375
764 -2.6049999999999356
765 -2.544999999999937
766 -2.624999999999935
767 -2.6699999999999346
768 -2.649999999999935
769 -2.579999999999936
770 -2.579999999999936
771 -2.644999999999935
772 -0.04499999999991555
773 -2.579999999999936
774 -2.6599999999999344
775 -2.5549999999999367
776 -2.5699999999999363
777 -2.6049999999999356
778 -3.2199999999999283
779 -2.529999999999937
780 -3.069999999999935
781 -3.0349999999999335
782 -2.6549999999999345
783 -3.0999999999999326
784 -2.6499999999999346
785 -2.6549999999999345
786 -2.5599999999999365
787 -2.624999999999935
788 -2.584999999999936
789 -2.6549999999999345
790 -2.614999999999936
791 -2.574999999999937
792 -2.5749999999999362
793 -2.6449999999999347
794 -2.6099999999999355
795 -2.639999999999935
796 -2.7349999999999346
797 -2.6499999999999355
798 -2.5999999999999357
799 -2.5999999999999357
800 -2.5499999999999368
801 -2.6999999999999345
802 -2.6199999999999353
803 -3.074999999999933
804 -2.6149999999999354
805 -2.8199999999999337
806 -2.584999999999936
807 -2.634999999999936
808 -2.7099999999999347
809 -2.6599999999999344
810 -2.8999999999999293
811 -2.6049999999999356
812 -2.589999999999936
813 -2.634999999999935
814 -2.5899999999999364
815 -2.629999999999935
816 -2.7149999999999332
817 -2.5699999999999363
818 -2.589999999999936
819 -2.5499999999999368
820 -2.5749999999999362
821 -2.564999999999937
822 -2.5699999999999363
823 -2.5499999999999368
824 -2.584999999999936
825 -2.6049999999999356
826 -2.654999999999936
827 -2.5549999999999367
828 -0.1249999999999156
829 -2.5649999999999364
830 -2.5649999999999364
831 -2.579999999999936
832 -2.6299999999999355
833 -2.604999999999936
834 -2.5499999999999368
835 -2.6099999999999355
836 -0.06999999999991555
837 -2.7699999999999347
838 -2.5699999999999363
839 -0.1449999999999156
840 -2.6149999999999354
841 -0.05499999999991555
842 -2.689999999999936
843 -2.5549999999999367
844 -2.589999999999936
845 -3.1949999999999337
846 -2.9199999999999333
847 -2.5099999999999376
848 -0.06999999999991577
849 -2.589999999999936
850 -2.6099999999999355
851 -2.6549999999999345
852 -2.679999999999934
853 -2.6149999999999354
854 -2.5649999999999364
855 -2.6749999999999354
856 -2.584999999999936
857 -2.6149999999999354
858 -2.6099999999999355
859 -2.629999999999935
860 -2.674999999999934
861 -2.669999999999934
862 -2.6149999999999367
863 -2.5749999999999362
864 -2.669999999999934
865 -0.05499999999991555
866 -2.5699999999999363
867 -2.589999999999936
868 -3.079999999999933
869 -2.699999999999935
870 -2.5999999999999357
871 -2.579999999999936
872 -2.5749999999999362
873 -0.059999999999915545
874 -2.6449999999999347
875 -2.6549999999999345
876 -3.034999999999933
877 -2.6049999999999356
878 -2.569999999999937
879 -2.6099999999999355
880 -2.7599999999999345
881 -2.544999999999937
882 -2.7399999999999327
883 -2.629999999999935
884 -2.684999999999934
885 -2.6349999999999363
886 -2.5549999999999367
887 -2.6249999999999356
888 -2.9649999999999306
889 -2.6149999999999354
890 -2.5649999999999364
891 -2.5649999999999364
892 -2.5749999999999362
893 -2.5599999999999365
894 -2.959999999999931
895 -2.6049999999999356
896 -2.589999999999936
897 -2.7099999999999347
898 -2.964999999999932
899 -2.579999999999936
900 -2.639999999999935
901 -2.594999999999936
902 -0.11999999999991603
903 -2.579999999999936
904 -2.679999999999934
905 -2.639999999999935
906 -2.539999999999937
907 -2.679999999999935
908 -2.6049999999999356
909 -2.6149999999999354
910 -2.529999999999937
911 -2.6149999999999354
912 -2.669999999999935
913 -2.534999999999937
914 -2.629999999999935
915 -2.5699999999999363
916 -2.589999999999936
917 -2.584999999999936
918 -2.594999999999936
919 -2.5549999999999367
920 -2.579999999999936
921 -2.624999999999935
922 -2.909999999999934
923 -2.5749999999999362
924 -2.6399999999999353
925 -2.484999999999938
926 -2.5649999999999364
927 -2.624999999999935
928 -2.619999999999936
929 -2.6899999999999338
930 -2.544999999999937
931 -2.639999999999935
932 -2.5749999999999362
933 -2.584999999999936
934 -2.5699999999999363
935 -2.709999999999934
936 -2.484999999999938
937 -0.09499999999991579
938 -2.594999999999936
939 -2.6499999999999346
940 -2.5649999999999364
941 -3.0599999999999334
942 -2.609999999999936
943 -2.6599999999999344
944 -2.5849999999999365
945 -2.624999999999935
946 -2.6549999999999345
947 -2.7249999999999335
948 -2.624999999999935
949 -2.539999999999937
950 -2.5749999999999362
951 -2.5649999999999364
952 2.285000000000111
953 -2.674999999999934
954 -3.0249999999999266
955 -2.6199999999999353
956 -2.6149999999999354
957 -2.604999999999936
958 -2.584999999999936
959 -2.634999999999935
960 -2.5999999999999357
961 -2.6499999999999346
962 -2.5649999999999364
963 -2.589999999999936
964 -2.639999999999935
965 -2.634999999999935
966 -2.639999999999935
967 -2.6699999999999355
968 -0.074999999999916
969 -2.674999999999934
970 -2.584999999999936
971 -2.5999999999999357
972 -2.589999999999936
973 -2.639999999999935
974 -2.534999999999937
975 -3.004999999999931
976 -2.609999999999936
977 -2.5399999999999374
978 -2.839999999999936
979 -2.664999999999935
980 -2.629999999999935
981 -2.584999999999936
982 -0.07999999999991556
983 -0.09999999999991557
984 -2.624999999999935
985 -2.5249999999999373
986 -2.6099999999999355
987 -3.0049999999999355
988 -2.639999999999935
989 -2.7099999999999342
990 -2.694999999999934
991 -2.584999999999936
992 -0.11499999999991559
993 -2.624999999999935
994 -2.6199999999999353
995 -0.10499999999991558
996 -2.684999999999934
997 -2.859999999999933
998 -2.6349999999999354
999 -2.5999999999999357
1000 -2.584999999999936
1001 -3.094999999999933
1002 -2.589999999999936
1003 -0.16499999999991563
1004 -2.6849999999999357
1005 -2.6049999999999356
1006 -2.6149999999999354
1007 -2.5499999999999368
1008 -0.6949999999999213
1009 -2.5199999999999374
1010 -2.5699999999999363
1011 -0.04999999999991555
1012 -2.669999999999934
1013 -0.06999999999991555
1014 -2.7149999999999332
1015 -2.594999999999936
1016 -0.02999999999991556
1017 -0.11999999999991559
1018 -2.6099999999999355
1019 -2.634999999999935
1020 -2.6049999999999356
1021 -2.679999999999934
1022 -2.679999999999934
1023 -2.6199999999999353
1024 -2.6049999999999356
1025 -2.704999999999934
1026 -2.634999999999935
1027 -0.21999999999991587
1028 -2.584999999999936
1029 -2.9649999999999315
1030 -0.009999999999915556
1031 -2.5599999999999365
1032 -2.5549999999999367
1033 -2.614999999999936
1034 -2.589999999999936
1035 -2.639999999999936
1036 2.4550000000001075
1037 -2.6499999999999346
1038 -2.609999999999936
1039 -2.5649999999999364
1040 -2.6049999999999356
1041 -2.6549999999999363
1042 -2.7299999999999343
1043 -2.6549999999999345
1044 -0.10499999999991558
1045 -2.579999999999936
1046 -2.659999999999936
1047 -2.6599999999999353
1048 -2.5699999999999363
1049 -2.584999999999936
1050 -2.639999999999935
1051 -2.544999999999937
1052 -2.579999999999936
1053 -2.634999999999935
1054 -2.629999999999935
1055 -2.6199999999999357
1056 -2.674999999999934
1057 -2.6549999999999345
1058 -2.5749999999999362
1059 -2.529999999999937
1060 -2.609999999999936
1061 -2.649999999999935
1062 -2.6649999999999343
1063 -2.5499999999999368
1064 -3.084999999999931
1065 -2.5549999999999367
1066 -2.589999999999936
1067 -0.09499999999991557
1068 -2.594999999999936
1069 -0.1349999999999156
1070 -0.11999999999991559
1071 -2.6099999999999355
1072 -2.579999999999936
1073 -2.6399999999999357
1074 -2.5599999999999365
1075 -3.0299999999999323
1076 -2.5449999999999373
1077 -2.6449999999999347
1078 -2.6649999999999343
1079 -2.5949999999999362
1080 -2.6199999999999353
1081 -2.669999999999935
1082 -0.11999999999991559
1083 -2.594999999999936
1084 -2.8199999999999354
1085 -2.5749999999999362
1086 -2.6199999999999353
1087 -2.5649999999999364
1088 -2.6099999999999355
1089 -2.5599999999999365
1090 -2.624999999999935
1091 -3.0849999999999254
1092 -2.5199999999999374
1093 -0.09999999999991557
1094 -2.634999999999935
1095 -2.5599999999999365
1096 -2.6449999999999347
1097 -0.11499999999991559
1098 -2.5699999999999363
1099 -2.6149999999999354
1100 -2.5999999999999357
1101 -2.589999999999936
1102 -2.5649999999999364
1103 -2.689999999999936
1104 -2.5499999999999368
1105 -2.5549999999999367
1106 -2.594999999999936
1107 -2.6599999999999344
1108 -0.11499999999991559
1109 -2.5699999999999363
1110 -2.744999999999935
1111 -2.5749999999999362
1112 -2.589999999999936
1113 -2.6499999999999346
1114 -2.639999999999935
1115 -2.629999999999935
1116 -2.624999999999935
1117 -2.5649999999999364
1118 -2.6349999999999354
1119 -2.669999999999934
1120 -2.5749999999999362
1121 -2.7149999999999332
1122 -2.7449999999999357
1123 -2.6649999999999343
1124 -2.5999999999999357
1125 -2.6099999999999355
1126 -2.5749999999999362
1127 -2.5999999999999357
1128 -2.5999999999999375
1129 -2.5749999999999367
1130 -2.6449999999999347
1131 -2.5749999999999362
1132 -2.6199999999999353
1133 -0.11499999999991603
1134 -2.6099999999999355
1135 -2.6949999999999337
1136 -2.589999999999936
1137 -2.7299999999999334
1138 -2.584999999999936
1139 -2.579999999999936
1140 -2.6599999999999344
1141 -0.09999999999991557
1142 -2.919999999999932
1143 -2.584999999999936
1144 -2.529999999999937
1145 -2.5249999999999373
1146 -2.5699999999999363
1147 -2.7399999999999327
1148 -2.8049999999999344
1149 -2.639999999999935
1150 -2.5749999999999362
1151 -2.534999999999937
1152 -2.5249999999999373
1153 -2.9749999999999277
1154 -2.4699999999999385
1155 -2.6049999999999356
1156 -2.5649999999999364
1157 -2.594999999999937
1158 -2.579999999999936
1159 -2.529999999999937
1160 2.4000000000001087
1161 -2.809999999999933
1162 -2.624999999999935
1163 -2.634999999999936
1164 -2.6099999999999355
1165 -2.634999999999935
1166 -2.9049999999999336
1167 -2.639999999999935
1168 -2.6149999999999354
1169 -2.5599999999999365
1170 -2.5549999999999367
1171 -0.1449999999999156
1172 -2.634999999999935
1173 -2.534999999999937
1174 -2.6299999999999355
1175 -2.5499999999999368
1176 -2.629999999999935
1177 -2.6749999999999345
1178 -2.749999999999937
1179 -2.6049999999999356
1180 -2.5699999999999363
1181 -2.5699999999999363
1182 -2.6049999999999356
1183 -2.734999999999936
1184 -2.6949999999999337
1185 -2.629999999999935
1186 -2.584999999999936
1187 -2.5599999999999365
1188 -2.5949999999999362
1189 -2.5999999999999357
1190 -2.5649999999999364
1191 -2.639999999999935
1192 -2.5699999999999363
1193 -0.26499999999991747
1194 -2.654999999999935
1195 -2.5499999999999368
1196 -2.639999999999935
1197 -2.6749999999999345
1198 -2.6099999999999355
1199 -0.09999999999991557
1200 -2.964999999999928
1201 -2.584999999999936
1202 -2.729999999999933
1203 -2.6199999999999353
1204 -0.08499999999991556
1205 -2.5699999999999363
1206 -2.579999999999936
1207 -2.589999999999936
1208 -2.6099999999999355
1209 -2.8249999999999336
1210 -2.6399999999999353
1211 -2.824999999999934
1212 -2.614999999999936
1213 -2.6449999999999347
1214 -2.5999999999999357
1215 -2.6649999999999343
1216 -2.639999999999935
1217 -2.594999999999936
1218 -2.6649999999999343
1219 -2.729999999999934
1220 -2.579999999999936
1221 -2.629999999999935
1222 -2.529999999999937
1223 -2.5599999999999365
1224 -2.544999999999937
1225 -0.15499999999991562
1226 -2.6599999999999344
1227 -2.6099999999999355
1228 -2.6149999999999354
1229 -0.09999999999991557
1230 -2.5599999999999365
1231 -2.6549999999999354
1232 -2.589999999999936
1233 -2.7349999999999355
1234 -2.5499999999999368
1235 -0.11499999999991559
1236 -2.909999999999933
1237 -2.5999999999999357
1238 -2.6149999999999354
1239 -2.594999999999936
1240 -2.5699999999999363
1241 -2.959999999999928
1242 -2.5249999999999373
1243 -2.589999999999936
1244 -2.9299999999999304
1245 -2.494999999999938
1246 -2.534999999999937
1247 -2.629999999999935
1248 -2.584999999999936
1249 -2.594999999999936
1250 -2.6099999999999355
1251 -2.6549999999999345
1252 -0.04999999999991555
1253 -2.579999999999936
1254 -2.584999999999936
1255 -2.6399999999999353
1256 -2.639999999999935
1257 -2.579999999999936
1258 -2.6149999999999354
1259 -2.6049999999999356
1260 2.4200000000001083
1261 -2.6099999999999355
1262 -2.7199999999999354
1263 -2.6899999999999338
1264 -2.6099999999999355
1265 -2.6849999999999348
1266 -2.534999999999937
1267 -2.589999999999936
1268 -2.5999999999999357
1269 -2.5699999999999363
1270 -0.08999999999991556
1271 -2.6049999999999356
1272 -2.6449999999999356
1273 -3.024999999999933
1274 -2.724999999999935
1275 -2.5749999999999362
1276 -2.614999999999936
1277 -2.7749999999999337
1278 -2.6049999999999356
1279 -2.6149999999999354
1280 -2.5649999999999364
1281 -2.499999999999938
1282 -2.579999999999936
1283 -2.6399999999999353
1284 -0.09999999999991557
1285 -2.6149999999999354
1286 -2.9249999999999354
1287 -3.0849999999999254
1288 -2.6599999999999344
1289 -2.679999999999934
1290 -0.04999999999991555
1291 -0.10499999999991558
1292 -0.09499999999991623
1293 -2.689999999999936
1294 -2.6099999999999355
1295 -2.5549999999999367
1296 -2.629999999999935
1297 -2.6649999999999343
1298 -2.6199999999999353
1299 -0.059999999999915545
1300 -2.6149999999999354
1301 -2.579999999999936
1302 -2.579999999999936
1303 -2.589999999999936
1304 -2.5599999999999365
1305 -2.964999999999928
1306 -2.634999999999935
1307 -2.669999999999934
1308 -2.5599999999999365
1309 -2.5699999999999363
1310 -2.884999999999935
1311 -2.5999999999999357
1312 -2.6599999999999344
1313 -2.6249999999999356
1314 -2.6149999999999354
1315 -2.624999999999935
1316 -2.669999999999934
1317 -2.6149999999999354
1318 -2.629999999999935
1319 -2.5999999999999357
1320 -2.6499999999999346
1321 -2.534999999999937
1322 -2.5599999999999365
1323 -2.5599999999999365
1324 -2.749999999999935
1325 -2.874999999999933
1326 -2.594999999999936
1327 -2.639999999999935
1328 -3.0399999999999263
1329 -0.10999999999991558
1330 -2.639999999999935
1331 -2.5999999999999357
1332 -0.08999999999991556
1333 -2.5549999999999367
1334 -2.999999999999927
1335 -2.539999999999937
1336 -2.5749999999999362
1337 -0.08999999999991556
1338 -2.614999999999936
1339 -2.6099999999999355
1340 -2.6549999999999345
1341 -2.5999999999999357
1342 -2.6499999999999346
1343 -2.579999999999936
1344 -2.614999999999936
1345 -2.5249999999999373
1346 -2.5599999999999365
1347 -2.5999999999999357
1348 -2.5249999999999373
1349 -2.639999999999935
1350 -2.664999999999935
1351 -2.529999999999937
1352 -2.624999999999935
1353 -2.5649999999999364
1354 -2.6099999999999355
1355 -2.579999999999936
1356 -2.629999999999935
1357 -2.649999999999935
1358 -2.5549999999999367
1359 -2.534999999999937
1360 -2.6149999999999354
1361 -2.8299999999999343
1362 -2.6449999999999347
1363 -2.5749999999999362
1364 -2.549999999999937
1365 -2.944999999999934
1366 -2.5749999999999362
1367 -2.544999999999937
1368 -2.6099999999999355
1369 -2.5649999999999364
1370 -3.054999999999932
1371 -0.1299999999999156
1372 -0.009999999999915556
1373 -2.629999999999935
1374 -2.589999999999936
1375 -2.6199999999999353
1376 -2.6149999999999354
1377 -2.5649999999999364
1378 -2.584999999999936
1379 -0.1349999999999158
1380 -2.5649999999999364
1381 -2.639999999999935
1382 -2.594999999999936
1383 -2.639999999999935
1384 -0.06499999999991554
1385 -2.594999999999936
1386 -2.584999999999936
1387 -2.5649999999999364
1388 -2.6499999999999346
1389 -2.6149999999999354
1390 -2.6499999999999346
1391 -2.6199999999999357
1392 -2.604999999999936
1393 -2.594999999999936
1394 -2.5949999999999367
1395 -2.5649999999999364
1396 -3.1199999999999246
1397 -2.544999999999937
1398 -2.6149999999999354
1399 -2.6049999999999356
1400 -2.6199999999999353
1401 -2.674999999999934
1402 -2.5999999999999357
1403 -2.6499999999999346
1404 -2.5649999999999364
1405 -2.594999999999936
1406 -2.679999999999934
1407 -2.769999999999934
1408 -2.789999999999934
1409 -2.669999999999938
1410 -2.544999999999937
1411 -2.5549999999999367
1412 -2.6449999999999347
1413 -0.03499999999991556
1414 -2.629999999999935
1415 -2.7549999999999346
1416 -2.579999999999936
1417 -2.589999999999936
1418 -2.6599999999999344
1419 -2.6649999999999356
1420 -2.5999999999999357
1421 -2.764999999999934
1422 -2.6099999999999355
1423 -2.724999999999933
1424 -0.059999999999915545
1425 -2.6049999999999356
1426 -2.9099999999999344
1427 -2.594999999999936
1428 -2.5599999999999365
1429 -2.5899999999999364
1430 -2.624999999999935
1431 -2.6149999999999354
1432 -2.594999999999936
1433 -2.589999999999936
1434 -0.1199999999999156
1435 -2.704999999999934
1436 -2.579999999999936
1437 -2.669999999999934
1438 -2.589999999999936
1439 -2.954999999999934
1440 -2.624999999999935
1441 -3.014999999999927
1442 -2.579999999999936
1443 -0.1249999999999156
1444 -2.5549999999999367
1445 -0.16499999999991563
1446 -0.1299999999999156
1447 -2.5099999999999376
1448 -2.539999999999937
1449 -2.6099999999999355
1450 -2.669999999999934
1451 -2.6549999999999345
1452 -2.5549999999999367
1453 -2.5649999999999364
1454 -2.6099999999999355
1455 -2.5749999999999362
1456 -2.6399999999999357
1457 -2.569999999999937
1458 -0.07999999999991556
1459 -2.669999999999934
1460 -2.6049999999999356
1461 -2.749999999999935
1462 -2.6599999999999344
1463 -2.5399999999999374
1464 -2.7599999999999345
1465 -2.634999999999935
1466 -2.689999999999934
1467 -2.5999999999999357
1468 -2.6049999999999356
1469 -2.6399999999999353
1470 -2.5499999999999368
1471 -2.6199999999999353
1472 -2.5499999999999368
1473 -2.6049999999999356
1474 -2.5749999999999362
1475 -2.5549999999999367
1476 -2.634999999999935
1477 -2.6049999999999356
1478 -2.6299999999999355
1479 -2.4699999999999385
1480 -2.6099999999999355
1481 -2.534999999999937
1482 -2.5599999999999365
1483 -0.09499999999991557
1484 -2.6099999999999355
1485 -2.544999999999937
1486 -2.784999999999934
1487 -2.639999999999935
1488 -2.594999999999936
1489 -2.579999999999936
1490 -0.09499999999991557
1491 -2.4749999999999384
1492 -2.584999999999936
1493 -2.544999999999937
1494 -0.12999999999991582
1495 -2.684999999999934
1496 -2.5749999999999362
1497 -2.5549999999999367
1498 -2.6199999999999353
1499 -2.6049999999999356
1500 -2.889999999999936
1501 -2.6399999999999353
1502 -0.07999999999991556
1503 -2.589999999999936
1504 -2.644999999999935
1505 -2.6149999999999354
1506 -2.5999999999999357
1507 -2.5549999999999367
1508 -2.594999999999936
1509 -2.639999999999935
1510 -2.624999999999935
1511 -0.08999999999991556
1512 -2.589999999999936
1513 -2.5649999999999364
1514 -2.6099999999999355
1515 -2.6149999999999354
1516 -0.1399999999999156
1517 -2.5649999999999364
1518 -2.559999999999937
1519 -2.6149999999999354
1520 -0.009999999999915556
1521 -2.6649999999999374
1522 -2.8199999999999337
1523 -2.594999999999936
1524 -2.6099999999999355
1525 -2.584999999999936
1526 0.010000000000084445
1527 -2.534999999999937
1528 -2.7599999999999354
1529 -2.5649999999999364
1530 -0.059999999999915545
1531 -2.579999999999936
1532 -2.5999999999999357
1533 -2.6199999999999353
1534 -2.6099999999999355
1535 -2.729999999999933
1536 -0.17499999999991564
1537 -2.5549999999999367
1538 -2.594999999999936
1539 -2.794999999999935
1540 -2.629999999999935
1541 -2.6049999999999356
1542 -0.10999999999991558
1543 -2.5999999999999357
1544 -2.679999999999934
1545 -2.6549999999999345
1546 -2.684999999999934
1547 -2.674999999999934
1548 -2.5549999999999367
1549 -2.579999999999936
1550 -2.6599999999999344
1551 -2.5149999999999375
1552 -2.669999999999934
1553 -2.674999999999934
1554 -2.579999999999936
1555 -2.6099999999999355
1556 -2.639999999999935
1557 -2.584999999999936
1558 -3.0399999999999263
1559 -2.624999999999935
1560 -2.589999999999936
1561 -2.6999999999999336
1562 -2.7049999999999335
1563 -2.6799999999999344
1564 -2.6149999999999354
1565 -2.5699999999999363
1566 -0.14999999999991562
1567 -2.6499999999999346
1568 2.4450000000001078
1569 -2.539999999999937
1570 -2.609999999999936
1571 -2.634999999999935
1572 -2.6099999999999355
1573 -2.669999999999934
1574 -2.5749999999999362
1575 -2.5549999999999367
1576 -2.6649999999999343
1577 -2.539999999999937
1578 -2.7749999999999346
1579 -2.639999999999935
1580 -2.5249999999999373
1581 -2.5999999999999357
1582 -0.07999999999991556
1583 -2.584999999999936
1584 -2.669999999999934
1585 -2.589999999999936
1586 -2.9799999999999276
1587 -2.5549999999999367
1588 -2.6149999999999354
1589 -2.584999999999936
1590 -2.639999999999935
1591 -2.6799999999999353
1592 -2.6599999999999353
1593 -0.10999999999991558
1594 -2.629999999999935
1595 -2.5149999999999375
1596 -2.494999999999938
1597 -0.15999999999991607
1598 -0.11499999999991559
1599 -2.629999999999935
1600 -2.5699999999999363
1601 -2.579999999999936
1602 -2.539999999999937
1603 -2.5999999999999357
1604 -0.08499999999991556
1605 -2.584999999999936
1606 -2.5799999999999366
1607 -2.629999999999935
1608 -2.6099999999999355
1609 -2.6049999999999356
1610 -2.5749999999999362
1611 -2.5599999999999365
1612 -2.6149999999999354
1613 -0.11499999999991559
1614 -2.539999999999937
1615 -2.6449999999999347
1616 -2.634999999999935
1617 -2.929999999999933
1618 -2.5649999999999364
1619 -2.594999999999936
1620 -2.6149999999999354
1621 -2.624999999999935
1622 -2.529999999999937
1623 -2.9899999999999274
1624 -2.6599999999999344
1625 -2.589999999999936
1626 -2.6049999999999356
1627 -2.739999999999934
1628 -2.624999999999935
1629 -2.534999999999937
1630 -2.609999999999936
1631 -2.7799999999999327
1632 -0.08499999999991556
1633 -2.6149999999999354
1634 -2.6949999999999346
1635 -2.5749999999999362
1636 -2.5999999999999357
1637 -0.09999999999991557
1638 -2.5199999999999374
1639 -3.004999999999927
1640 -2.6449999999999347
1641 -2.7349999999999333
1642 -2.9449999999999354
1643 -2.5599999999999365
1644 -2.6049999999999356
1645 -2.6199999999999353
1646 -2.5699999999999363
1647 -2.594999999999936
1648 -2.6099999999999355
1649 -2.639999999999935
1650 -0.09999999999991557
1651 -2.5649999999999364
1652 -2.584999999999936
1653 2.34500000000011
1654 -0.15999999999991563
1655 -2.619999999999937
1656 -2.629999999999935
1657 -2.589999999999936
1658 -2.9749999999999277
1659 -0.27999999999991726
1660 -2.589999999999936
1661 -2.529999999999937
1662 -2.669999999999934
1663 -2.5699999999999363
1664 -2.639999999999935
1665 -2.7099999999999356
1666 -3.049999999999926
1667 -2.5699999999999363
1668 -2.589999999999936
1669 -0.04999999999991555
1670 -2.5699999999999363
1671 -2.6549999999999345
1672 -2.639999999999935
1673 -0.06999999999991555
1674 -2.7049999999999335
1675 -0.38999999999991714
1676 -2.5049999999999377
1677 -2.639999999999935
1678 -2.634999999999935
1679 -2.5549999999999367
1680 -2.6249999999999356
1681 -2.5999999999999357
1682 -2.589999999999936
1683 -2.529999999999937
1684 -2.629999999999935
1685 -2.584999999999936
1686 -2.594999999999936
1687 -2.529999999999937
1688 -2.6649999999999348
1689 -2.584999999999936
1690 -2.6149999999999354
1691 -2.6949999999999346
1692 -0.11499999999991559
1693 -2.674999999999934
1694 -2.6649999999999343
1695 -0.06999999999991555
1696 -2.7449999999999335
1697 -2.629999999999935
1698 -2.639999999999935
1699 -2.679999999999934
1700 -2.6499999999999346
1701 -0.02499999999991556
1702 -2.674999999999934
1703 -2.6499999999999346
1704 -2.614999999999936
1705 -0.10499999999991558
1706 -2.6499999999999346
1707 -2.6649999999999343
1708 2.425000000000108
1709 -2.6199999999999353
1710 -2.729999999999937
1711 -2.5649999999999364
1712 -2.6499999999999346
1713 -2.6499999999999346
1714 -2.5649999999999364
1715 -2.579999999999936
1716 -2.7299999999999356
1717 -2.5499999999999368
1718 -2.624999999999935
1719 -2.5699999999999363
1720 -2.6149999999999354
1721 -2.584999999999936
1722 -2.629999999999935
1723 -2.6149999999999354
1724 -2.6099999999999355
1725 -2.669999999999934
1726 -2.5649999999999364
1727 -2.569999999999937
1728 -2.6049999999999356
1729 -2.579999999999936
1730 -2.584999999999936
1731 -2.6049999999999356
1732 -2.529999999999937
1733 -0.1349999999999156
1734 -0.1299999999999156
1735 -2.5249999999999373
1736 -2.8999999999999293
1737 -0.07499999999991555
1738 -2.539999999999937
1739 -2.579999999999936
1740 -2.589999999999936
1741 -2.6099999999999355
1742 -2.6149999999999354
1743 -2.594999999999936
1744 -2.589999999999936
1745 -2.5499999999999368
1746 -2.544999999999937
1747 -2.5699999999999363
1748 -2.669999999999934
1749 -2.6549999999999345
1750 -0.1249999999999156
1751 -2.529999999999937
1752 -2.6499999999999346
1753 -2.6649999999999343
1754 -2.624999999999935
1755 -2.629999999999935
1756 -2.629999999999935
1757 -2.6049999999999356
1758 -0.04499999999991555
1759 -2.5249999999999373
1760 -2.5749999999999367
1761 -2.5999999999999357
1762 -2.789999999999934
1763 -2.589999999999936
1764 -2.5199999999999374
1765 -2.6599999999999344
1766 -2.5499999999999368
1767 -2.5999999999999357
1768 -2.5649999999999364
1769 -2.669999999999934
1770 -0.059999999999915545
1771 -2.6849999999999365
1772 -2.6049999999999356
1773 -2.5549999999999367
1774 -2.6049999999999356
1775 -2.5599999999999365
1776 -2.959999999999928
1777 -2.539999999999937
1778 -2.6299999999999355
1779 -2.9749999999999277
1780 -2.579999999999936
1781 -3.009999999999927
1782 -2.964999999999928
1783 -2.6349999999999354
1784 -2.5699999999999363
1785 -2.6099999999999355
1786 -3.0699999999999257
1787 -2.6499999999999346
1788 -2.6449999999999347
1789 -2.5549999999999367
1790 -2.634999999999935
1791 -2.6199999999999353
1792 -2.6999999999999336
1793 -2.5999999999999357
1794 -2.6049999999999356
1795 -2.584999999999936
1796 -2.5699999999999363
1797 -2.579999999999936
1798 -2.5599999999999365
1799 -2.594999999999936
1800 -2.6649999999999343
1801 -2.624999999999935
1802 -2.6199999999999357
1803 -2.629999999999935
1804 -0.08999999999991556
1805 -2.589999999999936
1806 -2.544999999999937
1807 -2.534999999999937
1808 -2.6099999999999355
1809 -2.594999999999936
1810 -2.5499999999999368
1811 -2.639999999999935
1812 -2.644999999999936
1813 -2.5499999999999368
1814 -2.959999999999928
1815 -2.6899999999999338
1816 -2.5849999999999365
1817 -2.5999999999999357
1818 -2.529999999999937
1819 -2.5749999999999362
1820 -2.669999999999934
1821 -2.6099999999999355
1822 -2.634999999999936
1823 -2.5649999999999364
1824 -0.08499999999991556
1825 -2.6149999999999354
1826 -2.6199999999999353
1827 -2.6199999999999353
1828 -2.5899999999999364
1829 -2.5999999999999357
1830 -2.669999999999937
1831 -2.6099999999999355
1832 -2.584999999999936
1833 -2.6649999999999343
1834 -2.679999999999934
1835 -2.6149999999999354
1836 -2.6199999999999353
1837 -2.8199999999999354
1838 -2.494999999999938
1839 -2.999999999999927
1840 -2.589999999999936
1841 -2.869999999999935
1842 -2.594999999999936
1843 -2.7149999999999346
1844 -2.6549999999999345
1845 -2.7299999999999343
1846 -2.6549999999999345
1847 -0.07499999999991555
1848 -2.5999999999999357
1849 -2.5499999999999368
1850 -2.6699999999999346
1851 -2.609999999999936
1852 -2.719999999999933
1853 -2.679999999999934
1854 -2.6599999999999344
1855 -2.594999999999936
1856 -2.6599999999999344
1857 -0.1249999999999156
1858 -2.769999999999935
1859 -2.5549999999999367
1860 -2.6049999999999356
1861 -2.594999999999936
1862 -2.6199999999999353
1863 -2.5749999999999362
1864 2.4450000000001078
1865 -2.4749999999999384
1866 -2.624999999999935
1867 -2.5249999999999373
1868 -2.6149999999999354
1869 -0.06999999999991555
1870 0.010000000000084445
1871 -2.724999999999933
1872 -2.9899999999999274
1873 2.485000000000107
1874 -2.7149999999999332
1875 -2.6149999999999354
1876 -2.6049999999999356
1877 -2.5149999999999375
1878 -2.5499999999999368
1879 -2.5199999999999374
1880 -2.5749999999999367
1881 -2.5999999999999357
1882 -2.6599999999999344
1883 -2.5199999999999374
1884 -2.7099999999999334
1885 -0.11499999999991559
1886 -2.5749999999999362
1887 -2.5599999999999365
1888 -0.02499999999991556
1889 -2.5649999999999364
1890 -2.639999999999935
1891 -2.6499999999999346
1892 -2.5249999999999373
1893 -2.6149999999999354
1894 -2.529999999999937
1895 -2.534999999999937
1896 -2.5649999999999364
1897 -2.5549999999999367
1898 -2.5099999999999376
1899 -2.604999999999936
1900 -2.539999999999937
1901 -2.539999999999937
1902 -0.11999999999991581
1903 -2.6049999999999356
1904 -2.594999999999936
1905 -2.624999999999935
1906 -2.6049999999999356
1907 -2.5999999999999357
1908 -2.629999999999935
1909 -2.6099999999999355
1910 -2.634999999999935
1911 -2.719999999999933
1912 -2.6649999999999343
1913 -2.5649999999999364
1914 -2.5499999999999368
1915 -2.539999999999937
1916 -2.5149999999999375
1917 -2.534999999999937
1918 -2.689999999999934
1919 -2.5649999999999364
1920 -2.544999999999937
1921 -0.1249999999999156
1922 -3.0399999999999263
1923 -2.534999999999937
1924 -0.4049999999999176
1925 -2.8699999999999344
1926 -2.624999999999935
1927 -2.604999999999936
1928 -2.594999999999936
1929 -2.579999999999936
1930 -2.6449999999999347
1931 -2.534999999999937
1932 -2.744999999999934
1933 -2.5499999999999368
1934 -0.05499999999991555
1935 -2.544999999999937
1936 -2.5599999999999365
1937 -2.579999999999936
1938 -2.579999999999936
1939 -2.584999999999936
1940 -2.6549999999999345
1941 -2.579999999999936
1942 -2.6099999999999355
1943 -2.544999999999937
1944 -2.5149999999999375
1945 -2.589999999999936
1946 -2.579999999999937
1947 -2.584999999999936
1948 -2.6599999999999344
1949 -2.5949999999999362
1950 2.4050000000001086
1951 -0.09499999999991557
1952 -2.589999999999936
1953 -2.5549999999999367
1954 -2.5099999999999376
1955 -2.6449999999999347
1956 -2.6549999999999345
1957 -2.669999999999934
1958 -2.584999999999936
1959 -2.559999999999937
1960 -2.5999999999999357
1961 -2.589999999999936
1962 -2.629999999999935
1963 -2.599999999999936
1964 -2.5549999999999367
1965 -2.5949999999999362
1966 -2.639999999999935
1967 2.35000000000011
1968 -2.6149999999999354
1969 -2.6149999999999354
1970 -2.6149999999999354
1971 -2.6199999999999357
1972 -2.6099999999999355
1973 -2.5549999999999367
1974 -2.6599999999999344
1975 -2.624999999999935
1976 -2.5549999999999367
1977 -2.584999999999936
1978 -2.634999999999935
1979 -2.834999999999932
1980 -2.9449999999999323
1981 -2.6899999999999347
1982 -2.5649999999999364
1983 4.969999999999762
1984 -2.6499999999999346
1985 -2.6149999999999354
1986 -2.5499999999999368
1987 -2.649999999999935
1988 -2.594999999999936
1989 -2.6099999999999355
1990 -2.599999999999936
1991 -2.674999999999934
1992 -2.8149999999999338
1993 -2.5749999999999362
1994 -2.619999999999936
1995 -2.544999999999937
1996 -2.629999999999935
1997 -0.11499999999991559
1998 -2.6099999999999355
1999 -2.584999999999936
5123.309930324554
