0 -7.069999999999882
1 -6.529999999999891
2 -3.204999999999903
3 -3.954999999999892
4 -6.644999999999889
5 -7.154999999999881
6 -3.664999999999897
7 -3.709999999999897
8 -6.224999999999896
9 -6.734999999999887
10 -3.104999999999905
11 -2.5449999999999116
12 -5.614999999999905
13 -5.534999999999906
14 -5.40499999999991
15 -5.394999999999908
16 -2.9149999999999077
17 -5.154999999999912
18 -5.354999999999909
19 -3.179999999999903
20 -4.63999999999992
21 -4.209999999999923
22 -4.8499999999999135
23 -4.124999999999923
24 -4.184999999999923
25 -4.619999999999917
26 -4.339999999999919
27 -4.914999999999914
28 -4.719999999999916
29 -3.9399999999999262
30 -3.799999999999927
31 -4.3199999999999195
32 -3.34999999999993
33 -4.604999999999918
34 -4.039999999999925
35 -3.2299999999999316
36 -4.869999999999916
37 -0.9149999999999209
38 -1.8449999999999211
39 -4.339999999999924
40 -3.60999999999993
41 -2.914999999999935
42 -0.599999999999919
43 -1.8399999999999204
44 -4.159999999999923
45 -2.364999999999913
46 -0.7099999999999209
47 -2.954999999999934
48 -0.5249999999999199
49 -3.814999999999927
50 -2.664999999999936
51 -1.2149999999999197
52 -2.8449999999999354
53 -1.0449999999999213
54 -2.914999999999935
55 -4.379999999999919
56 -3.6699999999999267
57 -2.7699999999999347
58 2.010000000000117
59 -3.059999999999933
60 -2.759999999999935
61 -2.759999999999934
62 -3.1149999999999327
63 -1.48499999999992
64 -2.824999999999934
65 -0.09999999999991602
66 -3.104999999999932
67 -1.2449999999999193
68 -3.2399999999999336
69 -2.7349999999999364
70 -2.6899999999999364
71 -2.764999999999935
72 -2.6449999999999356
73 -2.7199999999999345
74 1.405000000000126
75 -3.7599999999999256
76 -2.8049999999999344
77 -3.634999999999928
78 -2.9949999999999317
79 -4.489999999999918
80 -0.7649999999999205
81 -2.7099999999999347
82 -2.6799999999999358
83 -0.6349999999999202
84 -0.1949999999999161
85 -2.6899999999999347
86 -0.1549999999999165
87 -2.994999999999935
88 -0.9749999999999232
89 -4.094999999999926
90 -2.754999999999935
91 -2.689999999999936
92 -3.7149999999999284
93 -0.1199999999999158
94 -3.424999999999929
95 -2.724999999999935
96 -2.7149999999999337
97 -0.19999999999991633
98 -2.7599999999999345
99 -0.3749999999999178
100 -4.42999999999992
101 -4.154999999999922
102 -2.8149999999999333
103 -2.6249999999999356
104 -0.46499999999991964
105 -2.644999999999936
106 -2.724999999999934
107 -4.289999999999924
108 -4.049999999999925
109 -2.6249999999999356
110 -0.10999999999991558
111 -3.009999999999933
112 -2.6199999999999353
113 -2.964999999999935
114 -2.589999999999936
115 -1.2799999999999219
116 -0.1899999999999172
117 -2.689999999999934
118 -2.7549999999999337
119 -0.12999999999991602
120 2.1850000000001133
121 -2.7999999999999345
122 -2.799999999999935
123 -0.20499999999991586
124 -2.9949999999999335
125 -0.2649999999999177
126 -2.6799999999999353
127 -0.21999999999991635
128 -4.424999999999922
129 -2.6549999999999354
130 -3.1649999999999308
131 -2.914999999999934
132 -3.664999999999929
133 -2.649999999999936
134 -2.7399999999999336
135 -2.614999999999936
136 -2.7349999999999337
137 -2.714999999999934
138 2.2250000000001124
139 -2.659999999999935
140 -2.6099999999999373
141 -1.7499999999999216
142 -0.5149999999999199
143 1.3650000000001254
144 -2.584999999999936
145 -3.499999999999928
146 -4.184999999999924
147 -3.624999999999928
148 -2.6549999999999363
149 -0.4799999999999181
150 -2.6149999999999354
151 -0.36999999999991845
152 -2.589999999999937
153 -4.0999999999999215
154 -2.589999999999936
155 -0.16999999999991564
156 -2.684999999999938
157 -2.7149999999999346
158 -2.7299999999999334
159 -0.2249999999999159
160 -2.6849999999999343
161 -2.8249999999999336
162 -0.13499999999991646
163 -2.8399999999999337
164 -2.639999999999935
165 -4.074999999999925
166 -0.7499999999999203
167 -3.2149999999999324
168 -2.7299999999999334
169 -3.1049999999999325
170 -2.699999999999934
171 -2.504999999999938
172 -2.674999999999934
173 -4.174999999999924
174 -3.5099999999999283
175 -3.929999999999924
176 -2.604999999999936
177 2.2200000000001125
178 4.654999999999845
179 2.060000000000116
180 -2.619999999999936
181 -0.16999999999991608
182 -0.19999999999991722
183 -2.8899999999999344
184 -2.744999999999934
185 -2.6899999999999347
186 -0.6999999999999204
187 -0.7749999999999215
188 4.674999999999821
189 -2.634999999999935
190 -0.2749999999999168
191 -0.2599999999999168
192 -0.4649999999999182
193 -3.9399999999999276
194 -2.614999999999936
195 -3.244999999999932
196 -0.09999999999991602
197 -0.1199999999999158
198 -0.17499999999991653
199 -3.634999999999929
200 -3.879999999999927
201 -3.099999999999934
202 -2.5799999999999366
203 -2.744999999999936
204 -3.3649999999999283
205 -2.6599999999999344
206 -2.8949999999999316
207 -2.6049999999999374
208 -0.6099999999999207
209 -0.15499999999991562
210 -0.5549999999999192
211 -2.854999999999934
212 -2.5749999999999362
213 -3.4199999999999307
214 -2.6799999999999344
215 -2.744999999999934
216 -0.9449999999999222
217 -0.2449999999999157
218 -3.5399999999999303
219 -2.6499999999999355
220 -2.594999999999936
221 -0.1399999999999156
222 -1.7399999999999196
223 -3.19999999999993
224 -2.6599999999999353
225 -3.1349999999999323
226 -2.604999999999936
227 -3.0799999999999317
228 -2.634999999999935
229 -2.604999999999936
230 -0.0999999999999158
231 -2.5699999999999363
232 -3.159999999999932
233 -2.6049999999999356
234 -0.17999999999991587
235 -2.8549999999999325
236 -3.634999999999929
237 -3.0799999999999335
238 -3.25999999999993
239 -2.6399999999999357
240 2.3550000000001097
241 -2.584999999999936
242 -2.6649999999999356
243 -2.549999999999937
244 -1.619999999999918
245 -2.7999999999999337
246 -2.724999999999934
247 -0.10999999999991558
248 -2.594999999999936
249 2.1850000000001133
250 2.285000000000111
251 -0.12499999999991626
252 -2.5249999999999377
253 -1.0899999999999226
254 -2.5449999999999373
255 2.34000000000011
256 -2.669999999999935
257 9.249999999999334
258 -2.7149999999999355
259 -2.744999999999934
260 -2.6899999999999338
261 -0.30999999999991773
262 -3.834999999999927
263 -3.154999999999934
264 -3.3249999999999296
265 -0.7249999999999196
266 -0.15999999999991585
267 -2.689999999999935
268 -2.734999999999934
269 -2.5599999999999365
270 -2.6849999999999343
271 -0.1449999999999156
272 -2.869999999999932
273 -0.1949999999999161
274 -2.769999999999934
275 -0.2099999999999161
276 -2.6649999999999348
277 -2.614999999999936
278 -2.6949999999999337
279 -2.5949999999999362
280 -2.6149999999999354
281 -2.5949999999999362
282 -3.059999999999932
283 -3.0449999999999333
284 -3.0749999999999322
285 -2.634999999999935
286 -0.12999999999991602
287 1.4250000000001264
288 -2.6099999999999355
289 -2.5699999999999363
290 -0.21499999999991612
291 -2.614999999999936
292 -2.5699999999999363
293 -0.2349999999999159
294 -3.0049999999999324
295 -0.469999999999917
296 -0.5699999999999177
297 -0.41999999999991694
298 -2.674999999999935
299 4.764999999999832
300 -2.644999999999935
301 -2.674999999999934
302 -2.654999999999935
303 -0.8899999999999225
304 -3.3299999999999317
305 -3.2599999999999314
306 -2.6099999999999355
307 -3.9649999999999257
308 -2.6799999999999344
309 -0.5949999999999188
310 -0.2849999999999164
311 -0.4299999999999167
312 -0.13999999999991583
313 -2.6599999999999357
314 -2.624999999999935
315 -2.6099999999999355
316 -2.5999999999999357
317 -1.5749999999999194
318 -0.4499999999999185
319 -0.06999999999991555
320 -2.6099999999999355
321 -2.929999999999935
322 -2.554999999999937
323 -2.639999999999935
324 -2.5499999999999368
325 -2.724999999999934
326 -2.674999999999934
327 -2.5449999999999373
328 -3.7449999999999273
329 -2.589999999999936
330 -2.669999999999936
331 -2.6349999999999354
332 -2.6049999999999356
333 -0.17499999999991564
334 -2.5799999999999366
335 -2.584999999999936
336 -2.6449999999999347
337 -2.5649999999999364
338 -2.609999999999936
339 -4.069999999999924
340 -0.09499999999991557
341 -2.624999999999935
342 -2.6199999999999357
343 -2.514999999999938
344 -2.6599999999999344
345 -2.6649999999999348
346 -2.754999999999934
347 2.2650000000001116
348 -0.08499999999991578
349 -3.2649999999999335
350 -2.579999999999936
351 -2.7349999999999333
352 -2.734999999999934
353 -2.6449999999999347
354 -2.594999999999936
355 2.3550000000001097
356 -0.14999999999991562
357 2.3150000000001105
358 -2.6649999999999343
359 -2.644999999999935
360 -0.19499999999991566
361 -2.5199999999999374
362 4.909999999999784
363 -2.6499999999999346
364 -0.4149999999999174
365 -2.9049999999999336
366 -2.654999999999935
367 -2.7449999999999353
368 -2.5549999999999367
369 -0.2049999999999163
370 -2.624999999999935
371 -0.14999999999991562
372 -0.07499999999991623
373 2.390000000000109
374 -2.564999999999937
375 -3.184999999999932
376 -1.1949999999999212
377 -2.5999999999999357
378 -2.9099999999999344
379 2.34000000000011
380 2.150000000000114
381 -3.9499999999999256
382 2.2750000000001114
383 -2.5599999999999365
384 -3.494999999999931
385 -2.589999999999936
386 -2.564999999999937
387 -2.644999999999935
388 -3.5399999999999276
389 -2.6799999999999344
390 -3.3799999999999306
391 -3.3899999999999317
392 -0.17499999999991564
393 -2.6599999999999344
394 -2.9099999999999335
395 -2.594999999999936
396 -0.15999999999991563
397 -2.6849999999999343
398 -2.6999999999999353
399 -0.20999999999991567
400 -2.6099999999999355
401 -2.6549999999999345
402 -2.499999999999938
403 -3.709999999999926
404 -2.5699999999999363
405 -3.669999999999929
406 -0.5649999999999195
407 -2.614999999999936
408 -2.564999999999937
409 -3.5949999999999283
410 -2.989999999999933
411 -2.6049999999999356
412 1.8750000000001195
413 -0.22999999999991677
414 -0.3749999999999178
415 -2.624999999999935
416 -2.5999999999999357
417 -2.549999999999937
418 -2.614999999999936
419 -2.764999999999933
420 -2.699999999999934
421 -0.17499999999991586
422 -2.5899999999999364
423 -2.6249999999999356
424 -1.4199999999999218
425 -2.5499999999999368
426 -2.679999999999935
427 -0.17499999999991564
428 -0.18499999999991631
429 -0.27999999999991704
430 -3.084999999999931
431 -0.1099999999999158
432 -3.0549999999999313
433 -2.7899999999999334
434 -2.604999999999936
435 -0.20499999999991786
436 -2.5749999999999367
437 -2.6299999999999355
438 -3.189999999999929
439 -3.694999999999928
440 -2.6049999999999356
441 -2.6099999999999355
442 -2.6749999999999354
443 2.2700000000001115
444 -2.8249999999999336
445 -2.5599999999999365
446 -2.629999999999935
447 -2.9249999999999323
448 -2.7649999999999344
449 -2.6199999999999353
450 1.6950000000001229
451 -2.6849999999999348
452 -2.674999999999934
453 -2.6249999999999356
454 -3.7899999999999268
455 -2.7499999999999347
456 -2.6199999999999353
457 -2.6149999999999354
458 -1.2299999999999218
459 -0.1249999999999156
460 -0.3549999999999171
461 -2.5549999999999367
462 -2.5849999999999365
463 -1.3299999999999212
464 -2.879999999999931
465 -3.1899999999999307
466 -2.5149999999999375
467 -2.6199999999999353
468 -2.584999999999936
469 -2.6599999999999344
470 -2.709999999999934
471 2.145000000000114
472 -2.5099999999999376
473 -2.6099999999999355
474 -0.13999999999991583
475 -2.794999999999933
476 -2.6799999999999353
477 -2.724999999999935
478 -2.5949999999999362
479 -2.6099999999999355
480 -2.5749999999999362
481 -2.7349999999999333
482 -3.2749999999999297
483 -2.5899999999999364
484 -2.5749999999999362
485 -1.1849999999999195
486 -2.7299999999999334
487 -2.544999999999937
488 -2.5599999999999365
489 -1.2949999999999222
490 -2.6349999999999354
491 -3.4899999999999296
492 -0.17499999999991608
493 -2.594999999999936
494 -0.32499999999991686
495 -2.5999999999999357
496 -2.5349999999999375
497 -0.12999999999991582
498 -2.6199999999999353
499 -0.02499999999991556
500 -2.629999999999935
501 -2.544999999999937
502 -0.07499999999991555
503 -2.614999999999936
504 -0.2949999999999164
505 -2.6949999999999337
506 -2.6049999999999356
507 -3.5499999999999305
508 -2.6549999999999345
509 4.874999999999771
510 -2.774999999999935
511 -3.63999999999993
512 -3.6999999999999287
513 -2.6899999999999338
514 -2.579999999999936
515 -0.12499999999991582
516 -3.2749999999999306
517 -0.18499999999991565
518 -2.544999999999937
519 -2.5599999999999365
520 -2.5549999999999367
521 -2.6149999999999354
522 -2.6649999999999348
523 -2.6049999999999356
524 -2.564999999999937
525 -2.539999999999937
526 -2.6149999999999354
527 -1.3799999999999188
528 -2.5599999999999365
529 -0.3999999999999176
530 -2.644999999999935
531 -2.5499999999999368
532 2.3600000000001096
533 -2.8799999999999324
534 -0.10499999999991558
535 -2.5099999999999376
536 -2.954999999999933
537 -2.569999999999937
538 -2.6099999999999355
539 -2.5999999999999357
540 -2.7549999999999346
541 -2.6199999999999353
542 -2.5999999999999357
543 -0.05499999999991555
544 1.8750000000001192
545 -2.569999999999937
546 -2.6749999999999345
547 -3.42499999999993
548 4.914999999999811
549 -2.6899999999999338
550 -2.5899999999999364
551 -2.624999999999936
552 -0.05499999999991555
553 -2.999999999999934
554 -2.6049999999999356
555 -0.17999999999991562
556 -2.6149999999999354
557 -2.8049999999999344
558 -2.539999999999937
559 -0.06999999999991555
560 -2.589999999999936
561 -0.18999999999991649
562 -2.529999999999937
563 -3.084999999999931
564 -0.09999999999991602
565 -2.8049999999999335
566 -2.584999999999936
567 -2.6099999999999355
568 -2.5849999999999365
569 -2.6349999999999354
570 -0.14999999999991562
571 -2.8899999999999326
572 -2.5899999999999364
573 -2.629999999999935
574 -2.634999999999935
575 -0.25999999999991613
576 -2.8949999999999334
577 -3.8449999999999256
578 -2.5699999999999363
579 -2.6549999999999345
580 -3.029999999999933
581 -2.9899999999999314
582 -0.15499999999991562
583 -0.09999999999991602
584 -2.584999999999936
585 -0.9449999999999218
586 -2.604999999999936
587 -2.6749999999999345
588 -2.674999999999935
589 -0.20499999999991567
590 -2.6549999999999345
591 2.245000000000112
592 -2.589999999999936
593 -2.5999999999999357
594 -0.084999999999916
595 -0.34999999999991754
596 -3.1199999999999313
597 -0.1349999999999156
598 -0.08999999999991556
599 -2.739999999999933
600 -3.6549999999999296
601 -2.559999999999937
602 -2.8649999999999323
603 -2.514999999999938
604 -0.13999999999991583
605 -3.259999999999931
606 -3.579999999999929
607 -3.7499999999999276
608 -2.679999999999934
609 -0.15499999999991584
610 -0.11999999999991559
611 -2.669999999999934
612 -0.1299999999999156
613 -0.18499999999991565
614 -2.579999999999936
615 -3.1199999999999335
616 -0.26499999999991636
617 -3.589999999999929
618 -2.5249999999999373
619 -2.6049999999999356
620 -2.6099999999999355
621 -2.6449999999999347
622 -0.14999999999991584
623 -0.17499999999991564
624 -0.10999999999991557
625 -2.5249999999999373
626 -2.6049999999999356
627 -2.6499999999999346
628 -0.06499999999991554
629 -2.6149999999999354
630 -2.534999999999937
631 -2.6599999999999344
632 -2.9749999999999317
633 -3.014999999999935
634 -2.5049999999999377
635 -2.634999999999935
636 -0.15499999999991607
637 -2.5599999999999365
638 -2.534999999999937
639 -2.664999999999936
640 -0.07999999999991578
641 -2.7499999999999334
642 2.3650000000001095
643 -2.6049999999999356
644 -0.18499999999991565
645 -2.5749999999999367
646 -0.28999999999991616
647 -2.819999999999933
648 -2.674999999999934
649 -2.6199999999999357
650 -2.584999999999936
651 -2.5649999999999364
652 -0.13499999999991583
653 -0.16499999999991563
654 -2.6149999999999354
655 -2.564999999999937
656 -2.6149999999999354
657 -0.18999999999991588
658 2.155000000000114
659 -2.634999999999935
660 -0.16999999999991564
661 -2.609999999999936
662 -2.6099999999999355
663 -2.579999999999936
664 -2.674999999999936
665 -2.6049999999999356
666 -2.499999999999938
667 -2.684999999999934
668 -2.569999999999937
669 -2.539999999999937
670 -2.574999999999937
671 1.1450000000001292
672 1.9250000000001184
673 -3.5049999999999293
674 -2.5499999999999368
675 -0.059999999999915545
676 -2.5549999999999367
677 -3.1649999999999316
678 -0.09499999999991557
679 -2.6849999999999357
680 -2.629999999999935
681 -2.584999999999936
682 -2.544999999999937
683 2.385000000000109
684 -2.6299999999999355
685 -2.784999999999934
686 -2.7849999999999344
687 -3.559999999999931
688 2.3150000000001105
689 -2.6399999999999353
690 -0.16499999999991563
691 -3.3499999999999313
692 -0.3949999999999187
693 -2.799999999999935
694 -0.12499999999991604
695 -2.5599999999999365
696 -2.584999999999936
697 -0.18999999999991565
698 -2.7749999999999324
699 -0.15999999999991563
700 -2.6049999999999356
701 -2.784999999999936
702 -2.5099999999999376
703 -2.579999999999936
704 -2.484999999999938
705 -2.5699999999999363
706 -0.20499999999991567
707 -2.594999999999936
708 -2.6599999999999344
709 -2.749999999999936
710 -3.274999999999933
711 -2.594999999999936
712 -2.7799999999999323
713 -2.6549999999999345
714 -2.7099999999999347
715 -2.504999999999938
716 -0.08999999999991556
717 -2.9149999999999325
718 -2.699999999999936
719 -2.6199999999999353
720 -2.589999999999936
721 -2.6099999999999355
722 -2.629999999999935
723 -3.6749999999999288
724 -0.5149999999999183
725 2.4000000000001087
726 -2.589999999999936
727 -2.5199999999999374
728 -3.3099999999999303
729 -2.6049999999999356
730 -2.5699999999999363
731 -2.654999999999935
732 -0.04499999999991555
733 -2.614999999999936
734 -2.5649999999999364
735 -2.534999999999937
736 -2.6599999999999344
737 -3.1999999999999327
738 -2.804999999999934
739 -2.639999999999937
740 -0.8649999999999226
741 -2.594999999999936
742 -2.6249999999999356
743 -2.599999999999936
744 -2.564999999999937
745 -2.634999999999935
746 -2.6549999999999345
747 -0.13499999999991671
748 -0.04499999999991555
749 -2.5599999999999365
750 -0.11999999999991581
751 -2.669999999999934
752 -2.774999999999933
753 -2.569999999999937
754 -2.6999999999999336
755 -2.6599999999999344
756 -2.5099999999999376
757 -2.6049999999999356
758 -0.29499999999991816
759 -2.5149999999999375
760 -2.6149999999999354
761 -2.489999999999938
762 -2.7649999999999335
763 -2.594999999999936
764 -1.0049999999999237
765 -2.6199999999999357
766 -2.624999999999936
767 -2.6799999999999344
768 -0.11499999999991625
769 -2.6349999999999354
770 -2.5749999999999362
771 2.385000000000109
772 -2.9099999999999335
773 -2.6299999999999355
774 -2.6199999999999353
775 -2.6199999999999353
776 -2.6549999999999345
777 -2.6099999999999355
778 -2.5749999999999367
779 -2.629999999999935
780 -2.579999999999936
781 -2.894999999999933
782 -2.6049999999999356
783 -0.9749999999999226
784 -2.544999999999937
785 -2.6299999999999355
786 -2.539999999999937
787 -2.5599999999999365
788 -2.944999999999934
789 -2.7499999999999325
790 -0.10499999999991558
791 -0.06999999999991555
792 -3.4199999999999298
793 -2.7099999999999342
794 -2.5499999999999368
795 -3.0099999999999327
796 -0.16999999999991564
797 -2.544999999999937
798 -2.614999999999936
799 -2.764999999999934
800 -2.5949999999999362
801 -2.9749999999999317
802 2.3050000000001107
803 -0.11499999999991559
804 -2.654999999999935
805 -2.589999999999936
806 -0.1399999999999156
807 -2.6199999999999353
808 -0.1299999999999156
809 -2.6099999999999355
810 -2.634999999999935
811 -0.21999999999991612
812 -2.754999999999934
813 -2.5999999999999357
814 -3.264999999999931
815 -2.584999999999936
816 -0.06999999999991555
817 -0.40499999999991737
818 -0.09499999999991557
819 -2.5549999999999367
820 -2.544999999999937
821 -2.5999999999999357
822 -2.6199999999999353
823 -0.07499999999991577
824 -2.594999999999936
825 -2.564999999999937
826 -2.684999999999935
827 -2.5899999999999364
828 -0.9449999999999211
829 -0.0049999999999155555
830 -2.5749999999999362
831 -2.769999999999934
832 2.3600000000001096
833 -2.6199999999999353
834 -2.629999999999935
835 -0.19999999999991566
836 -2.6449999999999347
837 -2.594999999999936
838 -2.5149999999999375
839 -0.21999999999991565
840 -0.27499999999991603
841 -0.07999999999991578
842 -2.5949999999999362
843 -2.674999999999934
844 2.290000000000111
845 -0.1299999999999156
846 2.33500000000011
847 -2.584999999999936
848 -2.674999999999934
849 -2.599999999999936
850 2.2200000000001125
851 -2.589999999999936
852 -2.5549999999999367
853 -2.5699999999999363
854 -2.6049999999999356
855 -2.8899999999999335
856 -2.554999999999937
857 -2.579999999999936
858 -0.33499999999991664
859 -2.594999999999936
860 -0.10999999999991558
861 -0.10499999999991558
862 -2.6599999999999344
863 -2.6049999999999356
864 -2.639999999999935
865 2.3150000000001105
866 2.34500000000011
867 -2.5749999999999362
868 -0.07999999999991556
869 -0.17999999999991564
870 -2.7049999999999343
871 -2.559999999999937
872 -2.589999999999936
873 -2.5999999999999357
874 -0.3149999999999166
875 -0.22499999999991657
876 -0.15499999999991562
877 -2.639999999999935
878 -2.584999999999936
879 -0.19999999999991674
880 -0.22499999999991613
881 -0.09499999999991557
882 -0.17499999999991583
883 -2.694999999999935
884 -0.19999999999991566
885 -2.6999999999999336
886 -2.6499999999999346
887 -2.5549999999999367
888 -2.944999999999934
889 -2.5599999999999365
890 2.0900000000001153
891 -2.5699999999999363
892 -2.594999999999936
893 -2.5599999999999365
894 -2.5699999999999363
895 -2.579999999999936
896 -2.579999999999936
897 -2.6199999999999357
898 -2.629999999999935
899 -2.624999999999935
900 -2.709999999999935
901 -2.684999999999934
902 -3.0199999999999334
903 -2.544999999999937
904 -2.6049999999999356
905 -0.239999999999917
906 -2.6049999999999356
907 -2.8799999999999346
908 -2.5749999999999362
909 2.34000000000011
910 -2.5199999999999374
911 -0.19999999999991566
912 -2.9149999999999334
913 -3.044999999999934
914 1.8000000000001204
915 -2.5249999999999377
916 -0.1399999999999156
917 4.884999999999787
918 -2.624999999999935
919 -2.5749999999999362
920 -2.539999999999937
921 -2.6499999999999346
922 2.3250000000001103
923 -2.659999999999935
924 -2.5699999999999363
925 -0.2599999999999157
926 -2.624999999999935
927 -2.6099999999999355
928 -2.699999999999934
929 -2.5549999999999367
930 -2.5599999999999365
931 -2.539999999999937
932 -2.559999999999937
933 -2.854999999999936
934 -0.02999999999991556
935 -2.584999999999936
936 -2.769999999999932
937 -2.6099999999999355
938 -2.7999999999999328
939 -2.5049999999999377
940 -2.699999999999935
941 -0.07999999999991556
942 -2.584999999999936
943 -2.5549999999999367
944 -3.584999999999929
945 -2.5549999999999367
946 -0.10999999999991558
947 -2.6149999999999354
948 -0.19999999999991566
949 -0.09499999999991557
950 -2.654999999999935
951 4.824999999999804
952 -3.1349999999999336
953 -2.489999999999938
954 2.3200000000001104
955 -3.5999999999999317
956 -0.24999999999991612
957 -2.6699999999999346
958 -2.724999999999934
959 -2.5249999999999373
960 -3.0549999999999344
961 -2.534999999999937
962 -3.4599999999999302
963 -2.5649999999999364
964 -2.5999999999999357
965 -0.07999999999991556
966 7.284999999999362
967 -0.16999999999991564
968 -2.5899999999999364
969 -0.11999999999991559
970 -2.6349999999999354
971 -2.699999999999935
972 -0.1299999999999156
973 -2.5149999999999375
974 -0.1449999999999156
975 -2.624999999999935
976 -2.5099999999999376
977 -0.13999999999991583
978 -2.594999999999936
979 -2.594999999999936
980 -2.5549999999999367
981 -2.6149999999999354
982 -2.5499999999999368
983 -2.7199999999999345
984 -2.6649999999999343
985 -2.6999999999999336
986 -2.9349999999999326
987 -2.554999999999937
988 -0.14499999999991584
989 -2.6849999999999348
990 -0.39499999999991847
991 -2.544999999999937
992 -2.6099999999999355
993 -0.17499999999991564
994 -2.544999999999937
995 -2.6999999999999336
996 -2.5899999999999364
997 2.2100000000001128
998 -0.1299999999999156
999 -2.589999999999936
1000 -0.2449999999999157
1001 -2.649999999999935
1002 -2.5199999999999374
1003 -0.07999999999991578
1004 2.3200000000001104
1005 -2.734999999999934
1006 -2.6199999999999353
1007 -2.619999999999936
1008 -2.559999999999937
1009 -3.054999999999932
1010 -0.04499999999991555
1011 -2.594999999999936
1012 -2.7899999999999343
1013 -2.8749999999999334
1014 -0.1249999999999156
1015 -2.6249999999999356
1016 -2.5899999999999364
1017 -0.17999999999991564
1018 -2.5649999999999364
1019 -2.604999999999936
1020 -2.764999999999934
1021 -2.6349999999999354
1022 -0.08499999999991556
1023 -2.6049999999999356
1024 -2.994999999999933
1025 -0.10999999999991558
1026 2.2300000000001123
1027 -0.15999999999991563
1028 -2.679999999999935
1029 -0.10499999999991602
1030 -0.1449999999999156
1031 -0.1249999999999156
1032 -2.704999999999934
1033 -3.144999999999933
1034 -2.6949999999999346
1035 -0.07999999999991556
1036 -0.1449999999999156
1037 -2.6099999999999355
1038 -2.5999999999999357
1039 -2.6049999999999356
1040 -2.534999999999937
1041 -0.16499999999991563
1042 -2.6799999999999353
1043 -2.6499999999999346
1044 -0.16499999999991563
1045 -0.33999999999991776
1046 -2.589999999999936
1047 -2.4749999999999384
1048 -3.509999999999929
1049 -2.579999999999936
1050 -2.729999999999933
1051 -0.4049999999999185
1052 -2.584999999999936
1053 -2.9099999999999335
1054 -2.634999999999935
1055 -2.5699999999999363
1056 -0.2049999999999159
1057 -0.4849999999999189
1058 -2.6099999999999355
1059 -2.5449999999999373
1060 2.2750000000001114
1061 -0.14999999999991606
1062 -2.634999999999935
1063 -2.6599999999999353
1064 -2.579999999999936
1065 -2.5749999999999362
1066 -3.4649999999999297
1067 -2.5699999999999363
1068 -0.11999999999991559
1069 -0.09499999999991557
1070 -2.5999999999999357
1071 -2.6099999999999355
1072 -2.584999999999936
1073 -2.639999999999935
1074 -2.6899999999999356
1075 -2.5749999999999362
1076 -2.5499999999999368
1077 -0.06499999999991576
1078 -0.30999999999991706
1079 -2.8549999999999343
1080 -2.5949999999999362
1081 2.3550000000001097
1082 -3.1049999999999303
1083 2.300000000000111
1084 -2.6049999999999356
1085 -2.704999999999934
1086 -2.5649999999999364
1087 -2.489999999999938
1088 -2.6099999999999355
1089 -2.5699999999999363
1090 -2.6449999999999347
1091 -0.04499999999991555
1092 -2.594999999999936
1093 -2.594999999999936
1094 -2.6599999999999344
1095 -2.594999999999936
1096 -2.6649999999999343
1097 -2.629999999999935
1098 -2.709999999999934
1099 -2.6649999999999343
1100 -0.1399999999999156
1101 -3.0649999999999324
1102 2.3600000000001096
1103 -2.649999999999935
1104 -0.8549999999999202
1105 -2.819999999999932
1106 -2.6549999999999345
1107 -2.9049999999999345
1108 -2.694999999999934
1109 -2.9149999999999325
1110 -2.6049999999999356
1111 2.295000000000111
1112 -2.5849999999999365
1113 -2.6649999999999343
1114 -2.634999999999935
1115 -2.5999999999999357
1116 -2.6499999999999346
1117 -2.5999999999999357
1118 -2.6499999999999346
1119 -2.584999999999936
1120 -2.534999999999937
1121 -2.629999999999935
1122 -2.679999999999934
1123 -2.6099999999999355
1124 -2.7249999999999344
1125 -2.9249999999999314
1126 -2.714999999999934
1127 2.060000000000116
1128 -0.10499999999991558
1129 -2.6649999999999343
1130 -0.15999999999991563
1131 -0.15999999999991563
1132 1.9950000000001173
1133 -2.634999999999935
1134 -0.16499999999991563
1135 -0.04499999999991555
1136 -2.639999999999935
1137 -2.589999999999936
1138 -0.04499999999991555
1139 -0.13499999999991583
1140 -2.5649999999999364
1141 -0.07999999999991556
1142 -2.6749999999999363
1143 -2.659999999999935
1144 -0.08499999999991556
1145 -2.5499999999999368
1146 -2.6099999999999355
1147 -0.07499999999991577
1148 -2.6199999999999353
1149 -2.7949999999999324
1150 -2.6149999999999354
1151 -2.5699999999999363
1152 -2.579999999999936
1153 -2.6199999999999353
1154 -2.5549999999999367
1155 -2.629999999999935
1156 -0.07499999999991555
1157 -2.579999999999936
1158 -2.669999999999934
1159 -2.529999999999937
1160 -0.12499999999991582
1161 -2.6349999999999354
1162 -2.6149999999999354
1163 -0.5899999999999181
1164 -2.6149999999999354
1165 -0.539999999999919
1166 -3.5199999999999267
1167 -0.16499999999991563
1168 -2.5549999999999367
1169 -2.6049999999999356
1170 -0.11999999999991559
1171 -2.634999999999935
1172 -2.5499999999999368
1173 -0.1299999999999156
1174 -2.594999999999936
1175 -2.764999999999935
1176 -3.5199999999999276
1177 -0.1449999999999156
1178 -0.1349999999999156
1179 -2.9949999999999335
1180 -0.15999999999991585
1181 -0.11999999999991559
1182 -0.1449999999999156
1183 -2.5999999999999357
1184 4.814999999999818
1185 -3.484999999999932
1186 -2.6049999999999356
1187 -2.579999999999936
1188 -2.6149999999999354
1189 -2.579999999999936
1190 -2.6199999999999353
1191 -2.584999999999936
1192 -0.12499999999991582
1193 -2.6149999999999354
1194 -2.5999999999999357
1195 -2.589999999999936
1196 -2.7099999999999334
1197 -2.6949999999999346
1198 -2.724999999999933
1199 -2.6349999999999363
1200 1.6100000000001229
1201 -2.5999999999999357
1202 -0.09999999999991557
1203 -2.579999999999936
1204 -3.3399999999999332
1205 -0.15999999999991563
1206 -2.5949999999999362
1207 -2.634999999999936
1208 -0.8899999999999231
1209 -0.20999999999991678
1210 4.834999999999811
1211 -2.6449999999999347
1212 -2.6649999999999343
1213 -2.629999999999935
1214 -2.5699999999999363
1215 -2.6599999999999344
1216 -0.15999999999991563
1217 -0.31499999999991707
1218 -0.07999999999991556
1219 -3.0999999999999317
1220 -2.589999999999936
1221 -2.7299999999999343
1222 -2.639999999999935
1223 -2.579999999999936
1224 -2.5599999999999365
1225 -2.629999999999935
1226 -0.2399999999999157
1227 -0.10999999999991558
1228 -2.529999999999937
1229 -0.10999999999991558
1230 -2.6349999999999354
1231 -2.5749999999999362
1232 -2.579999999999936
1233 -0.11499999999991559
1234 -2.6549999999999345
1235 -2.6899999999999338
1236 -2.679999999999934
1237 -2.5999999999999357
1238 -2.594999999999936
1239 -2.614999999999936
1240 -0.11999999999991559
1241 2.3550000000001097
1242 -3.1399999999999317
1243 -2.579999999999936
1244 -2.884999999999933
1245 -0.16499999999991563
1246 2.3750000000001092
1247 -2.6199999999999353
1248 -0.3449999999999173
1249 -2.5549999999999367
1250 -0.08999999999991556
1251 -2.629999999999935
1252 -2.704999999999934
1253 -2.5749999999999367
1254 -2.5499999999999368
1255 -2.6699999999999346
1256 -2.6099999999999355
1257 -2.6099999999999355
1258 -0.9699999999999228
1259 -2.6649999999999343
1260 -0.17499999999991653
1261 -2.669999999999935
1262 2.380000000000109
1263 -2.704999999999934
1264 -0.1899999999999161
1265 2.2600000000001117
1266 -2.629999999999935
1267 -2.5999999999999357
1268 -2.674999999999934
1269 -2.6199999999999353
1270 4.859999999999814
1271 -2.794999999999934
1272 -0.2149999999999159
1273 -0.20499999999991567
1274 -2.714999999999935
1275 4.959999999999758
1276 -2.6499999999999346
1277 -2.594999999999936
1278 -2.7149999999999346
1279 2.3550000000001097
1280 -3.4549999999999303
1281 -2.6499999999999346
1282 -2.6099999999999355
1283 -2.584999999999936
1284 -2.589999999999936
1285 -2.789999999999935
1286 -2.634999999999935
1287 -2.6549999999999345
1288 -2.6499999999999346
1289 -2.634999999999935
1290 -0.08999999999991556
1291 -2.5749999999999362
1292 -0.10499999999991558
1293 -2.594999999999936
1294 -2.5549999999999367
1295 -0.13499999999991583
1296 -2.634999999999935
1297 -0.039999999999915554
1298 -3.1699999999999333
1299 -2.7549999999999324
1300 -0.1249999999999156
1301 -0.20499999999991653
1302 -2.5749999999999362
1303 -2.759999999999935
1304 -2.5549999999999367
1305 -0.059999999999915545
1306 -2.6149999999999354
1307 -2.779999999999933
1308 -2.6199999999999353
1309 -2.624999999999935
1310 -2.724999999999933
1311 -2.6449999999999356
1312 -2.8499999999999335
1313 -2.539999999999937
1314 -0.1299999999999156
1315 -2.534999999999937
1316 -2.649999999999935
1317 -2.634999999999935
1318 -2.639999999999935
1319 -2.824999999999935
1320 -2.789999999999935
1321 -0.0999999999999158
1322 -2.604999999999936
1323 -2.584999999999936
1324 -2.494999999999938
1325 -2.6749999999999354
1326 -0.08499999999991556
1327 -2.634999999999935
1328 -3.419999999999929
1329 -2.6099999999999355
1330 -0.8249999999999219
1331 -2.594999999999936
1332 -2.6249999999999356
1333 -2.639999999999935
1334 -2.5749999999999362
1335 -0.08499999999991556
1336 -2.8099999999999357
1337 -2.7449999999999335
1338 -0.07499999999991622
1339 -2.594999999999936
1340 -2.6149999999999354
1341 -2.579999999999936
1342 -2.5649999999999364
1343 -2.649999999999937
1344 -0.08999999999991556
1345 -0.17499999999991608
1346 -0.14999999999991562
1347 -2.6449999999999347
1348 -2.6449999999999347
1349 -2.7699999999999334
1350 -2.7299999999999334
1351 -2.6899999999999338
1352 -2.624999999999935
1353 -0.1099999999999158
1354 -2.5649999999999364
1355 -0.41499999999991805
1356 -2.714999999999935
1357 -0.17999999999991564
1358 -3.0849999999999347
1359 -2.6549999999999345
1360 -0.11999999999991559
1361 -2.594999999999936
1362 -2.6049999999999356
1363 -2.6549999999999345
1364 -0.1249999999999156
1365 -2.534999999999937
1366 -0.15999999999991585
1367 -2.6099999999999355
1368 -0.6349999999999208
1369 -2.654999999999936
1370 2.3100000000001106
1371 -2.579999999999936
1372 -0.16499999999991563
1373 -2.579999999999936
1374 -3.34499999999993
1375 -2.6149999999999354
1376 -2.679999999999935
1377 -0.16999999999991586
1378 -2.584999999999936
1379 -0.08999999999991556
1380 -3.5249999999999306
1381 -2.7799999999999327
1382 -0.08499999999991556
1383 1.4800000000001257
1384 -2.6499999999999346
1385 -2.6099999999999355
1386 -0.15999999999991563
1387 -2.6299999999999355
1388 -2.544999999999937
1389 -0.059999999999915545
1390 -2.629999999999935
1391 -2.6199999999999353
1392 -2.584999999999936
1393 -2.6099999999999355
1394 -2.5349999999999375
1395 -2.7099999999999334
1396 -0.15499999999991562
1397 -2.624999999999935
1398 -2.6149999999999354
1399 -0.05499999999991555
1400 -2.6099999999999355
1401 -2.594999999999936
1402 -2.5749999999999362
1403 -2.6899999999999338
1404 -2.6049999999999356
1405 -2.659999999999935
1406 4.804999999999797
1407 -2.5649999999999364
1408 -2.579999999999936
1409 -2.6199999999999353
1410 -0.10499999999991558
1411 -2.5649999999999364
1412 -2.6099999999999355
1413 -2.699999999999935
1414 -2.6249999999999356
1415 -2.6599999999999344
1416 -2.7499999999999343
1417 -2.5499999999999368
1418 -2.6499999999999346
1419 -0.03499999999991556
1420 -2.669999999999934
1421 -0.09499999999991557
1422 -3.0649999999999324
1423 -2.534999999999937
1424 -2.604999999999936
1425 -2.6449999999999347
1426 -2.594999999999936
1427 -2.6099999999999355
1428 -2.5449999999999373
1429 -2.5649999999999364
1430 -2.544999999999937
1431 -2.624999999999935
1432 -2.669999999999934
1433 -2.929999999999934
1434 -0.1349999999999156
1435 -2.6049999999999356
1436 -2.844999999999934
1437 -2.6499999999999346
1438 -2.729999999999935
1439 -2.6099999999999355
1440 2.435000000000108
1441 -2.584999999999936
1442 -2.6449999999999347
1443 -3.1999999999999305
1444 -2.589999999999936
1445 2.33000000000011
1446 -3.309999999999931
1447 -2.754999999999934
1448 -2.8299999999999335
1449 -2.6649999999999343
1450 -0.1899999999999161
1451 2.430000000000108
1452 -2.709999999999934
1453 -0.02999999999991556
1454 -2.5649999999999364
1455 -2.6449999999999347
1456 -0.09499999999991557
1457 -2.6899999999999338
1458 -2.734999999999934
1459 -2.6399999999999353
1460 -2.5799999999999366
1461 -0.22499999999991568
1462 -3.439999999999929
1463 -0.15499999999991562
1464 -3.1199999999999313
1465 -2.534999999999937
1466 -0.2449999999999159
1467 -2.544999999999937
1468 -2.7149999999999355
1469 -2.634999999999935
1470 2.33500000000011
1471 -0.15999999999991585
1472 -2.579999999999936
1473 -0.11499999999991559
1474 -2.499999999999938
1475 -2.544999999999937
1476 -2.594999999999936
1477 -2.839999999999934
1478 -2.639999999999935
1479 -0.08999999999991556
1480 -2.639999999999935
1481 -3.3499999999999304
1482 -2.6599999999999344
1483 -2.594999999999936
1484 -0.08999999999991556
1485 -2.6099999999999355
1486 -2.6099999999999355
1487 -0.20999999999991656
1488 -0.06999999999991555
1489 -2.5699999999999363
1490 -2.594999999999936
1491 -0.11499999999991581
1492 -2.529999999999937
1493 -0.07999999999991556
1494 -0.04499999999991555
1495 2.34000000000011
1496 -2.529999999999937
1497 -3.059999999999931
1498 -2.6199999999999357
1499 -0.07999999999991556
1500 -0.09499999999991557
1501 2.3550000000001097
1502 -0.1049999999999158
1503 2.3100000000001106
1504 2.4050000000001086
1505 -0.1299999999999156
1506 2.34500000000011
1507 -3.344999999999932
1508 -2.594999999999936
1509 -2.6649999999999343
1510 -0.6449999999999186
1511 -2.7899999999999343
1512 -2.539999999999937
1513 -0.08499999999991556
1514 -2.679999999999934
1515 -0.16999999999991564
1516 -2.629999999999935
1517 -2.629999999999935
1518 -2.544999999999937
1519 -2.5599999999999365
1520 -2.679999999999934
1521 -2.86999999999993
1522 -2.639999999999935
1523 2.33500000000011
1524 -2.6299999999999355
1525 4.944999999999764
1526 -3.0349999999999264
1527 -2.7799999999999327
1528 -2.5999999999999357
1529 -0.1299999999999156
1530 -2.639999999999935
1531 -0.0999999999999158
1532 -2.629999999999935
1533 -2.669999999999934
1534 -0.10499999999991558
1535 -0.20999999999991567
1536 2.435000000000108
1537 -2.594999999999936
1538 -0.16999999999991564
1539 -0.9699999999999227
1540 -0.1299999999999156
1541 -0.13499999999991583
1542 -0.13499999999991605
1543 2.385000000000109
1544 -2.5499999999999368
1545 -3.0449999999999324
1546 -2.594999999999936
1547 -2.5549999999999367
1548 -2.584999999999936
1549 -2.5749999999999362
1550 -2.7749999999999324
1551 -0.10999999999991558
1552 -2.5599999999999365
1553 -2.6499999999999346
1554 -2.7649999999999326
1555 -2.604999999999936
1556 -2.6949999999999337
1557 2.290000000000111
1558 -2.599999999999936
1559 -0.22999999999991613
1560 -0.03999999999991578
1561 -0.26499999999991614
1562 -3.2849999999999313
1563 2.34000000000011
1564 -2.764999999999933
1565 -3.2099999999999325
1566 -0.32999999999991664
1567 -2.5749999999999362
1568 -2.6699999999999346
1569 -2.589999999999936
1570 -0.10999999999991558
1571 2.3100000000001106
1572 -0.17999999999991564
1573 -2.994999999999933
1574 -0.8949999999999215
1575 -0.19999999999991674
1576 -2.629999999999935
1577 -2.5649999999999364
1578 4.844999999999796
1579 -2.594999999999936
1580 -0.12499999999991603
1581 -2.6149999999999354
1582 -0.2649999999999159
1583 -2.5549999999999367
1584 -0.1299999999999156
1585 -2.754999999999934
1586 -2.7549999999999324
1587 -0.02499999999991556
1588 -0.11999999999991559
1589 -0.2449999999999168
1590 -2.5199999999999374
1591 -2.6049999999999356
1592 -2.6349999999999354
1593 -2.539999999999937
1594 -2.589999999999936
1595 -2.594999999999936
1596 -2.6549999999999345
1597 -0.14999999999991562
1598 -0.8749999999999208
1599 -2.649999999999936
1600 -2.5749999999999362
1601 -2.5699999999999363
1602 -0.04499999999991555
1603 -2.5549999999999367
1604 -2.5499999999999368
1605 -2.7149999999999332
1606 -2.579999999999936
1607 -2.8049999999999327
1608 -2.6099999999999355
1609 -0.17499999999991564
1610 -0.19499999999991588
1611 -2.6199999999999353
1612 -0.1299999999999156
1613 -2.7299999999999334
1614 -2.7099999999999334
1615 -0.18499999999991565
1616 -2.9499999999999336
1617 -0.3699999999999198
1618 -0.06999999999991555
1619 -2.6649999999999343
1620 -0.12999999999991602
1621 -2.859999999999935
1622 2.4500000000001076
1623 -0.15499999999991562
1624 4.234999999999882
1625 -2.669999999999934
1626 -0.13999999999991583
1627 -0.09499999999991557
1628 -2.7649999999999344
1629 -0.18999999999991565
1630 -0.21999999999991568
1631 -2.624999999999935
1632 -0.11499999999991559
1633 -0.05499999999991555
1634 -2.6049999999999356
1635 -2.629999999999935
1636 -2.634999999999935
1637 -3.0899999999999324
1638 4.824999999999804
1639 -2.434999999999939
1640 -2.899999999999932
1641 -0.15999999999991585
1642 -2.7399999999999354
1643 -2.8249999999999336
1644 -2.589999999999936
1645 -0.2249999999999159
1646 -0.1899999999999161
1647 -2.5999999999999357
1648 -0.2349999999999157
1649 -2.669999999999934
1650 -2.5249999999999373
1651 -2.654999999999935
1652 2.4550000000001075
1653 6.804999999999513
1654 -2.584999999999936
1655 -2.6199999999999353
1656 -2.6049999999999356
1657 -2.5699999999999363
1658 -2.5699999999999363
1659 -3.0849999999999316
1660 2.250000000000112
1661 -2.5549999999999367
1662 -0.10499999999991558
1663 -2.6149999999999354
1664 -0.1049999999999158
1665 -2.6599999999999344
1666 -2.6149999999999354
1667 -0.1449999999999156
1668 -2.679999999999934
1669 -3.4149999999999294
1670 -0.09999999999991557
1671 -2.594999999999936
1672 -0.11999999999991559
1673 -2.5699999999999363
1674 -0.05499999999991555
1675 -2.634999999999935
1676 -0.1399999999999156
1677 -0.16999999999991564
1678 -2.629999999999935
1679 -0.09499999999991557
1680 -3.079999999999933
1681 -2.624999999999935
1682 -2.8649999999999327
1683 -0.09499999999991557
1684 -2.624999999999935
1685 -3.049999999999933
1686 -2.724999999999934
1687 2.100000000000115
1688 -0.09999999999991557
1689 -0.11999999999991559
1690 -2.5599999999999365
1691 -2.6649999999999343
1692 -2.6049999999999356
1693 -2.634999999999935
1694 -2.5749999999999362
1695 -2.6049999999999356
1696 2.390000000000109
1697 -3.1599999999999318
1698 -0.4099999999999196
1699 -2.634999999999935
1700 -0.11499999999991559
1701 2.3700000000001094
1702 -2.509999999999938
1703 -0.10499999999991558
1704 -2.6049999999999356
1705 -0.10499999999991558
1706 -2.539999999999937
1707 -0.2649999999999157
1708 -0.18499999999991565
1709 -2.634999999999935
1710 -2.7449999999999326
1711 -2.8299999999999335
1712 -2.544999999999937
1713 -0.07499999999991554
1714 -2.569999999999937
1715 -2.6599999999999344
1716 -2.7849999999999335
1717 -2.569999999999937
1718 2.295000000000111
1719 -0.06999999999991555
1720 -2.5999999999999357
1721 -2.604999999999936
1722 -0.09499999999991579
1723 -2.7149999999999337
1724 -0.09499999999991557
1725 -2.594999999999936
1726 -0.11999999999991559
1727 -2.634999999999935
1728 -0.11999999999991559
1729 -2.6999999999999336
1730 -2.669999999999934
1731 -2.6199999999999353
1732 -2.6049999999999356
1733 -2.579999999999936
1734 -2.5599999999999365
1735 1.9550000000001182
1736 -0.7149999999999204
1737 -2.5699999999999363
1738 -0.31499999999991574
1739 -2.719999999999933
1740 -0.11999999999991559
1741 -2.5649999999999364
1742 -2.6049999999999356
1743 -0.14999999999991584
1744 -2.6199999999999353
1745 -0.11999999999991559
1746 -0.4899999999999159
1747 -0.07499999999991577
1748 -0.11499999999991559
1749 -0.2349999999999157
1750 -0.23999999999991636
1751 -3.2199999999999314
1752 -3.2799999999999314
1753 2.34500000000011
1754 -2.639999999999935
1755 -2.6049999999999356
1756 -2.6049999999999356
1757 -2.6149999999999354
1758 -2.629999999999935
1759 -2.594999999999936
1760 -0.44499999999991585
1761 -0.05499999999991555
1762 -2.579999999999936
1763 -2.819999999999935
1764 -0.04999999999991555
1765 -2.5549999999999367
1766 -2.6099999999999355
1767 -2.534999999999937
1768 -2.5549999999999367
1769 -0.14999999999991562
1770 -0.06499999999991554
1771 -0.07499999999991555
1772 -2.669999999999934
1773 -0.10499999999991558
1774 -2.629999999999935
1775 -2.6349999999999354
1776 -2.719999999999934
1777 -2.6649999999999343
1778 -2.669999999999934
1779 -2.704999999999935
1780 -2.6449999999999347
1781 -2.604999999999936
1782 -2.5649999999999364
1783 2.395000000000109
1784 -2.6199999999999353
1785 -2.7299999999999334
1786 -2.6849999999999357
1787 -3.019999999999931
1788 -2.6749999999999345
1789 -2.579999999999936
1790 -2.624999999999935
1791 -2.6549999999999345
1792 -2.6049999999999356
1793 -3.059999999999934
1794 -2.5699999999999363
1795 -0.13499999999991583
1796 -2.634999999999935
1797 -0.2349999999999157
1798 -2.7699999999999347
1799 2.34500000000011
1800 -2.5499999999999368
1801 -0.2399999999999157
1802 -2.6099999999999355
1803 -3.34499999999993
1804 -2.624999999999935
1805 -2.9049999999999323
1806 -2.614999999999936
1807 -0.21499999999991612
1808 -2.589999999999936
1809 -2.6199999999999357
1810 2.380000000000109
1811 -0.20999999999991611
1812 2.245000000000112
1813 2.2650000000001116
1814 -2.6099999999999355
1815 4.8749999999997815
1816 -0.07499999999991555
1817 -2.539999999999937
1818 -0.1249999999999156
1819 -2.679999999999934
1820 -2.6499999999999346
1821 -0.7649999999999199
1822 -2.584999999999936
1823 -0.09999999999991602
1824 -2.7999999999999345
1825 -2.6149999999999354
1826 -0.15499999999991562
1827 -3.27499999999993
1828 -0.389999999999919
1829 -0.16499999999991563
1830 -2.634999999999935
1831 2.4450000000001078
1832 -2.6649999999999343
1833 -2.5599999999999365
1834 -2.5549999999999367
1835 -2.7549999999999324
1836 -0.06999999999991555
1837 -2.6199999999999366
1838 -0.10499999999991558
1839 -2.629999999999935
1840 -2.544999999999937
1841 -0.16999999999991564
1842 -2.6599999999999344
1843 -2.594999999999936
1844 -2.734999999999935
1845 -0.08499999999991556
1846 -0.15999999999991563
1847 -2.6099999999999355
1848 -0.07999999999991556
1849 -0.06999999999991555
1850 -2.804999999999934
1851 7.43499999999934
1852 2.3600000000001096
1853 -2.6199999999999353
1854 -0.15499999999991562
1855 -0.1449999999999156
1856 -2.669999999999934
1857 -2.6049999999999356
1858 -2.634999999999935
1859 -0.07999999999991556
1860 -0.19999999999991566
1861 -2.5599999999999365
1862 -0.14999999999991562
1863 -2.634999999999935
1864 -2.5349999999999375
1865 -2.669999999999934
1866 -3.2049999999999295
1867 2.3750000000001092
1868 -2.669999999999935
1869 -0.09499999999991557
1870 -2.5699999999999363
1871 -2.6049999999999356
1872 -3.174999999999932
1873 -0.14999999999991562
1874 -2.584999999999936
1875 -2.594999999999936
1876 -2.5049999999999377
1877 -2.6149999999999354
1878 -3.274999999999932
1879 -2.6299999999999355
1880 -2.6399999999999357
1881 -0.06499999999991554
1882 -2.884999999999932
1883 -0.10999999999991558
1884 -0.4549999999999201
1885 -0.11999999999991559
1886 -0.1299999999999156
1887 -2.9849999999999346
1888 -2.639999999999935
1889 -2.629999999999935
1890 -2.6199999999999353
1891 -0.24999999999991637
1892 -0.10499999999991558
1893 -0.05999999999991577
1894 -2.6649999999999343
1895 -2.499999999999938
1896 -0.16499999999991563
1897 -2.6449999999999347
1898 -2.6649999999999348
1899 -2.629999999999935
1900 -2.5649999999999364
1901 -2.624999999999935
1902 -2.6499999999999346
1903 -2.624999999999935
1904 -0.12499999999991583
1905 -2.669999999999934
1906 -2.5699999999999363
1907 -2.599999999999936
1908 -2.624999999999935
1909 -2.6149999999999354
1910 -2.6499999999999346
1911 -2.724999999999933
1912 -2.8249999999999336
1913 -2.6049999999999356
1914 -0.19999999999991566
1915 2.33500000000011
1916 -2.6899999999999338
1917 -2.669999999999934
1918 -2.6499999999999355
1919 -2.769999999999935
1920 -2.544999999999937
1921 -2.584999999999936
1922 -0.2099999999999159
1923 -2.5199999999999374
1924 -0.16999999999991564
1925 -2.744999999999935
1926 -2.7149999999999332
1927 -3.6449999999999285
1928 -0.07999999999991556
1929 -0.09499999999991557
1930 -2.634999999999935
1931 -2.579999999999936
1932 -2.619999999999936
1933 -2.6149999999999354
1934 -2.7049999999999335
1935 -2.559999999999937
1936 -2.5999999999999357
1937 -2.539999999999937
1938 -2.5499999999999368
1939 -2.594999999999936
1940 -2.649999999999935
1941 -2.584999999999936
1942 -2.6099999999999355
1943 -2.6599999999999344
1944 -0.1349999999999156
1945 -2.694999999999934
1946 -2.6349999999999354
1947 -2.6099999999999355
1948 -2.584999999999936
1949 -2.6099999999999355
1950 -2.7149999999999355
1951 -2.594999999999936
1952 -2.6399999999999353
1953 -2.614999999999936
1954 2.4200000000001083
1955 -2.6149999999999354
1956 -2.584999999999936
1957 -2.5699999999999363
1958 -3.1649999999999316
1959 -2.5499999999999368
1960 -2.669999999999934
1961 -2.584999999999936
1962 -0.209999999999917
1963 -2.8049999999999344
1964 -3.054999999999933
1965 -2.5699999999999363
1966 -2.5099999999999376
1967 -3.044999999999933
1968 -2.7449999999999344
1969 -2.6199999999999353
1970 -2.624999999999935
1971 -2.6999999999999336
1972 -0.15999999999991563
1973 -0.2299999999999157
1974 -2.7299999999999347
1975 -2.544999999999937
1976 -2.629999999999935
1977 -2.6149999999999354
1978 -2.6449999999999347
1979 -2.9499999999999287
1980 -2.5449999999999373
1981 -0.16499999999991563
1982 -2.6949999999999337
1983 -2.6199999999999353
1984 -2.5699999999999363
1985 -2.6149999999999354
1986 -2.5499999999999368
1987 2.395000000000109
1988 -2.629999999999936
1989 -0.11999999999991581
1990 -0.11999999999991559
1991 -2.639999999999935
1992 -2.579999999999936
1993 -2.584999999999936
1994 4.944999999999766
1995 -2.544999999999937
1996 -2.9899999999999274
1997 -0.15999999999991563
1998 -2.594999999999936
1999 -2.684999999999934
5113.798683643341
