0 -7.73
1 -7.73
2 -7.69
3 -7.70
4 -7.78
5 -7.70
6 -7.70
7 -7.72
8 -7.68
9 -7.62
10 -7.64
11 -7.81
12 -7.81
13 -7.64
14 -7.69
15 -7.76
16 -7.70
17 -7.63
18 -7.63
19 -7.67
20 -7.54
21 -7.72
22 -7.66
23 -7.69
24 -7.67
25 -7.73
26 -7.53
27 -7.69
28 -5.23
29 -7.58
30 -7.68
31 -7.74
32 -7.69
33 -7.62
34 -7.62
35 -7.57
36 -7.70
37 -7.58
38 -7.63
39 -7.63
40 -7.74
41 -7.62
42 -7.70
43 -7.59
44 -7.64
45 -7.63
46 -7.75
47 -7.72
48 -7.60
49 -7.63
50 -7.74
51 -7.84
52 -7.71
53 -7.81
54 -7.66
55 -7.78
56 -7.55
57 -7.60
58 -7.72
59 -7.74
60 -7.49
61 -7.66
62 -7.72
63 -7.64
64 -7.60
65 -7.79
66 -7.63
67 -7.49
68 -7.70
69 -7.63
70 -7.60
71 -5.09
72 -7.66
73 -7.60
74 -2.62
75 -7.73
76 -7.75
77 -5.03
78 -7.63
79 -7.66
80 -7.55
81 -7.59
82 -7.66
83 -7.71
84 -7.62
85 -7.73
86 -7.55
87 -7.74
88 -7.69
89 -7.75
90 -7.79
91 -7.80
92 -7.63
93 -7.67
94 -7.66
95 -7.68
96 -7.83
97 -7.72
98 -7.75
99 -7.60
100 -7.76
101 -7.53
102 -7.72
103 -7.62
104 -7.72
105 -5.12
106 -5.18
107 -7.49
108 -7.74
109 -5.22
110 -7.77
111 -7.64
112 -7.67
113 -7.69
114 -7.78
115 -7.67
116 -7.55
117 -7.62
118 -7.70
119 -7.66
120 -7.70
121 -7.65
122 -7.75
123 -7.66
124 -7.72
125 -7.79
126 -7.62
127 -7.74
128 -7.78
129 -5.13
130 -7.60
131 -7.62
132 -7.80
133 -7.53
134 -5.24
135 -7.77
136 -7.65
137 -7.61
138 -7.67
139 -7.79
140 -7.59
141 -7.72
142 -7.78
143 -7.54
144 -7.78
145 -7.65
146 -7.69
147 -7.60
148 -7.70
149 -7.62
150 -7.56
151 -7.75
152 -7.73
153 -7.56
154 -7.74
155 -7.65
156 -5.19
157 -7.61
158 -7.64
159 -7.66
160 -7.82
161 -7.80
162 -7.78
163 -7.56
164 -7.70
165 -5.27
166 -7.78
167 -4.83
168 -7.61
169 -7.71
170 -7.57
171 -7.70
172 -7.53
173 -7.61
174 -7.67
175 -7.60
176 -7.69
177 -7.70
178 -7.74
179 -7.68
180 -5.21
181 -7.59
182 -7.83
183 -7.72
184 -5.18
185 -7.65
186 -7.62
187 -7.71
188 -7.76
189 -7.77
190 -5.01
191 -7.61
192 -7.68
193 -7.78
194 -7.63
195 -7.51
196 -7.80
197 -7.62
198 -7.65
199 -7.84
200 -7.53
201 -7.54
202 -7.47
203 -7.77
204 -7.74
205 -7.70
206 -7.65
207 -7.62
208 -7.75
209 -7.66
210 -7.64
211 -5.12
212 -7.75
213 -7.66
214 -7.72
215 -7.64
216 -7.60
217 -7.63
218 -7.73
219 -7.46
220 -7.73
221 -7.64
222 -7.73
223 -7.69
224 -7.69
225 -7.79
226 -7.71
227 -7.65
228 -7.45
229 -7.53
230 -7.67
231 -7.60
232 -7.63
233 -7.71
234 -7.65
235 -7.72
236 -5.24
237 -7.72
238 -7.74
239 -7.71
240 -7.62
241 -7.55
242 -7.60
243 -7.82
244 -7.85
245 -7.71
246 -7.76
247 -7.68
248 -7.82
249 -7.67
250 -7.78
251 -7.77
252 -7.67
253 -5.26
254 -7.70
255 -7.70
256 -7.58
257 -7.68
258 -7.65
259 -7.70
260 -7.63
261 -7.68
262 -7.65
263 -7.69
264 -7.53
265 -7.64
266 -7.78
267 -7.61
268 -7.79
269 -7.59
270 -7.67
271 -7.56
272 -7.65
273 -7.79
274 -7.57
275 -7.68
276 -5.07
277 -7.54
278 -7.64
279 -7.73
280 -7.70
281 -7.79
282 -7.59
283 -7.69
284 -7.74
285 -7.78
286 -7.69
287 -7.76
288 -7.57
289 -7.59
290 -7.72
291 -7.66
292 -7.57
293 -7.61
294 -7.62
295 -7.83
296 -7.78
297 -7.68
298 -7.63
299 -7.60
300 -7.72
301 -7.75
302 -7.67
303 -7.61
304 -7.54
305 -7.52
306 -5.17
307 -7.76
308 -7.65
309 -7.76
310 -7.55
311 -7.72
312 -7.56
313 -7.64
314 -7.65
315 -7.75
316 -7.60
317 -7.58
318 -7.68
319 -7.69
320 -7.54
321 -7.55
322 -7.48
323 -7.78
324 -7.64
325 -7.56
326 -7.57
327 -7.67
328 -7.74
329 -7.66
330 -7.52
331 -7.58
332 -7.75
333 -7.67
334 -7.72
335 -7.67
336 -7.66
337 -7.55
338 -7.65
339 -7.65
340 -7.60
341 -7.87
342 -0.10
343 -7.67
344 -7.65
345 -7.67
346 -7.79
347 -5.12
348 -5.06
349 -7.65
350 -7.63
351 -7.75
352 -7.62
353 -7.66
354 -7.79
355 -7.48
356 -7.62
357 -7.37
358 -7.85
359 -7.69
360 -7.62
361 -7.76
362 -7.70
363 -7.56
364 -7.56
365 -7.62
366 -7.70
367 -7.67
368 -5.22
369 -5.17
370 -7.68
371 -7.82
372 -7.59
373 -7.71
374 -7.57
375 -7.57
376 -7.58
377 -7.64
378 -7.84
379 -7.55
380 -7.74
381 -7.70
382 -7.68
383 -7.73
384 -7.45
385 -7.66
386 -7.66
387 -7.64
388 -7.75
389 -7.55
390 -7.78
391 -7.81
392 -7.65
393 -7.72
394 -7.74
395 -7.59
396 -7.72
397 -7.52
398 -7.77
399 -7.73
400 -7.66
401 -7.49
402 -7.70
403 -7.80
404 -5.20
405 -7.83
406 -7.82
407 -7.82
408 -7.68
409 -7.73
410 -7.53
411 -5.14
412 -7.67
413 -7.72
414 -7.59
415 -7.82
416 -7.60
417 -7.57
418 -7.67
419 -7.73
420 -2.67
421 -5.18
422 -7.52
423 -7.81
424 -7.73
425 -7.65
426 -7.53
427 -7.61
428 -7.71
429 -7.64
430 -7.68
431 -7.81
432 -7.64
433 -7.76
434 -7.76
435 -7.53
436 -7.63
437 -7.64
438 -7.76
439 -7.70
440 -7.52
441 -7.57
442 -7.70
443 -7.66
444 -7.74
445 -7.61
446 -7.69
447 -7.66
448 -7.57
449 -7.91
450 -7.67
451 -7.58
452 -7.61
453 -7.55
454 -7.58
455 -7.70
456 -7.76
457 -7.62
458 -7.75
459 -7.67
460 -7.66
461 -7.82
462 -7.69
463 -7.70
464 -7.56
465 -7.77
466 -5.15
467 -7.68
468 -7.66
469 -7.68
470 -7.71
471 -7.46
472 -5.25
473 -7.66
474 -7.68
475 -7.63
476 -7.73
477 -7.69
478 -7.83
479 -7.76
480 -7.67
481 -7.65
482 -7.75
483 -7.80
484 -7.65
485 -7.64
486 -7.81
487 -7.76
488 -7.64
489 -7.68
490 -7.71
491 -7.73
492 -7.68
493 -7.92
494 -7.75
495 -7.72
496 -7.53
497 -7.72
498 -7.60
499 -7.72
500 -5.26
501 -7.68
502 -7.63
503 -7.71
504 -7.64
505 -7.73
506 -7.61
507 -7.76
508 -7.73
509 -7.69
510 -2.60
511 -5.22
512 -5.04
513 -7.57
514 -7.67
515 -7.74
516 -2.73
517 -7.62
518 -7.64
519 -7.55
520 -7.58
521 -7.87
522 -7.82
523 -7.75
524 -7.64
525 -7.70
526 -7.58
527 -7.67
528 -7.76
529 -7.67
530 -7.64
531 -5.21
532 -7.65
533 -7.65
534 -7.82
535 -7.49
536 -7.71
537 -7.62
538 -7.60
539 -7.60
540 -7.78
541 -7.70
542 -7.67
543 -7.61
544 -7.72
545 -7.70
546 -7.51
547 -7.60
548 -7.78
549 -7.57
550 -7.62
551 -7.65
552 -7.69
553 -7.60
554 -7.58
555 -7.79
556 -7.64
557 -2.68
558 -7.75
559 -7.66
560 -7.66
561 -7.67
562 -7.75
563 -7.77
564 -7.62
565 -7.66
566 -7.58
567 -7.61
568 -7.66
569 -7.53
570 -7.65
571 -7.71
572 -7.73
573 -7.51
574 -7.62
575 -7.68
576 -7.66
577 -7.67
578 -7.50
579 -7.69
580 -7.57
581 -7.73
582 -7.68
583 -7.66
584 -7.63
585 -7.63
586 -7.92
587 -5.20
588 -7.64
589 -7.61
590 -7.49
591 -7.62
592 -7.82
593 -7.65
594 -7.68
595 -5.02
596 -7.63
597 -7.66
598 -7.54
599 -7.70
600 -7.74
601 -7.54
602 -7.68
603 -7.82
604 -7.63
605 -7.73
606 -7.64
607 -7.64
608 -5.19
609 -7.84
610 -7.73
611 -7.80
612 -7.63
613 -7.75
614 -7.58
615 -7.74
616 -7.71
617 -7.72
618 -7.68
619 -7.76
620 -7.79
621 -7.64
622 -7.67
623 -7.65
624 -5.16
625 -7.80
626 -7.49
627 -7.74
628 -7.79
629 -7.64
630 -7.76
631 -5.26
632 -7.88
633 -7.64
634 -5.12
635 -7.52
636 -7.70
637 -7.62
638 -7.50
639 -7.75
640 -7.62
641 -0.03
642 -7.64
643 -7.86
644 -7.75
645 -7.54
646 -7.73
647 -5.21
648 -7.67
649 -7.79
650 -7.72
651 -7.72
652 -7.74
653 -7.51
654 -7.64
655 -7.58
656 -7.68
657 -7.66
658 -7.75
659 -7.52
660 -7.62
661 -5.24
662 -7.63
663 -7.70
664 -7.69
665 -7.53
666 -7.64
667 -7.67
668 -7.66
669 -7.73
670 -7.66
671 -7.60
672 -7.57
673 -7.64
674 -5.12
675 -7.70
676 -7.61
677 -7.63
678 -7.57
679 -5.29
680 -7.63
681 -7.72
682 -7.69
683 -7.63
684 -7.57
685 -7.64
686 -7.65
687 -7.51
688 -7.59
689 -7.76
690 -7.77
691 -7.54
692 -7.59
693 -7.79
694 -7.63
695 -7.63
696 -7.68
697 -7.59
698 -7.73
699 -7.63
700 -7.65
701 -7.72
702 -7.59
703 -7.54
704 -7.55
705 -7.70
706 -7.66
707 -7.84
708 -7.67
709 -7.57
710 -7.75
711 -7.64
712 -7.74
713 -7.78
714 -7.63
715 -7.73
716 -7.60
717 -7.84
718 -7.80
719 -7.75
720 -7.77
721 -7.65
722 -7.78
723 -7.69
724 -7.72
725 -7.74
726 -7.75
727 -7.53
728 -5.19
729 -7.71
730 -7.71
731 -7.74
732 -7.63
733 -7.70
734 -7.61
735 -7.62
736 -7.72
737 -7.67
738 -7.72
739 -7.62
740 -5.06
741 -7.56
742 -7.66
743 -7.71
744 -7.66
745 -7.67
746 -7.58
747 -7.55
748 -7.70
749 -7.75
750 -5.20
751 -7.65
752 -7.66
753 -7.64
754 -7.57
755 -7.71
756 -7.85
757 -7.66
758 -7.66
759 -7.67
760 -7.70
761 -7.48
762 -7.83
763 -7.56
764 -7.74
765 -5.08
766 -5.20
767 -7.70
768 -5.27
769 -7.54
770 -7.66
771 -7.69
772 -7.75
773 -7.83
774 -7.67
775 -7.59
776 -7.72
777 -7.73
778 -5.10
779 -7.64
780 -7.62
781 -7.68
782 -7.72
783 -7.78
784 -7.54
785 -7.61
786 -7.56
787 -5.19
788 -7.63
789 -7.62
790 -7.60
791 -7.57
792 -7.56
793 -7.58
794 -7.47
795 -7.61
796 -7.68
797 -7.74
798 -7.79
799 -5.05
800 -7.74
801 -7.65
802 -7.71
803 -5.04
804 -7.65
805 -7.70
806 -7.67
807 -7.82
808 -7.66
809 -7.73
810 -7.65
811 -7.63
812 -7.72
813 -7.63
814 -7.79
815 -7.62
816 -5.10
817 -7.75
818 -7.68
819 -7.75
820 -7.58
821 -7.59
822 -7.73
823 -7.75
824 -7.85
825 -7.81
826 -7.52
827 -7.74
828 -7.66
829 -7.65
830 -7.65
831 -7.73
832 -7.72
833 -7.61
834 -7.63
835 -7.53
836 -7.71
837 -7.69
838 -7.78
839 -7.60
840 -5.14
841 -5.15
842 -7.85
843 -5.24
844 -7.58
845 -7.82
846 -7.77
847 -7.72
848 -7.72
849 -7.66
850 -7.75
851 -7.75
852 -7.57
853 -5.10
854 -7.77
855 -7.66
856 -7.74
857 -7.59
858 -7.66
859 -7.70
860 -7.64
861 -5.11
862 -7.62
863 -7.74
864 -5.28
865 -7.77
866 -7.70
867 -5.05
868 -5.18
869 -7.64
870 -7.73
871 -7.56
872 -7.61
873 -7.57
874 -7.67
875 -7.60
876 -7.64
877 -7.73
878 -7.72
879 -7.67
880 -7.70
881 -7.56
882 -7.59
883 -7.97
884 -7.65
885 -7.66
886 -7.68
887 -5.11
888 -7.72
889 -7.62
890 -7.56
891 -7.75
892 -7.79
893 -5.17
894 -7.69
895 -7.64
896 -7.71
897 -5.17
898 -7.62
899 -7.59
900 -7.73
901 -7.71
902 -7.55
903 -7.76
904 -7.54
905 -7.69
906 -7.70
907 -7.77
908 -7.62
909 -7.75
910 -7.58
911 -7.61
912 -7.67
913 -7.80
914 -5.18
915 -7.63
916 -7.66
917 -7.66
918 -7.62
919 -7.64
920 -5.24
921 -7.66
922 -7.56
923 -7.83
924 -7.65
925 -7.68
926 -7.59
927 -7.66
928 -7.70
929 -7.69
930 -7.70
931 -7.65
932 -7.69
933 -7.66
934 -7.73
935 -7.77
936 -7.61
937 -7.68
938 -7.66
939 -7.66
940 -7.77
941 -7.71
942 -7.68
943 -7.65
944 -7.64
945 -7.70
946 -7.66
947 -7.68
948 -7.66
949 -7.69
950 -7.72
951 -7.64
952 -7.70
953 -7.70
954 -7.73
955 -7.59
956 -7.54
957 -5.13
958 -5.09
959 -7.71
960 -5.31
961 -7.69
962 -7.55
963 -7.59
964 -7.66
965 -7.64
966 -7.52
967 -7.74
968 -7.65
969 -7.67
970 -7.68
971 -7.66
972 -7.63
973 -7.56
974 -7.59
975 -7.64
976 -7.66
977 -5.11
978 -7.76
979 -7.62
980 -7.49
981 -7.80
982 -5.11
983 -7.60
984 -7.47
985 -7.57
986 -7.75
987 -7.74
988 -7.62
989 -7.69
990 -7.85
991 -7.84
992 -7.72
993 -7.73
994 -7.70
995 -7.64
996 -7.66
997 -7.66
998 -7.60
999 -5.12
1668.3171451091766
